-1.256400104974263687e+00
-1.814679472771727919e+00
-1.299054225155208631e+00
7.034048653561227882e-01
-9.296829239641268838e-01
-9.595786613907827944e-02
-1.856501135309396311e+00
-3.146969938557931390e-01
5.609809244767263170e-01
-2.213301847228154318e-01
-4.705133575388756317e-01
2.652429917150689875e-01
-5.341931909348108798e-01
-6.163811126995942802e-01
-6.086578153269259772e-01
-1.027861120929790317e+00
-4.970008158140649113e-01
1.304449874925980302e-01
7.520955360029281112e-01
-4.975896769022178923e-01
3.257853502130362428e-02
3.931052599308969969e-02
5.386052982326849925e-01
7.020742516012209444e-01
2.565349840777627621e-01
9.918812020040149169e-02
1.689954485545584584e+00
8.480887133738507222e-01
5.091258514899580367e-01
7.919183768981419291e-01
9.844692366597992406e-01
-6.691146124174576770e-02
1.803611469642188714e-01
-4.241639151684097331e-01
-2.787178490432965505e-01
1.323767629983481964e+00
-3.472680219836348225e-01
1.354619033979822529e+00
