-1.004348243717165579e+00
-1.457272246744824917e+00
-1.296859224905651642e+00
3.930324619944657871e-01
-1.126938657578757219e+00
4.190564746386717804e-02
-1.473270416896300006e+00
-2.761174779869932649e-01
-1.743166125992866300e-02
-7.061447064284262498e-02
-4.217691380754787223e-01
2.670643576336977076e-02
-5.597049660964570350e-01
-6.831875904483208917e-01
-7.541266637677909168e-01
-8.864380555488637903e-01
-1.023291013712445408e-01
4.701911093524309138e-01
5.981454081301951220e-01
-3.418758451736925719e-01
-4.428013159103956764e-01
-1.786070357122995222e-01
1.228941229220258113e-01
3.991393294247230217e-01
1.385848372195432887e-01
-8.175632862423191927e-02
1.137341073291255666e+00
4.074798999457748816e-01
5.323874528169677545e-01
4.384548266781825299e-01
5.664523685002084141e-01
-1.486527097946351572e-01
3.145604487572357111e-01
-6.416733998520348647e-01
-4.174436755645520303e-01
6.576709309418214966e-01
-4.400959994151735222e-01
6.358104623206655148e-01
