-9.295241454676483883e-01
-1.446640773223374810e+00
-1.105032966983318765e+00
6.707501938593003477e-01
-9.008617801044466189e-01
-7.183088080851268709e-02
-1.637111814529728537e+00
-3.576632795575271917e-01
3.545138941695441526e-01
-7.568800255932704724e-02
-3.678799989376847490e-01
1.892481703754520517e-01
-5.790325698643605801e-01
-5.272274715392757383e-01
-5.491023309301962252e-01
-7.953043077300064878e-01
-2.138146961507639277e-01
3.732504651859842038e-01
7.711754526495860906e-01
-2.727437164127468616e-01
-2.428055101262458493e-01
3.179575552865918087e-02
3.491962077830089717e-01
6.019347832010510935e-01
1.966263261341968382e-01
5.702249643378267535e-02
1.462847634113766615e+00
7.512726495980178720e-01
6.298959941762289905e-01
5.593047179509537115e-01
8.855527415163599869e-01
-5.937511792810398759e-02
2.007631726966255248e-01
-4.530588063679831801e-01
-1.506186735070776661e-01
1.033466982804254419e+00
-4.601188469852535157e-01
9.258645678096630860e-01
