-8.207500655097775821e-01
-1.345736088240113260e+00
-1.168051961330905053e+00
3.827316038893747163e-01
-9.639179621783992014e-01
2.032644530275079520e-01
-1.368044544974269749e+00
-3.009445732355255088e-02
2.222985484713551133e-02
3.122171222668282398e-01
-2.641903777972500200e-01
2.155675650793786036e-01
-5.420046217175814585e-01
-4.932970784715513535e-01
-6.250171403105673207e-01
-6.496674870642171751e-01
3.033586400395650307e-01
4.870676594633074896e-01
7.975511883361959820e-01
-3.228764169502449516e-02
-3.633044749602151180e-01
-2.040130966069986576e-02
3.325009974437053706e-01
4.926010655729806120e-01
2.320675974928024243e-01
1.488614549367383300e-01
1.550767868068354982e+00
6.491637264450483835e-01
8.833064112054692663e-01
6.711938048583343530e-01
8.468066126464498522e-01
7.464881873506715171e-02
5.726479986975379077e-01
-3.508495341178125559e-01
-3.077061938145712050e-01
7.894781794246350515e-01
-3.231178983711673336e-01
9.942781601425089155e-01
