-6.077330812738582777e-01
-1.016349905153462352e+00
-9.319697115405904952e-01
6.156956894657876767e-01
-7.486025012609722751e-01
5.308327085132096695e-02
-1.406995108530251004e+00
-3.687337306511117019e-01
2.897253088963381296e-01
1.594116368535894446e-02
-2.568264647324617345e-01
-4.550690936160936562e-02
-4.647235824949003669e-01
-4.892648152379435733e-01
-6.602500299246791826e-01
-5.077590966273159978e-01
-2.245104159964909918e-01
1.757133584541570592e-01
7.059045585123425726e-01
1.183968413819665166e-02
-5.408248005068392317e-01
1.269822560166933290e-01
-3.183635798225346175e-02
4.902850495426678279e-01
-6.175279745822546268e-02
-1.564223303446058144e-01
1.391944782199654229e+00
1.526750900744722472e-01
4.004980864268958274e-01
1.908847029657564365e-01
6.959686208028709187e-01
-1.152089232009410463e-01
1.216939308433944572e-01
-6.532842800664310223e-01
-3.028321269845546948e-01
7.928718898413995575e-01
-4.198145832346164563e-01
6.595284051648788726e-01
