-1.044752084929621461e+00
-1.697763472862825695e+00
-1.239356468380900633e+00
6.131724103848565921e-01
-8.980372170877056748e-01
-9.594475188175191627e-02
-1.853067602141406089e+00
-3.782907557757441142e-01
4.117880760791601813e-01
-1.657030557506474766e-01
-4.436920685536057674e-01
1.372956571495232703e-01
-5.433687951427074170e-01
-6.305752249052318792e-01
-5.888414717658415620e-01
-8.454442584216377288e-01
-4.400057309700315944e-01
1.515819825740936933e-01
7.070122111786171226e-01
-3.520711052146102138e-01
-1.917077205108756455e-01
2.894108577289922213e-02
2.635547197730999103e-01
6.116360275230904309e-01
9.634717151627199272e-02
-2.414222542770433008e-02
1.569707842751440596e+00
6.402811043474214703e-01
4.454647700543682420e-01
5.272735920508562213e-01
8.686419697608671608e-01
-1.099375147263523672e-01
3.439366372727244853e-02
-5.630873651341158359e-01
-2.978097286752182105e-01
1.123966423594497721e+00
-4.749542635467076668e-01
1.089090496045061141e+00
