-7.987176456906546207e-01
-1.076198319896291000e+00
-8.242927440579069787e-01
4.582119425063165830e-01
-5.749005157430516766e-01
-6.108111772474029977e-02
-1.048675810830388189e+00
-2.058329612861800884e-01
3.189870761092332141e-01
-1.391890738864516863e-01
-3.101779616370582970e-01
1.783711449569027052e-01
-3.571083003490730379e-01
-4.115087704788201184e-01
-3.729502557889089465e-01
-6.532775280944213003e-01
-3.054846895638431148e-01
1.043428525768157755e-01
4.555889152140864540e-01
-3.518061516354523133e-01
7.642391747295036730e-03
1.725653252422017919e-02
3.545298565031732574e-01
4.612521343945560903e-01
1.658606878393563966e-01
2.885653822690840975e-02
9.874200188321441418e-01
5.418951437334483812e-01
3.150163077489934182e-01
5.139159446594420144e-01
6.026809809856932265e-01
-4.473044600051831465e-02
9.552651088135939716e-02
-2.714444231991822720e-01
-1.514477083001240232e-01
7.698114257189127008e-01
-2.291682286732200091e-01
8.421123334180455888e-01
