-1.274909791192653019e+00
-1.799521142860778689e+00
-1.309138086166723447e+00
6.125016403452820946e-01
-8.727670425990901037e-01
-1.140282721100912694e-01
-1.582089647497065599e+00
-3.662900474812003648e-01
3.593607869473454675e-01
-2.120456484102056782e-01
-4.848685367629151366e-01
2.648557494254926703e-01
-5.826357455854184186e-01
-6.725216110446605722e-01
-6.064279071560035872e-01
-1.045597562361550104e+00
-5.082769554088165664e-01
1.059545731021335480e-01
6.733675699760132138e-01
-5.525025702830236307e-01
-6.126152237905641701e-02
-8.479218488560622685e-03
5.013829990042628637e-01
6.414018472524469772e-01
2.085728699256884644e-01
-3.889602093944764111e-02
1.673665053117149082e+00
7.831143217825949909e-01
4.287380423435074861e-01
7.423974228106917650e-01
8.895122573540542588e-01
-1.036026351321378131e-01
9.602749559293881354e-02
-4.297129441694259033e-01
-2.501244184142278337e-01
1.020452358448455055e+00
-3.820207041031143946e-01
1.326175343334765833e+00
