-1.207801668703574860e+00
-1.689850035283755325e+00
-1.241212770487314376e+00
5.929591578564578080e-01
-8.343906004486488781e-01
-1.080573953135951504e-01
-1.514419676948946192e+00
-3.435077830510457342e-01
3.566114772136857458e-01
-2.039993992809734646e-01
-4.623924649872774850e-01
2.502529030024526202e-01
-5.513986261693359925e-01
-6.359954651529414749e-01
-5.742134578394230138e-01
-9.900730748260699876e-01
-4.799909907920917873e-01
1.059614230295379406e-01
6.417371071148963990e-01
-5.259361340692063624e-01
-5.058528079772370983e-02
-6.089029338284169049e-03
4.805545334365194932e-01
6.165308018172974691e-01
2.025062673898470056e-01
-2.803687743786623457e-02
1.558103888444687390e+00
7.487125389501528838e-01
4.134175654591618621e-01
7.103992480658354314e-01
8.470794601065181340e-01
-9.585964337330384055e-02
9.607077722793923302e-02
-4.089284010829137284e-01
-2.377043114848339245e-01
9.906335028701848122e-01
-3.614514923672197400e-01
1.250221606548979514e+00
