-7.088793076832932138e-01
-1.252101881867931699e+00
-7.812343352420773046e-01
2.607824321378866994e+00
-3.660230392106845199e-01
1.184942150524213478e+00
-1.510227853916204177e+00
6.799201273899877496e-01
2.189388390890859792e+00
1.022663709783926400e+00
7.861584317931600285e-01
1.537623623434153597e+00
3.444073258125904258e-01
5.322453147438030996e-01
2.729659720832462444e-01
-3.733768066817619302e-01
4.988852051624671491e-01
1.500705561790892650e+00
2.711242654140660235e+00
3.490784618809842366e-01
1.656455638596264990e+00
1.134295918955363636e+00
2.385244243638513950e+00
2.536569040883703607e+00
1.793018318145063184e+00
1.338701797813926619e+00
4.972102800096579678e+00
2.813400873243750766e+00
1.934834304102829083e+00
2.715119920751013272e+00
2.903969256131008869e+00
1.418743222236046098e+00
1.622509156931058127e+00
7.806482015327551593e-01
1.195073054296921011e+00
3.725870534552363722e+00
9.625546955171582209e-01
4.280917155181120926e+00
