2.908956642723847796e-01
1.130721287697460831e+00
5.109155789952502663e-02
1.282537935248558192e+00
3.489521626933924203e+00
9.461683408487452096e-02
2.343288880299573940e+00
1.259284134153774382e+00
2.770501734984315512e+00
-5.020630554784749622e-01
5.377963584976988898e+00
7.297811679607154822e+00
-1.883484398701534002e-01
4.029736223678491491e+00
2.930586752610764290e+00
1.933291095561073591e+00
-1.756250111584687357e-01
5.529406858550964365e+00
1.807947795302832228e+00
-1.276600963565979185e+00
-4.300555728960909208e-01
1.431049287655414393e+00
4.379103400158574466e+00
3.363967629972523632e+00
2.083522072741363029e+00
2.149114188795165692e+00
3.223200901748450420e+00
1.227734079360738084e+00
1.840856114631394647e+00
4.117342803072787660e+00
1.167723142839690587e+00
2.605538859103507132e+00
2.871713549335406235e+00
7.301032602335952859e-01
5.754376275022543119e+00
3.165118559285752919e+00
5.099108340882593460e+00
4.431355363018404603e+00
3.191994805822122139e+00
3.589289846302615050e+00
2.631073805121841858e+00
-5.705020172637602638e-01
1.525143688196405556e+00
3.217177195050278549e+00
7.224516585942414082e+00
2.283802878124416846e+00
4.059009104295114301e-01
3.446061931625591601e+00
3.218121224376602751e-01
2.455803527835653366e+00
2.768751201802931661e+00
1.639553637833237154e+00
2.132692569840713315e+00
1.997026021074226332e+00
6.068182574059583168e+00
8.782202452100108525e-01
3.059273107062815064e-02
-1.215627610260446856e+00
2.236030826146038208e+00
3.527031970293977636e+00
7.255006356153106406e-01
7.137982309599693487e+00
1.694063602762704956e+00
3.698179400635777991e+00
