1.088973928846808770e+00
8.211084045773121565e-01
1.064973650824332374e+00
3.041724130042966490e+00
1.257426302024719611e+00
2.101142945895145164e+00
7.132905288414990164e-01
1.829821840119879139e+00
2.808725136332118844e+00
1.978509032985497740e+00
1.791841114534722390e+00
2.391338413710399458e+00
1.626668934093700836e+00
1.631399435210899362e+00
1.586832180602264941e+00
1.254057000959029722e+00
1.693243963170528943e+00
2.296139597375555841e+00
3.072992242994674772e+00
1.667587820798549503e+00
2.335275363763277934e+00
2.155268163482964905e+00
2.863584768002160885e+00
2.991512051322513077e+00
2.486901328312402182e+00
2.222320957475557357e+00
4.151672157791664652e+00
3.125661677910740011e+00
2.671355662768278183e+00
3.128129303104686620e+00
3.216998455768991239e+00
2.176768031250613689e+00
2.328694737245767588e+00
1.817280108257028459e+00
1.996667512836397096e+00
3.655309460277661682e+00
1.890231976991200158e+00
3.999900307912378050e+00
