7.223673849049166984e-01
1.539488802356915764e+00
-8.549595757811888005e-03
2.641795326469277949e+00
3.841070468678379424e+00
1.241990779232255843e-01
3.117849587597224748e+00
2.069038239337164686e+00
5.548760379345275773e+00
-6.490524256202672149e-01
5.801420102161906733e+00
7.296511596679835954e+00
-1.063535868233019682e-02
4.131290009577327282e+00
3.331362712912506296e+00
2.679109561347982726e+00
-6.807279720497014242e-02
6.939796804378439710e+00
3.953109486728077382e+00
-1.426413684509592272e+00
-5.549578286217269341e-01
2.450649762065377324e+00
4.308880903470123869e+00
5.810332035208949364e+00
2.807734540518967314e+00
2.869929077359812286e+00
3.670393706448572324e+00
2.233913292492470504e+00
4.510762309613918219e+00
4.276829640437275870e+00
1.467221058781684073e+00
3.049484746174315752e+00
3.758325052100822905e+00
1.167896771707284342e+00
6.144136114658801162e+00
3.689277366142813541e+00
5.059363620640480619e+00
4.281727629629301646e+00
3.755163994030076946e+00
4.652415997231535094e+00
3.389593639319702145e+00
-8.457125020685031247e-01
2.350025235295500448e+00
3.618286974235731535e+00
7.205502710804355004e+00
2.741689399549658290e+00
6.076012887058618306e-01
3.863946840039193642e+00
3.175043155506266368e-01
3.192897633083603637e+00
3.260525359878157836e+00
2.452576549335390599e+00
3.088953573584788170e+00
2.686456735547593233e+00
6.046238282610816306e+00
1.227899177549583776e+00
2.242947368358650870e-02
-1.552449476405869833e+00
3.289567764733683397e+00
6.676365629779228428e+00
1.010585973588947306e+00
7.209865425812158612e+00
2.624199399298061230e+00
4.093955921541523324e+00
