1.468992018617740203e-01
1.071251929409657855e+00
5.385156736951243056e-02
1.050383462601155227e+00
3.195148207395049678e+00
8.482314800873695659e-02
2.056863154035715624e+00
1.082520289772831434e+00
2.282782673199447832e+00
-4.626086783152658088e-01
4.471824307006621702e+00
7.124308414053195371e+00
-2.309704089820389938e-01
3.956647688030338283e+00
2.412894718609524869e+00
1.748185600174574805e+00
-2.360267352057230927e-01
3.222306578519385845e+00
1.542910618442381088e+00
-1.242589024443643275e+00
-4.334989888383308232e-01
1.248061803899227717e+00
4.314442589491383373e+00
2.629256444547872107e+00
1.915874584487474941e+00
1.926517875481037478e+00
2.968025040771588241e+00
9.455733551605266518e-01
1.516904547677999426e+00
3.830496901323734882e+00
1.130643073952004141e+00
2.396001383356531456e+00
2.518521886085363981e+00
5.679691980693828413e-01
4.887904132239137667e+00
2.810182612562782900e+00
4.929550217517875588e+00
4.421037781311279780e+00
2.968907367766888683e+00
2.833447112291266556e+00
2.175473322089956696e+00
-4.564763621958394801e-01
1.312061618406736185e+00
2.801552236481801739e+00
7.024542760959814558e+00
2.137528828961425376e+00
3.283281833520612092e-01
2.995610776969235722e+00
3.134716755699676893e-01
2.207879795065648576e+00
2.616883738025690853e+00
1.448927365232927311e+00
1.734821442993496721e+00
1.783735561956465876e+00
6.007408450415840484e+00
7.705653008409403260e-01
2.632760762928709752e-02
-1.157308527515050534e+00
1.862571027863331175e+00
2.397723219589944499e+00
6.517467460311330285e-01
6.825044970493081564e+00
1.481143983153520693e+00
3.316933266444863637e+00
