-1.936041629333507874e+00
-2.767337415890939845e+00
-2.177946712718057842e+00
2.148349132462653355e+00
-1.552526668446692515e+00
4.580781528859958485e-01
-3.387934838977973762e+00
-1.245391113237391684e-01
1.594609917262219234e+00
2.984102389502943375e-01
3.582890225527286115e-02
7.650461044849751202e-01
-5.475596451013494681e-01
-1.949095974398515896e-01
-6.637392097484445808e-01
-1.545231835593493086e+00
-3.565241880076784886e-01
8.578262239560158209e-01
2.317063178349166641e+00
-6.338316359566531499e-01
1.160171795116896831e+00
3.396522334893296580e-01
1.854651311595490570e+00
2.033243354507962231e+00
1.198618889504149410e+00
6.145374436206876290e-01
5.127810540339259759e+00
2.338908292290816870e+00
1.244395460566586786e+00
2.225302368986002755e+00
2.483512427682800006e+00
8.121544388656696256e-01
9.515266275170777277e-01
6.047999672380641872e-02
5.665727039341988958e-01
3.452855373316731313e+00
3.184364066326427212e-01
4.083400822811807274e+00
