-6.885059171602144756e-01
9.107036238118557669e-01
-1.127788493131089420e-01
3.558070584911622869e-01
-9.539822608811079352e-01
4.850555942772906692e-01
-7.912677892448566341e-02
7.192201246278352444e-01
5.902404255735375083e-01
-6.264722445898514014e-01
5.353574876954998452e-01
2.711925842792467511e-01
4.576519851479514678e-01
3.769122465219009177e-01
-2.744835940974807986e-01
-4.951430610814489541e-01
-3.582998856559603817e-01
6.328479290119183309e-01
2.838057747639128325e-01
4.958057414422979009e-02
-5.168171765748429403e-01
8.087969042575354761e-01
6.880708178722924062e-01
9.810111967656393039e-01
-7.655361468271561221e-02
2.116271868493116992e-01
-7.341989040452954196e-01
-2.495863928149020528e-01
-3.723760806660442735e-01
-6.878465147001828761e-01
-1.259506290603803480e+00
-7.620613899736812247e-01
5.074239495211602113e-01
2.652543474589838177e-02
-2.806408814434352972e-01
-8.918498090049941096e-01
2.859912394798151958e-01
-2.515285753998229290e-01
-4.966958347021718234e-01
-1.007920777094708731e+00
-1.744515701701847277e-01
2.408703100774023942e-01
-1.532391007531090255e+00
-7.798965952806125035e-01
-3.990760699145113888e-01
6.770178146947102293e-01
8.729804711168978049e-01
-6.009177247821551049e-01
5.361090891251637514e-01
9.729950692763932388e-03
8.057990464785388385e-01
2.947240447946748443e-01
-3.165482151728901128e-01
6.913152095698478217e-01
8.291373675240377716e-01
2.911189345647787197e-01
-6.653164811464167272e-01
4.563796113314357306e-01
-6.887839052459125977e-01
-3.962611267258734360e-01
2.772912827484591003e-01
-2.915682088582859932e-01
3.086889908631806900e-01
-1.288320048574757327e-02
4.572554794097546393e-01
7.118958636595200673e-01
2.487787789607976974e-01
-2.661287476712787536e-01
1.308014274221753759e-01
4.241078015648735294e-02
-1.486017114319691246e-01
-1.313728639378935803e+00
-5.447363421207210843e-01
4.867623441408855389e-03
4.119957566130889037e-01
2.249897967896757889e-01
6.575466777428304876e-01
-4.076976857200044213e-01
6.470953066419493638e-01
