-4.498263322818215615e-01
5.980849733617085162e-01
-7.776664053582578451e-02
2.415943479880862943e-01
-6.231844871702774125e-01
3.225771545424374054e-01
-4.641340718262038090e-02
4.816937022281723713e-01
4.036099640579279835e-01
-4.168384798140586378e-01
3.662002370688381969e-01
1.924265026728734229e-01
3.203538545378204483e-01
2.551637816503816159e-01
-1.813951060969347939e-01
-3.309798814006646439e-01
-2.419585557059110159e-01
4.274103295221444165e-01
2.043175333938550831e-01
3.558553132382850925e-02
-3.292777366216190771e-01
5.449728853670717799e-01
4.642401508335923244e-01
6.293034651763470544e-01
-4.993427971766998402e-02
1.532844630937631181e-01
-4.772448822384307565e-01
-1.554441202269268851e-01
-2.469040230124343316e-01
-4.550037183981219813e-01
-7.962018488246569436e-01
-5.058793863071749941e-01
3.360846570892905283e-01
2.168512390656743283e-02
-1.879268341089905814e-01
-5.905985827003900068e-01
2.057030106512519052e-01
-1.731689360001765210e-01
-3.253888443506658401e-01
-6.572457375512500422e-01
-1.174580230544091108e-01
1.656773867994856264e-01
-9.406937725579773701e-01
-5.080681114789720176e-01
-2.647973282983423493e-01
4.464037772895960154e-01
5.762041898805354556e-01
-3.972977893263411886e-01
3.658670223585362424e-01
1.047918270263684289e-02
5.508742113465402435e-01
1.978433399804050141e-01
-2.168951668185543358e-01
4.696645139681709380e-01
5.346142873613930480e-01
2.053636999494455329e-01
-4.420391889800753260e-01
3.090025176270758678e-01
-4.522565647659398946e-01
-2.625844441562450449e-01
1.904578516379718811e-01
-1.875545033881512447e-01
2.126447567423272733e-01
-1.122150590475764868e-02
3.146499584863552967e-01
4.641166725079251543e-01
1.694973902013029721e-01
-1.678190588160981822e-01
1.144463914415956157e-01
2.466991895963476303e-02
-9.812629118224619473e-02
-8.446773070296647035e-01
-3.558030687117868518e-01
1.176720208407102536e-02
2.705650884885487661e-01
1.690206615194189965e-01
4.450548936399378874e-01
-2.758721653845680466e-01
4.442488954739843843e-01
