-6.531953323228899544e-01
8.669598853465088073e-01
-1.067558454055927003e-01
3.413602111499405845e-01
-9.044617930793498184e-01
4.639476275438831343e-01
-7.327871790044195033e-02
6.870326835907993868e-01
5.657063818931371557e-01
-5.957458999172479119e-01
5.133346341665887547e-01
2.617881403455166178e-01
4.401446825025621123e-01
3.612730389806326770e-01
-2.604040359297408735e-01
-4.711128192259032565e-01
-3.409495096237526446e-01
6.053522214307111016e-01
2.743118791903506049e-01
4.897705567296305879e-02
-4.894884863933096075e-01
7.730719943259609650e-01
6.581075751875605784e-01
9.317823136660005057e-01
-7.168142569289960575e-02
2.048868468041550595e-01
-6.964088182720642450e-01
-2.353558408376638100e-01
-3.538238024474110177e-01
-6.537024999453251439e-01
-1.188049594735594239e+00
-7.246114221106975117e-01
4.850648938950001821e-01
2.727803858815437688e-02
-2.664136362310463579e-01
-8.474327529041337792e-01
2.762974216614747514e-01
-2.394639781068862439e-01
-4.714293217053656115e-01
-9.552087322193095753e-01
-1.655081310476859691e-01
2.319012783821152446e-01
-1.435944173785307587e+00
-7.400224217655103631e-01
-3.791712513612671143e-01
6.460615560586771000e-01
8.319751820704185397e-01
-5.711657001869628880e-01
5.139227092230164162e-01
1.128819656498893272e-02
7.711920203931519335e-01
2.827942521928123454e-01
-3.014116745667336783e-01
6.616576450153691669e-01
7.886470541531258593e-01
2.806423787841195172e-01
-6.323954229819840345e-01
4.374677650400886075e-01
-6.540768638800208423e-01
-3.766954919509511446e-01
2.666511461311643072e-01
-2.759977515830751571e-01
2.967887332313335347e-01
-1.132274275377112734e-02
4.389780937091598556e-01
6.783315532903640976e-01
2.393324209542223580e-01
-2.512609162454124134e-01
1.298198030979484108e-01
4.125765320295993882e-02
-1.403884114070423350e-01
-1.240108840809254209e+00
-5.169556066388174553e-01
7.054056504675245559e-03
3.937523386278250492e-01
2.186004196458981863e-01
6.289911208058455161e-01
-3.881289128009357547e-01
6.199310263013770861e-01
