2.462997667467197616e+00
5.410676994225959824e+00
4.434704387124052127e-01
5.761838708028856004e+00
1.469307294702578037e+00
2.988502577492638146e+00
1.111731682276711597e+00
7.031972883230514171e+00
2.533920046080866406e-01
4.836966247406860653e+00
3.610040031816418526e+00
5.754642333223963790e-01
3.188466852176037314e+00
3.095536749176772684e+00
4.094056806196415543e+00
2.607766422448588362e+00
3.615781729465644023e+00
-1.126637689664201913e-01
5.541226336103115102e+00
3.082758130671042540e+00
1.410096784422195437e+00
3.543285563438010044e+00
4.189835424620831361e+00
6.855143554444521392e+00
3.625741677974363419e+00
6.620646490055455136e-01
2.612309413432410743e+00
4.517355339957304317e+00
4.141930148652036792e+00
2.614747865316049857e+00
4.051423605904760805e+00
3.494632894475206086e+00
3.205687955528990774e+00
3.470558835134975428e+00
6.679047624393931848e+00
9.885150341277296748e-01
3.653986681435521522e+00
3.581111572693307377e+00
1.897473543131625862e+00
3.857995453736951852e+00
1.325108264127306201e+00
1.155855593483554156e+00
3.908568714194937233e+00
3.844166045098934337e+00
3.174755027325922185e+00
3.699282772023920085e+00
3.485543072586370528e+00
3.546730404179848417e+00
3.313890425268922524e+00
-2.817101065842557706e-01
3.972403672885266968e+00
3.808250904728103681e+00
6.088300354730474595e+00
2.173276766369324431e+00
5.658384378186014807e+00
5.769751482740145043e+00
5.114798215273366644e+00
-9.519565152469576796e-01
3.456381642226419526e+00
6.398298024849442545e-01
9.186150022000817428e-01
3.960256504963234558e+00
5.941441106200393563e+00
3.742144420677698147e+00
3.265573742809078084e+00
3.524435371595424638e+00
2.937777900542674292e+00
2.437995059064983927e+00
3.960812723186175610e+00
3.858900180198770791e+00
2.736565712462250222e+00
-3.256655290107364209e-01
3.387211495428695152e+00
4.025155789681427621e+00
6.427988655638382731e+00
3.324619989667766617e+00
4.157054102267503382e+00
2.190258015037271466e+00
6.871736925102013060e+00
6.229503727028814275e+00
9.989931156861643347e-01
4.216434416573841659e+00
1.671063060322228289e+00
5.809713325490185376e+00
3.246558109604395614e+00
3.234861186935691801e+00
-2.213743361828610645e-01
2.163711704637065747e+00
1.083569296039503138e+00
3.241852228829841476e+00
4.208837052875955109e+00
8.279456472516850685e-01
2.584237539297661090e+00
3.638047732222304820e+00
1.049838912458887830e+00
5.696731008614335678e+00
2.622990224370469470e+00
1.557022284563344128e+00
1.782569977150743945e+00
5.350895330469420230e+00
2.706098742136674673e+00
3.036884076226011864e+00
2.112178613306011865e+00
2.415126268477278071e+00
6.200397096239744776e+00
3.400707069694800744e+00
3.313051367077150200e+00
1.576926038311672551e+00
3.809143443795498296e+00
3.115894846803646701e+00
2.158817266318325157e+00
3.331503963734655294e+00
3.473100719433333872e+00
3.641776857407983403e+00
6.678028480241322562e+00
4.012187219141250871e+00
2.244465615625118593e-01
3.494478467846783953e+00
7.148001078066446468e+00
4.551044075554607105e+00
6.328012113637305092e+00
2.439057993505948374e-01
8.111841655847448207e-01
3.370572879324987281e-01
6.052399394339815331e+00
4.744919104120483233e+00
1.195109912111520512e+00
2.887430884933896991e+00
5.619310092231522447e+00
6.909631210526515410e+00
4.468512548297356446e+00
3.782602305474640936e+00
2.683543286015916962e+00
-2.586020717612684261e-01
7.884997118564490703e-02
5.117665883173255992e+00
4.210513914730607432e+00
1.160749796588750327e+00
2.421927174708416786e+00
2.140194578260192770e+00
3.113684858695971780e+00
3.867672935865401840e+00
6.101337632899103802e+00
1.497419699858328235e+00
6.709974971434244040e+00
3.326464076146021576e+00
4.595971255309913239e+00
3.934444802568819011e+00
1.071115187955109294e+00
3.021893427690643730e+00
2.146084890529118105e+00
1.438187034864835956e-01
3.771934884225075280e+00
3.888563543573638537e+00
2.211297151065607203e+00
1.081986558039173207e+00
2.999398150111776129e+00
3.438388403188304299e+00
2.883628841851553215e+00
3.935072899106377253e+00
3.409990153784292488e+00
3.322173302646143078e+00
6.296288284672783675e+00
3.476077666625926099e+00
1.997828868087461185e+00
2.684851446933415264e+00
3.591962005015834514e+00
3.704196984503927315e+00
2.768214506155131982e+00
3.656883555474507830e+00
3.323284819604406248e+00
2.862295377574131106e+00
3.718289755180327116e+00
-3.516577596692227210e-03
1.637538832840956582e+00
3.347244876014102921e+00
2.874422602434747009e+00
6.320890767579827596e-01
2.842879646772098923e+00
4.237793205677775177e+00
3.093804746301101805e+00
4.828108820865716133e+00
3.512101162077078786e+00
3.578715311498654739e+00
4.185279514503644549e+00
3.490243846709006892e+00
6.221108863652311527e+00
3.081709705827250456e+00
3.108394634106333321e+00
6.565883249741584216e+00
4.104350096174957940e+00
1.576371277090310219e+00
2.762270730999880630e+00
2.500260743981138845e+00
5.461292019499665251e+00
2.844349126964445418e+00
2.229721077032969845e+00
2.966010051352763188e+00
5.220449351502538526e+00
1.612539309432704515e+00
1.419433214677578992e-01
1.807740697780520156e+00
5.184340947140624323e+00
2.694550732441604590e-01
3.115265787677130582e+00
3.176508531251307055e+00
2.875390827554741957e+00
3.833790494125902448e+00
2.002086725257462341e+00
1.302724053596372888e+00
2.853841257229869033e+00
