4.073485898279494699e-01 3.355687645439773714e+00 2.079379403173821306e+00
3.223409902281135331e+00 4.713437936852850285e+00 8.824763685016048242e-01
1.179646452195056927e+00 4.123309171780352500e+00 1.354733015588679423e+00
3.056033190722782678e+00 1.548135999178285704e+00 4.392165305600326697e+00
2.252665488685633655e+00 1.306075521624705305e+00 2.733848976289046995e+00
2.152735602565786888e+00 4.358039892440734420e+00 1.473219957540703673e+00
5.383609839932667285e+00 1.708828050474568427e-01 2.766344367083659606e+00
4.769081024220954923e+00 2.794603047671002649e+00 1.532563484277916332e+00
1.872056064792419372e+00 3.206305482169221399e+00 3.760211046198762563e+00
6.415105236587960169e-01 9.159629237734421281e-01 5.654164498498644775e+00
2.959448969123572581e+00 2.822473652435578906e+00 3.164817653785601870e+00
5.190405737275667342e+00 2.513688201452833226e+00 5.971624636195721481e-01
3.884192180378991388e+00 1.555147253278482466e+00 3.807811987887888439e+00
5.674369414113897836e-01 3.522606528781307755e+00 4.328285368546585410e+00
4.420731186149660097e+00 1.956644631604020634e-01 3.267619286296278069e+00
4.689765630915379901e+00 1.916491850065707769e+00 7.712660810805394007e-02
1.152659603278845424e+00 2.238053748636899876e+00 3.814614918204110694e+00
3.201799112074963816e+00 4.534688305783890705e+00 4.244078161891687850e-01
2.791275894699138949e+00 3.850756228392223868e+00 1.004236491251695007e+00
4.915655787904928964e+00 2.612636022563014748e+00 4.753570826821305884e-02
2.654699802796283148e+00 6.837312099920376252e-01 4.095281448844102279e+00
1.841311435614441772e+00 5.471155158569019683e+00 1.041641787656323537e+00
3.814491683676532130e+00 3.669487890958291754e+00 1.082208036013200037e+00
2.440207516348692707e+00 5.075786008536330662e+00 1.367748661207436767e+00
2.838859977847359772e+00 3.650745230471029501e+00 4.170941888591328528e-01
4.661910923402337481e+00 2.944192236476052216e+00 4.542059154717258407e-01
5.043132874094241082e-03 1.705808272895528832e+00 4.795813334374529724e+00
4.388768086242449407e+00 2.254654488084542496e+00 3.907809569832504937e-01
4.357122606858533587e+00 1.695846124829883061e+00 9.060077634848728856e-01
4.712508437734366229e-01 1.497194909804236973e+00 4.926702339797409458e+00
4.627107312385418392e-01 9.459561305346346760e-01 4.261581811242179718e+00
2.346013973278851861e+00 2.793168588202336711e+00 7.286960248734387635e-01
2.455675597660480491e+00 4.801871804187381798e+00 4.822150829851831189e-01
5.464954825704387176e+00 8.317531536258292446e-01 1.994163398601689785e+00
5.072688375226399593e+00 9.046763405858490037e-01 1.472113286491647743e+00
1.350441885152100951e+00 1.782048009312418246e+00 3.327248099521328495e+00
2.040440600146798733e+00 2.617956509064802262e+00 3.757248557955393142e+00
4.424997035605911400e+00 1.948543718449560203e+00 8.019514452135004801e-01
4.836284290973485334e+00 1.054660338639585415e+00 9.341821982146747416e-01
2.790706531483049258e+00 1.917164222396049222e+00 1.183260416217588817e+00
3.095339429291378508e+00 3.620231833815169331e+00 3.900136059796350391e-02
3.003501128321430791e+00 1.294698463856158721e+00 4.446806114988148373e+00
2.849977641197141143e+00 4.318437340352650894e-02 2.962356862589555551e+00
3.979553336881738179e+00 1.629256956425171543e+00 5.943055400855373760e-01
3.716418611836192820e+00 9.039982375967143824e-01 2.927553635308370428e+00
4.003206421528360259e+00 2.513265644328324999e+00 2.860192874150071063e+00
3.339203093405947786e+00 2.979772522135634372e+00 3.473354111080641182e+00
2.488620663127311339e+00 1.783605033120714056e+00 2.490120381658113224e+00
5.432464740037481477e+00 2.005163502850470181e+00 1.447104941452689753e+00
4.738229153148004080e+00 2.498938861667370670e+00 4.949634237580565199e-01
3.782644761880475937e+00 2.881082265575846790e+00 2.687107352129948001e+00
5.731437286728382929e+00 1.914837984247671487e+00 8.786953822598508879e-01
2.134737873523611995e+00 1.609643052274977393e+00 3.784269158652598275e+00
2.971435766130773537e+00 1.942285816097179652e+00 4.661298895824016242e+00
2.914379644263800362e+00 5.338224501673610511e+00 4.460125752862918735e-02
4.476251820294709027e+00 3.322856448352274672e+00 8.862069358763356892e-04
4.694367035730475202e+00 9.978273075540392556e-01 1.028677797793531523e+00
5.113454138912370439e+00 2.326881183231829020e+00 1.413156116211521152e+00
1.270490493081023464e+00 3.762576549033872730e+00 6.417483956244086629e-01
-0.000000000000000000e+00 3.222138546350865607e+00 3.464942618493059623e+00
5.914573299083643043e+00 1.510215388630149702e+00 1.277520891668801228e+00
4.569747245012161230e+00 1.603940943261914720e+00 9.594785599708416379e-01
1.647057175977307608e+00 3.131888756326605350e+00 3.527076001232314351e+00
4.605565704028913743e+00 2.195310738403515316e+00 1.002230406958503073e+00
2.338009794415762954e+00 2.570311770325050205e+00 4.067199123123979909e+00
3.771629526934397347e+00 2.722050406989713789e+00 2.773966229621774637e+00
5.387702938516503615e+00 1.580296750347783608e+00 1.669833957646677636e+00
2.893441492618973321e+00 2.907122761903810026e+00 1.177658606700078936e+00
1.064363355648483056e+00 4.268742689478225216e+00 1.871521757861615676e+00
2.694223363389837811e+00 1.438466185869587743e+00 4.331513765983076247e+00
5.228281245983278147e+00 1.820615028124553447e+00 1.936160803930554730e-01
3.972707013168824464e+00 2.492364090478571548e-02 2.132383152154229577e+00
3.791349468152460656e-02 1.694846364929027294e+00 5.298935457395535842e+00
5.346313164470354984e+00 8.776160503923207123e-01 2.033017464957868725e+00
5.039265710986925662e+00 2.988497978757656437e+00 3.198995600892515778e-01
6.740112550922345847e-01 4.065546981866181575e+00 2.983842431347681678e+00
3.820665617507969625e+00 4.434438684754721471e+00 1.773651548710636003e-02
9.446290312239761233e-01 2.150651266634535208e+00 4.016296404996818836e+00
2.799851564643300428e+00 2.755143064738345249e+00 3.689064362939315611e+00
