3.047629459967620136e-01
3.464448320032525785e+00
1.297529349755900618e+00
2.201617501922033426e+00
-1.316837782704117499e-01
2.242908927802691021e+00
1.287625598173304242e+00
2.756817750770565567e+00
2.547673115577483660e+00
3.328384942693445869e-01
2.595904674098364229e+00
1.961138553186553057e+00
2.228939005051837174e+00
2.119768445141346991e+00
8.429275176212180920e-01
6.414718214467478585e-01
8.361192689421272917e-01
2.666686423910411996e+00
1.880909066967392240e+00
1.532803896175002789e+00
5.936701257986978231e-01
3.130886821061578118e+00
2.578667824142686360e+00
3.303308063177704312e+00
1.269975726930497872e+00
1.827560237287618072e+00
7.164427591861380340e-02
1.062203668781892985e+00
8.594454021339126282e-01
4.051677178133553103e-01
-7.383547346540336731e-01
2.095854255156385515e-01
2.459655255025579468e+00
1.542924575322287994e+00
1.135521970770773326e+00
1.914262897867843038e-01
2.017336735930400415e+00
1.067848123877986000e+00
6.942253756636778128e-01
-1.531871653969354430e-01
1.177603647885586913e+00
2.028127813638884280e+00
-8.101458195092313685e-01
2.121081868011281957e-01
7.611594336099085645e-01
2.745253724753641489e+00
3.176946428139579837e+00
4.661803458708745906e-01
2.342682623072633419e+00
1.550933005713824864e+00
2.804627100496805081e+00
2.035240084218237211e+00
1.016747930695441893e+00
2.702004522966525712e+00
3.083792946938749946e+00
1.966910190292581184e+00
2.932886339283322652e-01
2.274452046556255880e+00
3.399688068126711094e-01
7.692010591443584344e-01
1.985583242775085688e+00
9.391270938241742527e-01
2.062148565921176235e+00
1.506802370152673598e+00
2.360565196792094422e+00
2.701058433283939131e+00
1.927329187572847102e+00
1.005504965330689116e+00
1.626094961618625545e+00
1.735626336625229360e+00
1.241320618819043098e+00
-6.836472089691972842e-01
5.157562117725370543e-01
1.434361151852880489e+00
2.299035716700929655e+00
2.047774028375303867e+00
2.663490170285398140e+00
8.324561163742818515e-01
2.796981058946691245e+00
