-9.176998219941550072e-01
2.813145795754539158e+00
2.838036003191199974e-01
1.323292004253054266e+00
-1.512002437017641476e+00
1.362657982828744840e+00
2.521073833041851953e-01
1.975356382611265227e+00
1.746000240110471502e+00
-9.605468954363449718e-01
1.785770857105166476e+00
1.056355166050251038e+00
1.411811115492210611e+00
1.221156561819312314e+00
-2.506372572883684424e-01
-5.065860009262279640e-01
-3.200401977107523721e-01
1.877432145904766481e+00
9.490099993845882986e-01
5.677110869118674463e-01
-5.526567454705895166e-01
2.456534975396021281e+00
1.783692029514485355e+00
2.585409962949891227e+00
2.444638071218615261e-01
9.041601259977115612e-01
-1.292310252120545844e+00
1.025216817029947144e-02
-2.470886533565662679e-01
-8.386959535397482401e-01
-2.583025072612056050e+00
-9.969740394792447891e-01
1.649394775678559855e+00
5.697219121191223756e-01
8.438143138846609936e-02
-1.051033233005041811e+00
1.146563127621267997e+00
2.752001553447778331e-02
-4.113972688632993591e-01
-1.515139491152992735e+00
1.318902136379951906e-01
1.122728087465828528e+00
-2.646670614069055016e+00
-1.029885172113503611e+00
-3.452759680092818972e-01
1.923989704913154686e+00
2.429797151991442306e+00
-7.227495256653846400e-01
1.482428236178597647e+00
5.965839523334471872e-01
2.036263533859427710e+00
1.128655801069578857e+00
-5.447644910151980963e-02
1.898373296604714877e+00
2.331202514981712159e+00
1.076007425905770809e+00
-9.570990372267184076e-01
1.416278159961367189e+00
-9.044018319397819639e-01
-3.840264358602178407e-01
1.078213318033560242e+00
-1.260622276760680616e-01
1.158484436172090293e+00
5.263991627493532777e-01
1.513831433317106567e+00
1.898750219381297732e+00
9.912839690610385501e-01
-6.897507360303702095e-02
6.517668470642953293e-01
7.886910248375080812e-01
2.042219500164263457e-01
-2.382607439460128429e+00
-6.643319823772660948e-01
4.675268567636423622e-01
1.448847617503020935e+00
1.203764123380371753e+00
1.876047634918263540e+00
-2.828661900354972336e-01
2.027077269990674502e+00
