1.836467247503217548e+00
3.726983306282198427e+00
2.386008894672826397e+00
2.948699175019328322e+00
1.629069141068392401e+00
3.031545764469750992e+00
2.404605493967216123e+00
3.317063907667046951e+00
3.161830212620910796e+00
1.895039760206154611e+00
3.188931637657103746e+00
2.837821854151291401e+00
2.964260611741406315e+00
2.925529706794320894e+00
2.146520233517187570e+00
2.011283346150122053e+00
2.146560221422085579e+00
3.274996816522003140e+00
2.765974645585686620e+00
2.534481595392917175e+00
1.979414884344549597e+00
3.507291426633012854e+00
3.216850096009820970e+00
3.719698725336427980e+00
2.404933155492928964e+00
2.741474364271976771e+00
1.773522504495721686e+00
2.242902897812963481e+00
2.119490780748508385e+00
1.889220873562602598e+00
1.392584087377076729e+00
1.756991039726813808e+00
3.136814146210124221e+00
2.545487612483672724e+00
2.295689634778002031e+00
1.759846990398738598e+00
2.825899194938202630e+00
2.249181456450771499e+00
1.991659630696859251e+00
1.599932974645577710e+00
2.327417553534727013e+00
2.822746874886336244e+00
1.308107465619507304e+00
1.760021292498638479e+00
2.095326835520446185e+00
3.350883429539209146e+00
3.575318509004800305e+00
1.904699341368104593e+00
3.073485318695968527e+00
2.552792330657854603e+00
3.343520698469562014e+00
2.866634570121016079e+00
2.213148907822543698e+00
3.286845316816877194e+00
3.543800145926233824e+00
2.806545865984226840e+00
1.843449753915451295e+00
3.022572538263223585e+00
1.877927064982618965e+00
2.108109463089292035e+00
2.820140774294904507e+00
2.159388842028439282e+00
2.889497057572050220e+00
2.528210562643181003e+00
3.046746188910621989e+00
3.313011347520574024e+00
2.807587588236035714e+00
2.221513741385550578e+00
2.604451810288275659e+00
2.629896035059446469e+00
2.363959957462710815e+00
1.353359185945172127e+00
1.942983659079700942e+00
2.461659498910292232e+00
3.024628496428470648e+00
2.813239928646491084e+00
3.285712739210553401e+00
2.123058273340871605e+00
3.320077576297340016e+00
