1.558649895039036615e+00
4.467004987090165358e+00
2.116334099028530924e-01
5.611643976743533102e+00
1.020518242874774550e+00
2.294182406078630887e+00
6.358844094922796453e-01
6.643774719073461732e+00
1.320434011307206890e-01
2.357921639713393525e+00
2.761665984844463573e+00
3.746644687688253650e-01
2.340591286970931773e+00
2.367052567914357919e+00
3.790834236677571134e+00
1.967989156903057424e+00
2.927597395268564551e+00
-6.347541483148873287e-02
2.398222436201149499e+00
1.959217133139249389e+00
1.065903314885916053e+00
3.399772369970146979e+00
3.592848914548170125e+00
6.415654041858298129e+00
3.278035470257470330e+00
4.445247850386055966e-01
1.640404913733002568e+00
4.082149025695888334e+00
4.214386397070778223e+00
1.219640388250859075e+00
3.540671233245826777e+00
2.767778106824971829e+00
2.814377869698748924e+00
3.142564255170809062e+00
5.233394425829584584e+00
5.649720772797922619e-01
2.551320941428031563e+00
2.402811651800086601e+00
1.220454280988536144e+00
3.753394770927363400e+00
8.161971739303179874e-01
7.512974190722372381e-01
3.877630914601505552e+00
3.553819852309347382e+00
2.099584159833989716e+00
3.141139027740393441e+00
2.568756073798384332e+00
3.106976386093454057e+00
2.641133198091807799e+00
-1.665729945424992142e-01
3.901719455514283119e+00
3.896449581539714213e+00
2.381487880386386369e+00
1.470464589763625929e+00
2.013911674923543060e+00
5.192231719897413278e+00
1.737496849396379828e+00
-7.425210535851102245e-01
2.615847650976060645e+00
4.421766945406229721e-01
5.207060220850582288e-01
4.099445027704413214e+00
2.210680044374576880e+00
3.149996637519966391e+00
2.374308350432527970e+00
3.084130903577367633e+00
2.151627969328171464e+00
1.726464703542972767e+00
3.942985981857292099e+00
3.702455156807199721e+00
1.533120111050878309e+00
-2.331685829365384988e-01
2.536523596274732562e+00
1.933776302415777693e+00
6.244634701896851325e+00
2.768190745686025966e+00
3.986112262244568605e+00
1.381461788457206685e+00
6.129871624576124667e+00
2.824144298158607125e+00
6.834827406019097218e-01
4.272355295016040166e+00
1.178506990661723375e+00
3.662308651873850351e+00
2.535696681117734386e+00
2.336249339076532205e+00
-2.044922827575171853e-01
1.120957025937299623e+00
8.485546770269269956e-01
2.472050780143502990e+00
2.015087289509904789e+00
4.420204401964252794e-01
1.459336781620883983e+00
1.429813432605082646e+00
6.058647154841085847e-01
2.104291393714441405e+00
1.709658464141317502e+00
1.124703874664065406e+00
9.583142766506415056e-01
4.615047840742817264e+00
2.170387675765176105e+00
2.454471933807848671e+00
1.240625033565974089e+00
1.546548806305979129e+00
2.759029682491495716e+00
1.392003783746742718e+00
3.093669339479590885e+00
8.411999829958760611e-01
3.304584305407729072e+00
2.449916742514324675e+00
1.512639273404913220e+00
2.852362792813629255e+00
2.693239531892467564e+00
2.425349884044570192e+00
4.360687292330181819e+00
3.942994143297876786e+00
2.033625951800097087e-01
2.815291710064512287e+00
7.142369833461955864e+00
4.179888084055788156e+00
2.810512013780797513e+00
1.749711547771428122e-01
4.837470688452845669e-01
2.034245062397782855e-01
2.431508823084751914e+00
3.924796709960310714e+00
9.251141159080601417e-01
1.958286285156010775e+00
2.488336120761648118e+00
6.353043000851762656e+00
2.026583875834478743e+00
3.668287587339544853e+00
1.840027937657130686e+00
-1.648411773049561768e-01
6.156738113534798024e-02
3.323574215477635985e+00
4.451175978331136207e+00
9.970099357829574904e-01
1.181547741694284559e+00
1.489129264657876428e+00
1.787203229994105635e+00
4.064843674861192468e+00
2.452876893745921549e+00
9.044367197086951027e-01
4.903698189294988907e+00
2.780919959952949494e+00
3.728026098652100551e+00
4.070542999565791575e+00
6.666168102143008589e-01
2.309315437873501242e+00
1.468599717805954219e+00
6.996137132645041667e-02
3.588397731752585695e+00
3.303071473372045652e+00
1.137299811942536376e+00
7.589342683203182949e-01
2.011375308295641595e+00
2.375889735865844621e+00
1.977647035775691009e+00
3.778337874405021779e+00
2.847158389142785406e+00
2.539978673137273102e+00
2.800371830058854705e+00
1.798663449022335437e+00
1.549842988557776913e+00
1.705393254415315640e+00
3.235373687081701810e+00
3.319360072090749458e+00
2.242242888387544930e+00
3.471056394076858176e+00
1.399726505996217618e+00
1.797742124239363637e+00
3.682580542449536587e+00
1.022320041720060739e-02
1.047904944415172457e+00
1.472628561524088164e+00
1.805924404269384276e+00
3.466016083589095742e-01
1.850294772706582602e+00
1.623595952505697770e+00
2.658517431476695503e+00
5.048183494631594215e+00
3.246727170899994963e+00
2.861779084833712350e+00
4.130055149276007143e+00
3.067874396313237995e+00
2.861059278116112825e+00
2.138260456740134430e+00
2.156076572944483960e+00
3.369798206292007769e+00
4.372772622242718121e+00
8.439590450014072820e-01
1.577026880029746447e+00
1.586135858580429270e+00
1.957752713674492995e+00
2.123988850966475272e+00
1.390556548313512719e+00
2.211994504821944041e+00
2.223046491315326278e+00
8.088061389817070568e-01
8.632089786472386950e-02
1.053321891566638913e+00
1.766418027879200769e+00
2.322431747836272986e-01
2.255282140041322325e+00
2.529854085897976113e+00
2.091648503505250556e+00
3.160444180006702020e+00
1.194587506891814810e+00
8.360638842564127593e-01
1.667015303112578950e+00
