1.734513073664987415e+00
5.073660383573480814e+00
2.578133000173817302e-01
5.766458165802903046e+00
1.091410116343184411e+00
2.489205528990903638e+00
7.224280623951300218e-01
6.947777703396938342e+00
1.585623705013596563e-01
3.014674430056998311e+00
3.175919882912045189e+00
4.146594535688449823e-01
2.634985331861782853e+00
2.700943425896455086e+00
4.069074693619493921e+00
2.116051267601640529e+00
3.346231266309048547e+00
-7.420772355746338422e-02
2.966925910640481945e+00
2.259432226189121984e+00
1.098166254672883202e+00
3.517078109460370250e+00
3.909969786540603121e+00
6.729399669238861570e+00
3.483539663478207871e+00
4.932286301109130577e-01
1.795735316865093578e+00
4.361544609617310719e+00
4.272331022251565358e+00
1.416420393009281575e+00
3.918300778303658749e+00
3.087543735230049435e+00
2.986577529815929832e+00
3.330013592072581297e+00
6.176040986633937635e+00
6.352929051321442033e-01
2.854879899792274855e+00
2.753412144647306992e+00
1.335069852726624040e+00
3.858506528445105221e+00
9.156017887050554860e-01
8.299714679714631504e-01
3.965263270858691680e+00
3.765773496678122001e+00
2.466997496914968835e+00
3.494867207802612175e+00
2.913435488253414363e+00
3.299206609228423570e+00
2.980824567977269801e+00
-1.875461445381053083e-01
4.017472664001251914e+00
3.929796815613230354e+00
3.181511839948482745e+00
1.632190463104078670e+00
2.460490758613733231e+00
5.593293740626913646e+00
2.062621774366500738e+00
-7.986918959267037543e-01
2.996000801769046706e+00
4.782899426553162692e-01
5.858225021925245191e-01
4.121235335959871016e+00
2.799510452637473890e+00
3.462450653089205854e+00
2.698010117817783549e+00
3.299163671140131537e+00
2.377718226076639407e+00
1.857435573692998387e+00
4.034147677286344269e+00
3.834105449273768507e+00
1.734994470114479270e+00
-2.586707592747196083e-01
2.795636670337553475e+00
2.233711053238750743e+00
6.447250229294615664e+00
2.985918728477514161e+00
4.162492845314106127e+00
1.572529289708760603e+00
6.630697533222881468e+00
3.739028882523383057e+00
7.471227205925411452e-01
4.309792936534133645e+00
1.241450044479230241e+00
4.990592790434516424e+00
2.728870143257466907e+00
2.648004823030436494e+00
-2.069642190705265616e-01
1.267109995867631067e+00
8.771747925056158079e-01
2.863947414013574999e+00
2.394586233777972861e+00
5.155980933810517808e-01
1.616135468729936964e+00
1.687345689454949449e+00
6.792578803067218507e-01
2.586380555849717933e+00
1.925116194338157172e+00
1.189664042474952277e+00
1.087501504293866050e+00
5.091726216223482204e+00
2.294226190133842547e+00
2.626715852392960571e+00
1.382934735911151902e+00
1.723438377425519974e+00
3.638482309503081158e+00
1.629012550326320641e+00
3.194149566444351773e+00
9.580281060136388582e-01
3.560780423129175531e+00
2.618204831116856646e+00
1.636423065692277357e+00
3.077619987345886265e+00
3.074083774677525582e+00
2.831046199353249193e+00
5.711777055933416669e+00
4.070043792955315709e+00
2.104105671501384223e-01
3.057683045855557058e+00
7.236080284067453405e+00
4.423293147047849594e+00
4.158090940780647671e+00
1.860102012526884119e-01
5.524845870655590296e-01
2.214812468632167686e-01
3.062738001064448490e+00
4.402969506984247161e+00
9.873800561953753885e-01
2.189128210142841979e+00
3.167834415812465831e+00
6.770374647654343825e+00
2.339185132516820254e+00
3.774335438415915789e+00
2.036646165214999193e+00
-1.801961313918001018e-01
6.466569974055530468e-02
4.000699519181649677e+00
4.416414762942571848e+00
1.044396365934485926e+00
1.402387350026069068e+00
1.600734474765606707e+00
2.051443116431460822e+00
4.069110031090220403e+00
3.276646049365898872e+00
1.044085702085073342e+00
6.195685512830327646e+00
3.006635388806086162e+00
4.333305672531232666e+00
4.135719212601852490e+00
7.296434586557442037e-01
2.597468399297110153e+00
1.583874943660280588e+00
8.427103520472796483e-02
3.739290027598701105e+00
3.624132643584506930e+00
1.324936488911433896e+00
8.168666919256107883e-01
2.288174624160077553e+00
2.858908452387300514e+00
2.247104989601205638e+00
3.928531871891666416e+00
3.065194720741702739e+00
2.886305617025298531e+00
4.140710858047098597e+00
2.029730443928952077e+00
1.637523400942497265e+00
1.970358219065643679e+00
3.438439578109689254e+00
3.520905802847834387e+00
2.353931890058366339e+00
3.559658971021128604e+00
1.626614629281198710e+00
2.086757541766394386e+00
3.760244065208504072e+00
8.409137387348266865e-03
1.140654604637208580e+00
1.695847627043761463e+00
2.146187249320391288e+00
4.063757474201012965e-01
2.122856643487894157e+00
1.911818555726739977e+00
2.804797060546975196e+00
5.027895849783416971e+00
3.443522490538209802e+00
3.258823026238097942e+00
4.215760738154946452e+00
3.277541151193360314e+00
4.013502171784263162e+00
2.434052332184144518e+00
2.466659056559197261e+00
4.974843272928538340e+00
4.331225818774990799e+00
9.807538723281444826e-01
1.867103712880938460e+00
1.849365880255433137e+00
2.338643287632598433e+00
2.288010781108026581e+00
1.588199066672211668e+00
2.386760316474030752e+00
2.676907674353782074e+00
9.459999690854694609e-01
9.967088054658961027e-02
1.187818652728321878e+00
2.108277342979321123e+00
2.321188039314487916e-01
2.560149908976325772e+00
2.776365202578995550e+00
2.284955868339941798e+00
3.511762860476085102e+00
1.357442959515762215e+00
9.206655397364980065e-01
2.051004124866493417e+00
