3.337015146195990711e-01
-6.046129843930320158e-02
3.564008413018198151e-01
2.933853584773618017e-01
2.180031124060561876e-01
3.552461864855675500e-01
2.940342287673916588e-01
2.317226617401875188e-01
-3.094594429055296803e-01
5.382351259910862495e-01
-8.106169808782717201e-01
1.619609518681191795e-01
-3.875414070377410924e-01
1.106485820258888142e-01
3.502491923572980670e-01
3.552757782435504025e-02
1.898944195379377586e-01
5.832012213603917500e-02
2.804842300790929555e-01
2.339649862639581190e-01
-8.878359954204405324e-02
-5.293884895421635539e-01
2.695766838672160048e-01
3.756831131745448360e-01
-5.653039629849103687e-01
5.408147837710320927e-01
-2.255010167598401061e-01
1.031575813881883408e-01
2.838121910008849572e-02
-7.072737324998392694e-01
1.070311911879851391e-01
-1.144213976696695639e-01
2.590210309659133348e-01
-4.016925857818840484e-01
-5.801177612588452881e-01
-8.901105211355025970e-01
-7.075863158513624462e-01
-5.504849824304550721e-01
9.384469895226112135e-02
2.609480298168665446e-01
-5.648402810086008419e-01
-9.929324344033357841e-02
-1.040456913014642937e-01
-9.726792182924975938e-01
2.260176641856635749e-01
-5.684943876738174362e-01
3.598117780978719593e-01
-1.038477244340019867e+00
1.881702915380129015e-01
-1.709877101449938985e+00
2.316749524652036429e-01
-9.268749233628510442e-01
3.160318048346472120e-01
5.012242828766150238e-01
-5.264323159381253392e-01
-9.743644948963777752e-01
-3.006506715917245734e-02
-6.813945478790482957e-01
-1.566600806985562755e-01
1.567660963814775932e-01
-5.398274875103467041e-01
5.211022895986566761e-01
4.418016412537772997e-02
7.064506792256213252e-01
2.186744489193954144e-01
3.788085798829112782e-01
-6.972091175036287947e-01
-1.607644468918582037e+00
-7.051027788785060868e-02
2.996976808370989676e-01
-4.442472084538782728e-01
-4.151121604278936172e-01
1.105624605829854112e-01
-6.393250127115190917e-02
1.357803514012071722e-01
2.118463183617699114e-02
3.276934122752219736e-01
-2.763213569067641817e-01
-8.226462474632858513e-01
3.220514287837808465e-01
