3.569551851099595496e-01
-9.780794784238989656e-05
5.889467877384244737e-02
5.210099274426778504e-02
5.040914405813066296e-02
-1.261905209194361110e-01
3.565483722172561043e-01
2.514949451801044011e-01
-2.075814572687364745e-01
3.411800072318155741e-01
-6.129138318962055187e-01
4.991781262878629971e-02
-2.433987891014497140e-01
1.878284896801130921e-01
1.930287496068837094e-01
1.971573466414072023e-02
2.447131540225260526e-01
6.346666855600716084e-02
-1.390690929995355707e-01
1.574378311532788066e-01
-9.639537120019590899e-02
-3.279572291982502663e-01
3.641272042730431813e-01
1.478085349644749080e-01
-5.116898005395538185e-01
5.721606185545861090e-01
-1.679853209907636591e-01
3.968524705884798193e-02
-3.474052997005366156e-02
-5.064710555692317762e-01
5.685156030792561793e-02
-1.539031295969178481e-01
1.670793244885859230e-01
-3.190420878044403219e-01
-4.317694042099010643e-01
-7.366939814542502463e-01
-4.340583955276395844e-01
-5.676307115385209601e-01
3.179827662271956373e-02
1.115801846803360781e-01
-4.811924391015716118e-01
-1.685924808150136289e-01
-1.290430039482277635e-01
-1.016615157153241134e+00
1.370250370298400633e-01
-6.884677850023012136e-01
2.196306045201663615e-01
-9.578113898784418323e-01
3.808015304522784916e-01
-1.380410636711245642e+00
3.600627673289507613e-01
-7.531018625714899217e-01
3.124383609136263673e-01
2.658658751094390982e-01
-4.099715860982668936e-01
-8.491722532097805143e-01
1.011189717482924993e-01
-6.759000336933083108e-01
-1.927970723705881018e-01
1.359969101374108313e-01
-2.629346522541710085e-01
2.344143736414593671e-01
-1.263254973532673513e-02
6.704894654303095169e-01
1.446202144419877489e-01
1.637808403141715607e-01
-3.640413062482787399e-01
-1.381605888063015541e+00
-1.840398723472075893e-01
1.624570876105966843e-01
-3.168782278251138229e-01
-3.038154495848212067e-01
2.118138609607781997e-01
-1.229341193289381073e-01
1.735381484500011784e-01
1.415860298132754214e-01
2.549146542273689753e-01
-1.108236233671668070e-01
-7.351366206828872096e-01
1.875932045899780520e-01
