1.701649511625756561e-01
-1.858145464663633617e-01
4.687702372768779574e-02
-5.385695270941354140e-02
-5.827774056327477380e-03
-2.043873332086499350e-01
9.976105968196906371e-02
1.810679050756091868e-01
-3.889520946042572813e-01
3.647594125726695835e-01
-8.195438126378951083e-01
-1.433077890848943325e-01
-4.289593779471951307e-01
-2.405339082384182550e-02
1.356509812079769450e-01
-7.407963336876616234e-02
1.125301544929038638e-01
-5.271455137123130102e-02
-1.416735776185772122e-01
2.832814100216999795e-02
-7.768787951644831602e-02
-4.383284561507239108e-01
1.246551879801711948e-01
1.289181690217795773e-01
-5.206747933581428178e-01
5.357348384333769920e-01
-2.477187885818412649e-01
-7.239959498577687447e-02
-2.146508841145035040e-01
-6.326632075469829086e-01
-1.613887775390514812e-01
-2.297378063496927636e-01
8.753658643734668621e-02
-4.594220799020416468e-01
-5.280388972136059733e-01
-8.036318741104599983e-01
-5.533306617824194085e-01
-7.394343254439977864e-01
-9.204740281738260643e-02
-1.936448657258247608e-01
-6.130242330955010255e-01
-3.677809854906344822e-01
-2.055179059750933401e-01
-8.871563942605855679e-01
5.964716203834647540e-02
-6.572657137158894880e-01
8.621288888258335503e-02
-1.073753278899971964e+00
2.558041825682454418e-01
-1.549262607672938552e+00
3.452989312998592797e-01
-8.611225883474178389e-01
-3.144631578487557672e-02
1.900512712336469012e-01
-6.200334810855259171e-01
-9.153455919595581136e-01
-1.529116747621951655e-02
-7.085949344345523482e-01
-3.814110002737259308e-01
-2.941632705480306392e-02
-3.661984425387100894e-01
2.784920199062411728e-01
-1.374966365896280740e-01
6.152680538811623467e-01
2.150802193233723736e-02
1.613283736147686498e-01
-5.393418436257695348e-01
-1.601863270623443913e+00
-2.349655916429188030e-01
1.743166445403438181e-01
-4.049456002698453294e-01
-4.531819965461304500e-01
1.413802158167730971e-01
-2.692125131534772731e-01
1.669290295295859095e-01
-2.194456937047429418e-02
7.983164850273311020e-03
-3.111547499425990626e-01
-8.869045040200818075e-01
1.142090969534473033e-01
