2.058139150320633104e-01
2.380582396379619936e-01
2.218196392248996951e-01
1.880085682542941838e-01
8.605235320162310866e-03
-4.202468246899711268e-02
2.523147857533125094e-01
2.768594736708502868e-01
-3.170183919535945472e-01
2.971274359463492165e-01
-5.936995530246880204e-01
8.495441256391053630e-02
-3.589882996316638986e-01
-3.872536286303827641e-03
1.969763619490720319e-01
-9.618809744580353316e-02
1.788020742688334885e-01
-8.766821411272257558e-02
2.397708852044730665e-01
2.194886573820167830e-01
-1.350468921870592309e-01
-3.027011181358136294e-01
2.098209891969494423e-01
3.707814354083992514e-01
-4.464647791196201254e-01
5.438191807417418477e-01
-2.429237525257315622e-01
2.518741551289727099e-01
2.060312993240545343e-01
-5.556087097021135124e-01
3.791893812900904437e-01
4.979504519108157723e-02
1.214854327391824869e-02
-5.906312775886235489e-01
-5.995682456733304466e-01
-7.409781087444651249e-01
-6.762444053114603504e-01
-7.627821065394622124e-01
2.189057831158985890e-01
4.403870222316889071e-01
-5.549326818801443295e-01
-6.820153090540513607e-02
-1.861559388936631088e-01
-1.245513509933459551e+00
-7.762128835902630530e-02
-6.348657982729698501e-01
2.999313449125427522e-01
-9.777158276727752062e-01
2.300754864174705816e-01
-1.262519803633194382e+00
2.241561986491161507e-01
-7.787787716040659447e-01
3.972569583967689999e-01
4.022691196347489284e-01
-6.123785849896761224e-01
-8.484211507542747110e-01
1.439291077343643477e-01
-4.522167364317074556e-01
-2.256592478241439548e-01
3.768011984597194330e-01
-5.283320792023625811e-01
6.150649720280805255e-01
-4.121906939935537223e-02
6.897046011201146687e-01
1.454057399695516187e-03
2.373872016382818362e-01
-6.106322372464885184e-01
-1.298647742587312415e+00
-3.449121635923912410e-01
1.210162427975630672e-01
-1.547568320079620863e-01
-3.553352566474323182e-01
7.647183049203383487e-02
-3.409504682840897027e-01
1.564118944025822550e-02
1.060839512205614954e-01
6.001445844245257843e-01
2.199395793732143445e-01
-4.530308884659571267e-01
3.871936758180293814e-01
