2.868243679453509887e-01
4.147874283906970161e-02
3.410997017951514776e-01
2.979023571803824932e-01
1.574218300794620329e-01
2.813646088231050446e-01
2.594139359877827844e-01
2.007006647860979376e-01
-3.311892226836009590e-01
4.889174879134491891e-01
-7.805575802850075462e-01
1.889852653024562679e-01
-3.621796292644093307e-01
7.310147225237222102e-02
3.298251282623147485e-01
3.545617875151310661e-02
1.768725586334956856e-01
1.087559809629473802e-02
3.623875388222354554e-01
2.413964633145913030e-01
-1.183889579676262738e-01
-4.622433839087142782e-01
2.424248283747051647e-01
4.321525565574576011e-01
-5.326210209226148740e-01
5.668997546961150880e-01
-1.803533143226799251e-01
1.665646180668202692e-01
1.157651893503207630e-01
-6.055729483318974538e-01
1.365913230020575353e-01
-5.969508847020108672e-02
1.835748501522811438e-01
-4.873232606257572042e-01
-5.803508564950001780e-01
-8.584539894441269858e-01
-6.919815839042390282e-01
-5.596482403580652631e-01
1.342860458667287649e-01
3.718270405965388714e-01
-5.627451843705714163e-01
-9.479353637729785731e-02
-1.034261829219295936e-01
-1.066244684416190136e+00
1.351958437992431261e-01
-5.322065011407388635e-01
3.795956452235720868e-01
-1.008027279415758981e+00
1.324737239380846254e-01
-1.633040965347202667e+00
1.383526844617825879e-01
-8.804368288507257168e-01
3.730806016034614037e-01
4.814062658271459627e-01
-5.769094385320790996e-01
-9.240193460171375328e-01
5.244242799583220468e-03
-5.948450390633418516e-01
-1.208558104260055305e-01
2.403225145958189091e-01
-5.231647420820375594e-01
5.847869786261236102e-01
2.188454600269735748e-02
6.616714599553253917e-01
1.303570025875511740e-01
3.627507066075938980e-01
-7.340005827991838983e-01
-1.541205612259968882e+00
-1.561633417013943703e-01
2.293636615756307062e-01
-3.735326874978512901e-01
-4.095388741422444356e-01
1.093406053897604951e-01
-1.605708351104634668e-01
1.217786925847912094e-01
4.577800568401782511e-02
4.095755793316848692e-01
-1.340634613275672737e-01
-7.057229778382889673e-01
3.333541133009370605e-01
