5.994937528166424112e-01 8.398525025493167040e-02 4.122776773874540224e-01
1.008476047840071166e+00 7.064783555655423930e-01 5.916912638392948232e-01
8.094767839493562933e-01 3.842327946942976358e-02 3.336368011160712466e-01
1.013309981991768804e+00 3.078087391489302271e-02 1.719580371598226562e-02
2.690418548923236841e-01 4.601919513349569391e-01 5.919724327393925956e-01
3.676316049951736109e-01 2.058517307038671695e-01 4.907210493602168211e-02
2.610433964402781859e-01 5.109058186650621280e-01 7.747567289672276925e-01
3.850041992086944420e-01 7.911069332887455952e-01 6.300787174605276819e-01
7.486056662979772014e-01 4.529956157533249206e-02 5.454719654594233358e-01
7.363408524688116463e-01 6.303743390343630182e-01 1.671991692216209524e-01
1.204417777447233773e+00 7.111625480943747357e-01 2.352165354107699224e-02
1.968144799906329512e-01 9.798766472859643528e-01 1.138896636713813137e-01
7.920474643581678631e-01 1.944406630238509626e-01 1.000903910166643040e+00
8.502084770902825772e-01 1.507281751066307796e-01 4.345570303935883394e-01
9.183062343807009142e-01 4.139587234043207720e-01 5.909375938461913780e-01
5.946987982801654748e-01 1.077386990844430681e+00 2.705027794313358824e-01
2.901616199936544183e-01 3.138157428259705228e-02 4.821884137970498529e-01
2.383210783877837968e-01 5.832922266972065950e-01 5.185191108640528901e-01
7.431520333788901311e-01 7.048005098518510536e-01 3.011267550259376022e-02
8.994612575232050489e-01 1.249933102815550673e-01 5.291354308972897602e-01
2.044028067553596006e-01 2.688164796011084379e-01 1.208430520961601973e+00
8.027133943346211886e-01 3.524393750508424961e-01 6.916151162096679794e-01
5.868520887091264182e-01 3.328267832636415124e-01 6.283868309220352888e-01
9.842504255320134732e-01 2.264927362602794647e-01 4.650136613179665090e-01
6.526210264345886358e-01 5.929948564628628738e-01 3.298323330472054393e-01
7.478553097952058692e-01 1.046665930509235176e+00 4.402809809883432429e-02
6.280773757442550398e-01 9.659328090033041381e-01 3.658584070502727270e-01
7.207677026282333088e-01 3.320510713037849726e-01 2.267427316891662270e-01
1.445192401212986200e+00 5.312601665223352226e-02 4.778141374349448300e-01
9.392912213822305345e-01 6.230035227033224876e-01 6.247283616047815125e-01
5.938543290091659044e-01 6.901209961130387871e-01 2.023817042213406081e-01
1.171470569912731463e+00 2.911560054623396065e-01 6.580818906723873152e-01
4.583746883133101302e-01 2.881624907109613283e-03 5.890963598951796110e-01
9.492084472064839240e-02 5.958777822094480925e-01 7.416961407318291011e-01
7.773086705293291709e-01 4.012418247923797421e-01 1.107296443591796464e+00
3.523515335734978549e-01 4.910840221570238473e-01 1.187600129981059904e+00
5.243141353621809664e-01 7.864572785406365174e-01 5.130976210506259516e-01
9.333923083975655954e-01 1.921657123097119946e-01 5.621467575820568996e-01
8.825074871679960964e-01 4.573235158287031754e-01 1.018102136286806347e+00
1.608825171816367305e+00 8.543420662670166144e-02 1.648220740426127595e-02
3.899939001163774122e-01 4.806775825876579700e-01 2.570025315831203638e-01
3.705803695805425790e-01 3.762487724338916539e-01 7.750272788186770567e-01
5.446645847260365159e-01 1.187253792540124975e-01 4.668011956517203465e-01
1.205635955657094888e-01 1.395291107797659858e-01 4.127325268681187875e-01
2.023770039462404954e-02 6.269203705023549192e-03 3.216695574623100462e-02
7.956325738643670320e-01 5.898082659472194678e-01 6.687863401043265821e-01
8.033661806292072827e-01 4.198820142125771482e-01 3.609111063537936981e-01
5.752255239696612010e-01 7.045926672178055572e-01 7.405145186777328803e-01
1.777153577255616013e-01 1.299906030959840475e+00 3.265627077435946657e-02
8.483750022173847105e-01 1.171416805206134892e+00 6.722766926167704771e-01
5.463729587073671429e-02 4.464093396214549037e-01 7.380446333842631823e-01
3.789493515208299801e-01 4.816570477684821716e-01 4.214672233824588443e-01
7.271373542514359967e-01 1.008146549858952801e+00 2.236588860085796382e-01
7.295124125703377205e-01 2.055263006343135967e-02 1.331841207086310042e-01
6.761372649205740215e-01 2.213828240663507918e-01 1.021130557877545586e+00
5.933460775464307613e-01 6.981574064473674568e-01 1.131733959892651686e+00
2.723495323365180965e-01 5.238213234686903697e-01 7.126586658951554742e-01
9.523541249663670660e-01 7.994910371063626009e-01 9.207618267666877188e-01
8.311028973523864050e-01 2.400704802686068062e-01 6.360541143873078562e-01
1.512342015491629832e+00 4.326421627480613874e-01 5.598160653393744468e-01
6.823056370488164157e-01 4.208079447448430099e-01 9.952418942127101431e-01
9.545718552280765268e-01 1.078858735182585793e+00 2.466516937694911427e-01
7.349914266169771393e-01 2.127377901645564062e-01 9.457411034555882057e-02
4.192306168692283008e-01 4.668269188943820897e-02 4.701021893200790225e-01
-0.000000000000000000e+00 3.034735969373686046e-02 6.380720111575439724e-01
5.162568767566563244e-01 4.056985921480248947e-01 4.361551448092097771e-02
3.895184978025221789e-01 8.455388285626954659e-01 6.452108278624610893e-01
5.895295150875097256e-01 9.723454355378934322e-01 2.355303832494995975e-01
2.890625686164554481e-02 2.804554403204241875e-01 7.367352845145637430e-02
8.098969975415928335e-01 3.916464250876143527e-02 9.691269992806444966e-01
5.704216677837419258e-01 1.132440524909167134e+00 1.042701836390227621e+00
8.244587227140441898e-01 1.851239123656872043e-01 5.348508186227418637e-01
9.182432887505727059e-01 1.708791682603495177e-01 1.080599544548786817e+00
3.191718011623120854e-01 6.059488676500762033e-02 3.152402227090803088e-01
7.079396288331120113e-01 5.293877258026706834e-01 3.934478851098288654e-01
9.037217634113456910e-01 5.340824826745445009e-01 3.698589978690391411e-01
5.770272908194384875e-01 7.949944557882060447e-01 3.920946849619598440e-02
8.152185279131739515e-01 1.275281890772865578e+00 6.552969815536185960e-01
1.042748190110982076e+00 9.724929827070006860e-01 5.403243870455773923e-01
8.791825185715927971e-01 1.327901024778095629e-01 7.599251120358566647e-01
