1.783171709409754613e-01
-1.210361452951800587e-01
3.054700544897726022e-02
-8.538323071003613152e-02
1.260048625421713586e-01
-1.930941122046561098e-01
1.655026972339510016e-01
2.375290193377343761e-01
-3.467243298234320426e-01
3.636330155778605966e-01
-8.619270680385432426e-01
-8.440945014634475274e-02
-3.040580732013568599e-01
6.456271315993399040e-02
2.449894933927112550e-01
3.125493711453921492e-02
1.334454346059754104e-01
5.128602055137906901e-02
-1.154532395780668019e-01
4.177406049204807764e-02
6.871794134964580303e-02
-4.674666739159380469e-01
1.789628282602257481e-01
1.208112567187879655e-01
-5.631343861894253511e-01
4.918445556740999591e-01
-1.494988393946985461e-01
-6.232031269956629649e-02
-1.851361497767031739e-01
-6.174797789823387451e-01
-2.082397444708373180e-01
-2.214697957192592881e-01
1.507257898046774902e-01
-3.206742610680647920e-01
-3.527416768269613923e-01
-7.486008799670962333e-01
-4.791477629322379306e-01
-6.287757287696046360e-01
2.092725857596932151e-02
-2.729661008295850011e-01
-5.734269665247855308e-01
-2.638512102654278491e-01
-1.573311800537795235e-01
-8.322394597160347463e-01
5.871083154656261960e-02
-5.709857394960158317e-01
6.375048749848317986e-02
-9.957825730898314243e-01
2.798101897191294651e-01
-1.573384740576310170e+00
3.661442717001758829e-01
-8.900713774217694496e-01
1.530593984254580847e-02
2.112821228930338302e-01
-5.183123259873253508e-01
-7.990235455767425998e-01
-1.414646832943463987e-02
-6.150580174870532435e-01
-3.119550157340627017e-01
2.306027161383485992e-03
-2.356489606131081938e-01
2.810740336022123920e-01
-1.138043000878382893e-01
5.817286614630579056e-01
1.056250196493834087e-01
1.182281876086481859e-01
-4.160663435732911419e-01
-1.657443849523858592e+00
-1.621979646598683822e-01
2.834032565225609313e-01
-3.137307312341237608e-01
-4.292348088844948895e-01
2.213427545348547465e-01
-2.254221577328264503e-01
2.176206246142059764e-01
3.347790539237952695e-02
-7.036660875572332829e-02
-2.987129989635063931e-01
-8.450913016707515268e-01
1.723047766168077366e-01
