-1.127242443124585103e+00 2.346622046071278056e-01
-1.720297543719897071e+00 -1.190205037996314053e+00
-3.702976313800940278e-01 1.747577382176009886e+00
-2.755625029086637978e-01 -2.372738383995046108e-01
-4.850641378725981667e-01 2.620806541647321408e-01
-6.000249849395717927e-01 -1.082911944102634916e+00
-1.177696194170319899e+00 6.413071413445892155e-01
-7.078944325147188410e-01 6.392274363630107148e-01
-5.340159931414097949e-01 1.322193882119731434e+00
-9.336551833924636723e-01 8.915346938323895909e-01
3.101527486541137343e-02 -7.798153281289908409e-03
-1.367590953016133204e+00 1.824670339780982697e-01
-1.289219592753774846e+00 2.055799087419664384e-01
-3.058599757747628156e-01 -1.367866220198672988e-01
-1.430968701144302191e+00 -5.279315628982591546e-01
-1.812642418507321773e+00 -2.242889791608536854e+00
-6.685236785829887785e-01 -4.919256707043075938e-01
-6.541203980804107809e-01 9.015287772967015001e-02
-3.725894121367142597e-01 -1.210759699886222895e+00
-1.131598894800959210e+00 -7.325371494885046797e-01
-1.164833417662961113e+00 1.058912824026077421e-01
-6.251909798342319968e-02 -9.768969604274860274e-02
-2.887642666477632236e-01 7.446993294385679807e-01
-4.141771290392188831e-01 -6.519962119026580238e-02
-2.321181280261162438e+00 -7.433906758511895640e-01
-3.569946103910266455e-01 1.225615310838402694e+00
-1.670378692160574108e+00 -6.637455329808981952e-02
-9.459424840335782791e-01 -1.681455480852016127e+00
-8.840359477114029252e-01 9.053517547308573832e-01
-2.009303796580872922e-02 1.467272854980630932e-02
-9.798299607041387471e-01 1.726606484789991125e+00
4.442391400954732311e-02 1.001732814498841884e-01
-9.667898802732930452e-01 1.478274506171301850e+00
-2.469397962858188855e-01 -5.595642144859162004e-01
-1.619765879339885251e+00 1.100985233216525971e+00
-1.081027659846629518e-01 -2.862436286954920250e-01
-1.735746895902531284e+00 4.421617980012397253e-01
-8.975646038499099921e-01 -5.371911623970438976e-01
-1.324032820303058022e+00 -1.174054483126873105e+00
-2.149742637137161516e+00 1.653041374873571057e+00
-6.395827437777265034e-01 -4.221068926561751256e-01
-2.521871266763662245e-01 7.865484063548862093e-01
-1.023920488979738863e+00 -3.348681830687080252e-01
-1.691898622242537620e+00 5.386995714397234680e-01
-1.144959752596639957e+00 6.406606303366117749e-02
-1.787357264145285729e+00 5.655155103379583270e-01
-9.141960774505685228e-01 7.651020931841497896e-01
5.140603287137907040e-02 8.278523938501759494e-01
-2.370126937516324750e-01 1.347939173428811810e-01
-8.295156002890804459e-01 3.163446346348606220e-01
-2.049880721116435822e+00 1.547859310232222174e-01
-1.661097684905028515e+00 1.021915028222225227e-02
-8.856357626470775513e-01 -3.971618315685903622e-01
-1.215263901279598047e+00 -9.508263383952861858e-01
-1.442677090723818889e+00 -6.274195907478163914e-01
-5.121125914326949413e-01 -5.150384361148231394e-01
-1.536795551742455856e+00 1.067317886461620624e+00
-1.335883728824537764e+00 3.061199286999719549e-01
-2.459131006143600029e-01 1.960697204616995148e-01
-1.155426372581232819e+00 7.386842217093407548e-02
-3.782621291136621933e-01 1.438376111050279738e+00
-1.228279915129425248e+00 -1.055999137472619420e+00
-1.507056586211283078e-01 6.532815419729379181e-02
-1.771367914657854259e+00 6.448282346179327051e-01
-1.223344303810653511e+00 -8.342407893507347572e-01
-9.139030721407470637e-01 -1.121666395918416992e+00
-4.399208799320011853e-01 -4.215724717243413688e-01
-7.995419900562803495e-01 5.402631809502195237e-01
-3.263949328041535480e-01 -5.775613230610641136e-01
-1.196695878643014854e+00 -9.767999349411194965e-01
-1.220278968695785782e+00 1.111912464196850747e+00
7.285287729870701390e-02 3.861099884915252245e-01
-6.977510062389431500e-01 5.923980910564882185e-01
-1.524366359241915159e-01 4.430926553558171554e-01
-5.869986420448083386e-01 7.171475056241670698e-01
-7.275647064763018923e-01 9.649259531055006667e-01
3.116919339606581962e-01 9.695016229721138690e-02
-1.310011365013278750e+00 -3.296774939076560496e-02
-1.219741600013361404e+00 -1.908305243089989944e-01
-1.345412585857781451e+00 -9.778000812858288482e-01
-1.474844396488154352e+00 1.762391782561444631e-01
-1.743208207688698330e+00 8.902479806747630731e-01
-1.043816192240175189e+00 4.812889856312616704e-02
-1.104694204330095131e+00 1.174369810511567414e+00
-1.318909113717849246e+00 -6.670031404630517857e-02
-1.440495782798006275e+00 -8.415852697816060546e-02
-2.703260712620259576e-01 -1.063610517379069975e-01
-8.732171720252310254e-02 3.091053183662136883e-01
-1.226741108012022297e+00 -6.961104201781077860e-02
-1.355116960590870834e+00 8.935995494286372853e-01
-1.159215395394842085e+00 1.107926498044636970e-01
-1.245157220207004922e+00 -4.042111182102648970e-01
-1.566168794920581586e+00 -4.450505403159944473e-01
-7.947369697872559424e-01 4.100665288326360569e-02
-2.001816701497546536e+00 -2.308728285914039891e+00
-1.381271551490760308e+00 -1.638232807688823345e-01
-9.942321657214233666e-01 2.054747785896013368e-01
-1.824557824348898238e+00 -1.561619956871923787e+00
-1.600811657967124102e+00 1.567706735073717494e+00
-3.582278023943005762e-02 2.933470083539240630e-02
-1.119921263603485428e+00 5.489940262792115666e-01
-5.249619048989671022e-01 9.168216887838832596e-01
-3.743504735457127142e-01 9.720117079637705659e-01
-6.421354648933578213e-01 8.186531343792821103e-01
-7.182817779540182634e-01 1.682139282374072842e+00
-9.940805175040506869e-01 6.621991997521269324e-01
-1.682524886566248323e+00 2.892512036854928692e-02
-6.872278734638608277e-01 1.732840246988237576e+00
-1.837781202975266037e-01 5.574741227877970662e-01
-1.188258909394755147e-01 5.928637889257383220e-01
-4.022514418043242057e-01 -1.165445019321026537e-01
-1.060016077736003481e+00 -4.569382001169730034e-01
-6.839372149919198396e-01 5.946460507026877229e-01
-6.858216502646088397e-01 4.839321933624656791e-01
-1.202027988034601202e+00 5.441084402327347469e-01
-1.422621762615526413e-02 6.972712658195517887e-02
-1.194130214299860882e+00 5.549906926684885500e-01
-6.796563896603963206e-01 1.058179142237667847e+00
-7.366590875304072084e-01 -9.625383904482166519e-01
-5.037817087760585455e-01 -2.055220628479920500e-02
-1.403850187359131141e+00 1.265699426788535753e+00
-1.166461561942738312e+00 5.524664040995361930e-02
-1.301389668973446934e-01 -1.101591667768056226e-01
-2.156697376118673404e+00 -7.767883050139596790e-01
-4.793672436076996668e-01 3.017748194690725860e-01
-1.550943000987266451e+00 -7.314423702428007878e-01
-2.152898245324966986e+00 -6.797226671313402746e-02
-1.455688965077464259e+00 -9.003139959684584026e-01
-8.508176220761586306e-01 5.810391722951966376e-01
-8.730609809531385546e-01 9.724643323017403418e-01
1.011809665434924982e-01 8.219277237439953643e-02
-2.439524038519169102e-01 8.825017647032369350e-01
-3.918827118484365934e-01 -1.384200985536029327e+00
-8.689144915341664444e-01 -9.015530313210862179e-02
-1.480116733677814544e-01 7.035328799827635926e-01
-1.253656103914027264e+00 4.950079468848809783e-01
-8.027866881109324559e-01 -5.619891100583288557e-01
2.113104468000832348e-01 -6.487221215969329879e-01
-1.352380384747913000e+00 -6.251655284009367819e-02
-9.014867869927737365e-01 5.611979345041836487e-01
-1.077229263286397343e+00 6.600208352685579261e-01
-9.823178804087464577e-01 6.791986752244939529e-01
-2.113581809570511894e+00 -6.664894373395581217e-01
-1.355327691980010574e+00 -7.742929055803885463e-01
-1.263925975258625600e+00 1.271506391255209589e+00
-5.313403365765899666e-01 7.691284613840915219e-01
-1.232514121389305606e+00 2.116211578943270499e+00
3.635210760937195862e-01 -1.066299619987148006e-01
-1.168147153740367816e+00 -9.671596215234355975e-01
4.829486044809341849e-01 -1.631482415236006345e-01
-2.629221087626070208e-01 4.296104063730350475e-01
-1.303267110060197576e+00 -3.121919494943214968e-01
-1.104442771965794323e+00 1.577299659464718617e+00
-1.128043888340802381e+00 -2.321443712557532124e-01
-9.474199744465585660e-01 2.156126280609567403e-01
-4.624862359513758903e-01 1.059807482627005193e+00
-7.622878031288492506e-01 4.127628881410393413e-01
-1.037506252695526099e+00 -3.996120284426633584e-01
-7.475007689005320755e-01 1.297062525258075638e+00
-1.499163310954734429e+00 -6.657957059646177900e-01
-1.041708407763892286e+00 1.471157371814518333e+00
-6.196007621000304555e-01 -3.778849597825577056e-01
-1.275086693924441239e-01 -6.146056814954356518e-02
-1.212905150133618326e+00 -4.539432613759528112e-01
-1.421364140128258624e+00 1.678025685794370392e-01
-1.899039517505580976e+00 -4.330556017343455966e-01
-1.668093679579165656e-01 2.699229081128239338e-01
-1.125779969501461864e+00 8.229213330051267095e-01
-1.713729344564019152e+00 6.013509631224153024e-02
-1.107212864251663653e+00 -5.845774380723160746e-02
-6.270687888886349315e-01 8.984382728644301971e-03
-1.311107763166845963e+00 9.195347980152271394e-02
-6.287247040926663422e-01 3.133132883399914470e-01
-9.858422075524884143e-01 4.744611370386531690e-01
-7.125033526659487748e-01 -3.003578235231135207e-01
-1.400836042887837030e+00 -4.822814188063445640e-01
-1.070153269915394389e+00 1.097863693812499930e+00
-6.873879740778350289e-01 2.852392502066715685e-01
-1.479862861100180726e+00 4.519410579325397470e-01
-3.175829672958834782e-01 1.086409495285440840e+00
-1.753803625807271782e+00 -1.486176296253707063e+00
-1.173884178180462978e+00 9.173474164929942276e-01
-6.684872611154029087e-01 -9.181234294372497828e-01
-1.045936371180408303e-01 -8.888018505276046310e-01
-1.951561007635128908e-01 2.192000123148112767e+00
-1.629467651641694159e+00 -2.954768091429106347e-01
-1.217544567585753468e+00 6.664060300220485678e-01
-1.219710044704289675e+00 -4.296223540021848475e-01
-1.430592334898336482e+00 -8.100369975967918190e-01
-4.962737908569055389e-01 1.035705338842173584e-01
1.786220352457407734e-01 -7.844893183429706152e-02
-7.291909496632739129e-01 3.419253300913001614e-01
-4.034462214629440657e-01 7.086901279413347909e-01
-7.795674473273467298e-01 -3.206717317592187588e-01
3.621133162037666175e-03 -7.076180885896357631e-02
-1.650206846603813560e+00 2.115838912422526530e+00
-6.020409419728885991e-01 -4.867564759570091465e-02
-5.464286018199456807e-01 -6.949071026175545063e-01
-3.615032040051255335e-02 5.254172464581545743e-01
-1.062344412800808824e+00 -7.149144536109264259e-01
-1.045435210437612339e+00 -6.780160868316900125e-01
-1.488650791545379048e+00 4.969722604366186847e-01
-1.147513071078680502e+00 1.544005113480808600e+00
1.134349078601706307e-01 -1.176338707979822096e-01
-1.042177242647469138e+00 8.946528818691915630e-01
-8.429848604951785118e-01 1.249664376221494733e+00
-7.496458873511204768e-01 3.343243672885630180e-01
-1.219853202754453969e+00 5.233975251905261805e-01
-9.557705549434380998e-01 5.012977173538706310e-01
-2.292801261203171848e+00 -2.670632346838415772e-01
-1.172681394727631554e+00 5.079516215207506846e-01
-8.420498677061267756e-01 -8.738473891064136856e-01
-1.121850198009183952e+00 -1.282265618444855981e+00
-1.791067916672695048e+00 -4.569754551456301495e-01
3.612277196559165460e-01 1.507847372445716205e+00
-1.467075096120353583e+00 3.318568482315715773e-01
-1.671007295324154152e+00 2.043852991512666417e+00
-8.452233280310516017e-01 1.790304336311445421e-01
-1.306156625862954668e+00 -4.584746077409477261e-01
5.566969572162407121e-02 1.580371479778062971e-02
-9.069802016088556185e-01 -7.480893213321021529e-01
-7.144567940511579174e-01 -1.314700249628150130e-01
-7.462172758210248169e-01 -1.311715132070324918e-01
5.685430469147055854e-01 1.710380399108306415e+00
-6.638242767260184030e-01 8.480455357019843765e-01
-4.896101573153240349e-01 -6.967546089377386620e-01
-1.285432829244743669e+00 2.504843212041245049e-01
-1.261802252473507080e+00 6.019592178125977577e-01
-1.111251866517904530e+00 -1.123991679972141111e-01
-1.498314481562367018e+00 -3.450323570460812617e-01
-1.304072419721046705e+00 -6.608463632805882115e-01
-1.864756702904137864e+00 -1.693244474693354817e+00
-1.381813765364495739e+00 1.117896111835815942e+00
-2.863657892301358920e-01 9.083489993465380108e-01
-1.590705528610832031e+00 -2.685638867182718950e-02
-1.293504749017174937e+00 -4.478299385346288797e-01
-1.514072117894052161e+00 1.566006732780645672e-01
-1.033954826988591341e-01 1.900841524901581217e-02
-1.403646776933274554e+00 3.726268207838978053e-01
-1.506203344578480374e+00 1.016754013242533450e+00
-8.034938421772482853e-01 -6.880837362689888881e-01
-6.506035243714122229e-01 3.713260355610096819e-01
-1.868202963033729347e-01 -2.958927396457471937e-01
-4.657917198603231390e-01 1.823125632224650017e-01
-8.332389798852931628e-01 1.141840591891842352e-02
-4.789382449830112409e-01 7.607289183142333933e-01
-6.538780633233884920e-01 5.673576970411566833e-01
-3.891272587479887440e-02 -3.060772922060911450e-01
2.445422656723264532e-02 -8.621656697078114440e-02
-8.653777617044700055e-01 3.813083732436519657e-01
-1.247686537729135736e+00 8.388207895732144870e-01
-2.608604006307255752e-01 8.451517093881575349e-01
-1.064350502775205515e-01 -2.725690665145102387e-01
-9.384241024282171661e-01 -8.935683511954287672e-01
-7.396732468652117420e-01 -3.956474971472803137e-01
-3.833220884012685792e-01 -4.366897645888935253e-01
-2.574265683692982698e+00 1.667983193879082338e+00
