1.058735025162440438e-42 -0.000000000000000000e+00 1.009248023953224203e-42
1.555488031778868586e-44 9.844761486407430442e-03 1.482781985147651582e-44
1.324852017791399905e-42 -0.000000000000000000e+00 1.262926274476717192e-42
1.278103885934067279e-42 1.636718643268430173e-03 1.218363226519293044e-42
1.019634187923429773e-42 1.344587568995784252e-03 9.719748235957192166e-43
1.724831395122550277e-42 7.119597472752858857e-04 1.644209963595783530e-42
8.795224316752077612e-43 -0.000000000000000000e+00 8.384121192689799795e-43
1.086020875445550449e-42 -0.000000000000000000e+00 1.035258489107985352e-42
5.730517916834411312e-45 8.067406225683018683e-02 5.462664166519222133e-45
2.889680653890634461e-42 1.479704469151317493e-03 2.754612268870131420e-42
-0.000000000000000000e+00 2.711046555415292381e-01 -0.000000000000000000e+00
2.306729003801945910e-42 1.982458623356081039e-03 2.198908729335285227e-42
5.150250520056208962e-45 8.797626802399718948e-02 4.909519413918781560e-45
6.618379372576651414e-43 3.881368959842842960e-04 6.309025530274605497e-43
1.310198291292383287e-42 1.511627054595863400e-03 1.248957487045303586e-42
7.578025356666030420e-43 2.892571159460527713e-03 7.223816096486632660e-43
1.895634980027448136e-44 5.058335778983381881e-03 1.807029910468654525e-44
1.504291305964740985e-42 1.341131595174296313e-03 1.433978277767843631e-42
2.377605252893260584e-42 -0.000000000000000000e+00 2.266472106989341130e-42
1.414019097947073342e-42 9.492832327732790435e-04 1.347925539930300353e-42
5.663031911959546964e-43 2.075876831585430835e-02 5.398332567539565876e-43
-0.000000000000000000e+00 2.579414243681649177e-01 -0.000000000000000000e+00
1.685680356844500280e-42 1.667673751489800885e-03 1.606888908677646750e-42
1.878351464103514904e-42 -0.000000000000000000e+00 1.790554254257583912e-42
3.069303511065056742e-44 1.965831556977996331e-01 2.925839260847939501e-44
3.577019697254049251e-42 -0.000000000000000000e+00 3.409823964727637900e-42
3.170247116109102726e-44 4.415393979535852526e-02 3.022064597216483760e-44
1.461936822261364090e-42 2.782786952436935076e-03 1.393603511686374369e-42
-0.000000000000000000e+00 3.139806085861582361e-03 -0.000000000000000000e+00
6.919003350192171700e-45 3.079911542664696134e-01 6.595597853047134837e-45
1.099572849193724487e-42 6.571106344035474377e-05 1.048177021508399068e-42
-0.000000000000000000e+00 3.936791186091516404e-02 -0.000000000000000000e+00
1.393809370999661634e-42 -0.000000000000000000e+00 1.328660448569806805e-42
1.760616127474794880e-44 1.959477681811653826e-01 1.678322059215419825e-44
1.299606198872972157e-45 2.664360794186990122e-01 1.238860486294637556e-45
-0.000000000000000000e+00 3.828521036756573626e-01 -0.000000000000000000e+00
-0.000000000000000000e+00 2.137580942111343141e-01 -0.000000000000000000e+00
-0.000000000000000000e+00 2.748233336799110749e-01 -0.000000000000000000e+00
8.221255279090173728e-43 -0.000000000000000000e+00 7.836980403631903288e-43
1.262622717292278693e-42 8.442497343856690713e-04 1.203605672939901911e-42
-0.000000000000000000e+00 2.721990222649622315e-01 -0.000000000000000000e+00
1.712202304006166160e-43 5.701400778557689369e-03 1.632171176788313724e-43
3.746499559824876638e-44 2.335212963966421668e-02 3.571382062206494612e-44
-0.000000000000000000e+00 3.415026490847892782e-01 -0.000000000000000000e+00
2.471758317118893821e-42 2.306698542105474915e-03 2.356224303488441611e-42
1.754046865279490090e-44 2.446988853696679400e-01 1.672059855045470289e-44
2.073269009697098490e-42 -0.000000000000000000e+00 1.976361035981797610e-42
1.324039587307055270e-46 3.681632941902554523e-01 1.262151818317585960e-46
2.049434750348055814e-42 9.420578985265732914e-04 1.953640828773464299e-42
-0.000000000000000000e+00 4.898871660182435028e-01 -0.000000000000000000e+00
1.901782029814869564e-42 1.069566381620533878e-03 1.812889637127027136e-42
-0.000000000000000000e+00 3.275663282338888704e-01 -0.000000000000000000e+00
1.083258344980840244e-42 -0.000000000000000000e+00 1.032625083821152334e-42
1.739415763043296188e-42 2.501793449577148498e-03 1.658112634381956809e-42
1.650018638056417574e-44 9.662322523431482457e-02 1.572894076767631826e-44
-0.000000000000000000e+00 3.384994498047298461e-01 -0.000000000000000000e+00
4.197138163336590786e-43 3.108520058021398808e-04 4.000957082681008492e-43
8.218449157210645757e-45 2.389863880036002253e-01 7.834305444464051207e-45
1.588773811312629196e-44 8.411678869154222415e-02 1.514511933077767457e-44
7.633441723005144973e-43 3.948953394838683288e-03 7.276642211513687125e-43
-0.000000000000000000e+00 2.684372395723367277e-01 -0.000000000000000000e+00
2.481244388167100262e-42 -0.000000000000000000e+00 2.365266980110025054e-42
7.137186162044260288e-43 5.704079986351862086e-03 6.803582444553851180e-43
3.297185672587643304e-42 2.135393709620746899e-03 3.143069838608014747e-42
1.781699302497465600e-42 -0.000000000000000000e+00 1.698419772264089606e-42
2.282038663618805526e-42 5.968680406775269580e-04 2.175372455906776747e-42
-0.000000000000000000e+00 2.952435958997325915e-01 -0.000000000000000000e+00
2.883237149817772231e-46 5.223389008729093508e-01 2.748469944682901080e-46
1.150606854715203204e-44 6.029315830037296209e-02 1.096825614407334569e-44
1.210695858331761641e-42 2.646909265428180435e-04 1.154105960027354794e-42
-0.000000000000000000e+00 2.253159647626484519e-01 -0.000000000000000000e+00
1.708243265958950939e-44 1.317674584474229638e-01 1.628397190634131855e-44
9.678664124731511423e-43 4.857856524701649123e-03 9.226267583707773027e-43
5.551067401155910852e-43 3.802059821647979249e-03 5.291601460514820620e-43
1.136150772189887464e-42 -0.000000000000000000e+00 1.083045232748057769e-42
2.829742884763274091e-43 1.653528838885658667e-03 2.697476088792706637e-43
9.063323562042515967e-43 1.288230147942825326e-03 8.639689042153575744e-43
4.809064509038085514e-44 1.011793860983251497e-01 4.584280993316141940e-44
-0.000000000000000000e+00 2.785174335908177090e-01 -0.000000000000000000e+00
1.339880869528466682e-42 -0.000000000000000000e+00 1.277252653180957719e-42
