3.688115994597063740e-01
2.435561215770211396e-02
4.391970998297488049e-01
3.999975252750937460e-01
2.993637168111880631e-01
4.669231065383159240e-01
3.592660559329617365e-01
2.783837915785042916e-01
-1.916192631901374177e-01
6.129733925406892769e-01
-6.900385006027831558e-01
2.649581593139408442e-01
-2.722679423774501672e-01
1.888471720310453961e-01
4.275424024980346571e-01
1.385372949429168610e-01
2.528590299612860082e-01
1.742205576053278693e-01
3.846865504308485950e-01
3.404831323959174316e-01
5.751989128643342913e-02
-4.130133752560755100e-01
3.465186539096414831e-01
4.638332858874297804e-01
-4.549200121990224499e-01
6.114939475397855873e-01
-1.066971880528601591e-01
2.261848652052364794e-01
1.059138933333094723e-01
-5.875780020273249082e-01
1.582231928388565523e-01
-1.185773529287431367e-03
3.677256972267074486e-01
-2.808227429246334950e-01
-4.497338878661663597e-01
-7.229689172692749244e-01
-5.806019026778767023e-01
-4.343891292399718607e-01
1.899707243555546765e-01
3.231943484523431831e-01
-4.379900999905899650e-01
-2.456638302027179185e-02
1.252806359054197891e-02
-8.148066751573969091e-01
3.030505057640894284e-01
-4.544762131364137869e-01
4.509235996351474984e-01
-9.166010274419447157e-01
2.348236110274695143e-01
-1.503663973662811015e+00
3.406500025200878690e-01
-8.025216614632399992e-01
3.846634268393304690e-01
5.519228714037992534e-01
-3.934784736051419318e-01
-8.301304860871716595e-01
8.910680850812884024e-02
-5.089586910492176486e-01
-4.984942521040239272e-02
2.731421558333130828e-01
-4.384346413792395425e-01
5.937891480282329049e-01
2.039780853076024469e-01
7.862318942427970470e-01
2.839450612426207554e-01
5.075891955640079445e-01
-5.909130842331823397e-01
-1.422773222913255475e+00
3.252867065314785783e-02
4.136978298908546847e-01
-3.100647667988625233e-01
-3.029390683673300888e-01
2.142248362970885500e-01
2.766392472365496874e-02
2.268847906048618857e-01
8.822721575808148420e-02
4.293197897856563805e-01
-1.869591155245355352e-01
-6.040941737391815058e-01
4.144626713817265440e-01
