3.825413485042190032e-01
2.186389014852347865e-02
4.567077277518590828e-01
4.141276605297944391e-01
3.084704307622603836e-01
4.848793803937923030e-01
3.732410903057415408e-01
2.880590460803476582e-01
-2.038329545226380268e-01
6.377111757596188868e-01
-7.256767675829317588e-01
2.726589917044154321e-01
-2.879688257829777220e-01
1.933647440224797454e-01
4.435836284326304946e-01
1.410804435227289988e-01
2.605842174537553180e-01
1.779225000002628565e-01
3.976703756668076295e-01
3.509557253634597029e-01
5.473075118597540978e-02
-4.341044693849555047e-01
3.579711756474928119e-01
4.809706526432964147e-01
-4.783334506017858367e-01
6.371057774498342097e-01
-1.143672435463802400e-01
2.307036223264685992e-01
1.080123243320823406e-01
-6.179755004941982488e-01
1.641235327686442480e-01
-4.380058360211140471e-03
3.785071171793046862e-01
-2.968559994945853542e-01
-4.735737687996254830e-01
-7.626470800905134073e-01
-6.113523056123087995e-01
-4.578406105765108203e-01
1.950236949519146834e-01
3.350962942421243373e-01
-4.611770376044912467e-01
-2.876493059912381758e-02
8.868105480392844686e-03
-8.590980779066050843e-01
3.125900474608300228e-01
-4.759735106347763867e-01
4.674150247557614102e-01
-9.673671275919163426e-01
2.423975588572632456e-01
-1.606899952563072720e+00
3.509395135883526251e-01
-8.442434584783270468e-01
4.000271919127912357e-01
5.750518987535948590e-01
-4.144307014119993915e-01
-8.731851346768190192e-01
8.948071110828539898e-02
-5.358867516120682239e-01
-5.666873766976333882e-02
2.815126059952968163e-01
-4.601707367399964776e-01
6.167197681782815577e-01
2.080943321560578541e-01
8.202632949022639064e-01
2.936093589946065507e-01
5.257923345228376899e-01
-6.203719369230058511e-01
-1.518103227339593797e+00
3.005193562940142518e-02
4.274591868022290519e-01
-3.272751199931061006e-01
-3.203154078630084944e-01
2.200355165549731651e-01
2.654887723051557041e-02
2.330989872311461097e-01
9.008030456637949879e-02
4.447747557314119526e-01
-1.977075145853098015e-01
-6.378825125323676071e-01
4.284406615370464078e-01
