2.614543050350565667e-01
2.139841840736333295e-02
3.081730177297984929e-01
2.886586510597773381e-01
2.205064103175249368e-01
3.297852660302664773e-01
2.483204282322470646e-01
1.962525756020122303e-01
-1.309686430910333432e-01
4.344084823466631828e-01
-4.873153945740927862e-01
1.970892982818875649e-01
-1.892955371935596265e-01
1.408435903589643767e-01
3.048135154286250037e-01
1.034152373078947307e-01
1.836076409794310804e-01
1.300087727546982708e-01
2.810676689958712116e-01
2.542090069298998389e-01
5.797101364937196771e-02
-2.961265909605994007e-01
2.525104122349690061e-01
3.351302235066231927e-01
-3.235165918343398950e-01
4.290382850588818631e-01
-7.526551405158408981e-02
1.772202164223510013e-01
7.298504466644042954e-02
-4.133770643601644701e-01
1.015380929682887373e-01
1.117327104030738224e-03
2.783965182036440278e-01
-1.959657318871118603e-01
-3.153486665905645414e-01
-4.958843222728197553e-01
-4.067905641608554057e-01
-3.032418174625514107e-01
1.382658567041681885e-01
2.265223392278405135e-01
-3.088831950489190903e-01
-1.594340846489633937e-02
1.683160677349163775e-02
-5.611106311262079593e-01
2.218528489509057344e-01
-3.350220832294710793e-01
3.245807172417862763e-01
-6.294437654056075360e-01
1.661735833531817474e-01
-9.845825859199295316e-01
2.542627533568668219e-01
-5.660239631806630589e-01
2.658777493595901320e-01
3.843705420734161438e-01
-2.778582556907121526e-01
-5.834834661455170490e-01
6.721451453210035287e-02
-3.562822142955922589e-01
-2.309551959738209356e-02
2.003674365895782294e-01
-3.180650470043352995e-01
4.278801936846576837e-01
1.578177076501082465e-01
5.555599225305098976e-01
2.011836556649422847e-01
3.708439298662570827e-01
-4.223599164629946445e-01
-9.343446058727612469e-01
3.025827479150719479e-02
3.044038350843819574e-01
-2.178529936442838988e-01
-2.088619770035310408e-01
1.556830123038951685e-01
1.601855961672336501e-02
1.679127672537067406e-01
5.629531597797991782e-02
3.117136347885225423e-01
-1.363791053950136889e-01
-4.109519161705844637e-01
3.054168788320428818e-01
