5.893428171189443177e-01 2.923398602340969710e+00 3.006246493645440943e+00 2.033691949132697019e+00 5.697337177762607396e+00
3.009846845477324617e+00 3.114947979766041541e+00 2.208979043737114623e+00 3.564684227698921432e-02 5.498464650936277565e+00
5.155706035022334932e-01 3.338392135572593400e+00 2.900443138752421657e+00 1.607086830685015011e+00 6.260385627892545379e+00
9.021194849949367711e-01 3.275051563772471308e+00 3.628252370901170476e+00 1.013817443574212440e+00 5.479956016140004493e+00
2.572883796443282134e-01 1.846141792086568811e+00 4.434514636798851939e+00 2.566519784728512832e+00 4.831744000553801932e+00
9.905354818954645868e-01 4.442067651812599216e+00 1.506316699873326392e+00 2.816757846632489404e+00 5.485005644347292986e+00
1.136620954718118970e+00 3.346065144016722392e+00 2.990177293660920554e+00 5.442666382449224960e-01 6.268389083473860701e+00
1.947460952637614984e+00 4.041044502391757831e+00 5.753733758509726570e+00 7.222006721723903122e-02 2.394567069023615158e+00
2.005441767289149801e+00 2.800213621859995339e+00 1.045719079844394495e+00 9.971838835957418379e-01 6.191166213822943298e+00
1.090984550658383290e+00 5.956817622058178330e+00 2.559965025849155751e+00 2.439119506753848032e+00 3.545759378989267407e+00
4.061119391180586291e+00 5.713547203970013477e+00 1.437956394852793141e+00 2.391473674974355090e-02 3.233397845065379972e-01
7.944652962687486220e-01 5.709252570573593033e+00 2.119966673729229978e+00 4.033398880988450230e+00 1.634389281017496254e+00
2.658998408850441031e+00 3.414059037067536551e+00 9.472791986741718739e-01 4.057432479858357199e-01 5.549634773781613184e+00
2.776247889070856179e+00 5.438152919532105223e+00 2.922458813328800420e-01 1.717821986262497713e+00 4.563354221630526730e+00
1.319387898683209048e+00 2.478823219175981585e+00 2.046758704079458369e+00 2.942633843248146697e+00 5.815263017350696728e+00
9.859556404126486040e-01 3.530930913721125552e+00 3.928430384764276972e+00 3.588977263965161812e-01 4.539260615725077663e+00
3.668817587697863036e+00 9.438817840466456888e-01 4.791722758340825727e+00 9.266763050724783346e-01 3.721616046520846766e+00
1.736661994458706060e+00 5.996751469477268337e+00 2.444619198107130575e+00 1.670976730181974013e+00 2.621800034825187087e+00
6.561741882350701216e-01 6.030288252195352250e+00 3.121770003362018375e+00 3.360084104698074281e+00 1.552705734299835605e+00
2.427654196870191683e+00 5.414981798335051444e+00 6.811042357374895717e-01 2.301201372640522713e+00 4.310100723403981426e+00
2.692656592049190500e+00 6.055592491345177741e+00 1.750499378500555592e+00 1.714512246308256938e+00 1.744905836067734528e+00
4.538798810129425654e+00 2.769997835657141971e-01 3.819256136053620909e-01 3.131447393430223158e+00 4.510351617499020804e+00
2.870977856500588343e-01 1.620635067174172717e+00 3.032327734117365559e+00 5.100642289119419637e+00 4.115287010048047200e+00
2.262496206875583393e+00 6.240295203854633321e+00 1.136791861516933455e+00 1.340959808434504907e+00 4.620010445460481563e+00
2.810002789391091493e+00 1.050975385267438611e+00 4.694903285434739310e-02 5.256759318798421177e+00 3.112285762804139377e+00
6.485428041888512407e-01 4.964584659131761057e+00 3.656179070887415783e+00 4.179451622205457184e+00 1.974098203851553102e+00
1.975501399159680593e+00 1.542365970977130019e+00 9.928022041804727138e-01 4.405483525205360351e+00 4.290980660989538897e+00
1.649170685275831882e+00 3.573415496334270802e+00 3.514956413429529469e+00 4.904712344788701550e+00 2.408623756036325503e-01
1.819545709570858261e+00 2.688397984504217852e+00 3.252161003684869378e+00 4.348861281379382548e-01 5.340975762207892608e+00
4.698691996966834594e+00 3.458278600609556580e-02 1.686087081654465303e+00 1.077278872967096124e+00 4.330062956434534094e+00
4.178903401723702005e-01 1.614850377404995596e+00 5.339414076268646170e+00 3.115632977302986273e+00 2.786851829733600905e+00
3.067208695512981809e+00 9.257385177395370812e-01 2.817902575899569495e+00 2.004369252679428559e+00 4.616345848825139875e+00
4.648435393402723381e-01 2.381192238884805690e+00 2.050390475154317826e+00 3.392444298134873026e+00 5.853487111224760397e+00
4.246226147093252301e+00 1.262484097518891402e-01 2.385950117659019210e+00 3.308988270409703780e+00 2.958731251729661782e+00
5.054802783438288927e+00 3.757202896897855471e-01 1.865407494384791809e+00 1.603599770148063541e+00 3.655829787009373444e+00
5.593398624123698148e+00 5.804116392086881016e-01 7.067723773518732600e-01 1.065188389110495182e+00 3.452319921962290206e+00
3.706059110141434854e+00 3.256858852322272124e+00 2.529939383180745405e-01 1.267339636715319129e+00 3.841266465050748202e+00
4.856066266194469350e+00 1.974726838594486944e+00 2.048062022162137730e+00 1.037389728193062188e+00 2.675084686934538603e+00
6.842410590006279270e-01 1.619919466356403603e+00 2.394312942619650997e+00 4.936674862516460038e+00 4.056622776918396234e+00
3.338619593096371574e+00 5.641270965120470215e+00 1.561755344752397967e-01 1.485636924447082619e+00 4.582864266073213955e+00
4.311009521128395861e+00 8.178336117412591394e-03 8.857051299482801010e-01 2.599428451627782799e+00 4.655711865193569388e+00
1.380472695462203747e+00 3.454997376190953151e+00 5.604679637586181151e+00 5.176931679399616737e-01 1.735833811565182572e+00
2.634792344805543252e+00 3.366575748727433925e+00 5.793370981494527783e+00 5.283932357006121405e-02 1.072884255244301421e+00
3.422175170765783481e+00 2.470419554675396673e-02 3.978594038598485039e+00 2.945512317624020326e+00 -0.000000000000000000e+00
4.614076814686445815e-01 5.022006866622783505e+00 3.136030616222695411e+00 4.465627354549194905e+00 1.463980167815127853e+00
3.949084628474710978e+00 1.636749796735717868e-02 2.904615667382357547e+00 2.434308013013358085e+00 2.907476065551354072e+00
1.267986966477277155e+00 4.790787871832129063e+00 3.607495589487900833e+00 2.349324452337631097e+00 2.891220721067576882e+00
4.461134374871218888e+00 1.250477380015430517e+00 2.084077188900153033e+00 2.299689033447001041e+00 8.948764983292697428e-01
8.507462172093108177e-02 5.517099778196382864e+00 2.693332148794300274e+00 4.182904938339430778e+00 1.913078290177507412e+00
4.800964443608355836e+00 3.203467957110369024e+00 -0.000000000000000000e+00 2.645487761456964335e-02 1.535526411532285751e+00
1.458725377361255626e+00 3.796015652248139638e+00 9.420323222533075747e-01 6.814039213135681727e+00 1.856703100081986912e+00
4.075436080804054839e+00 1.136579938138557067e+00 3.561482857165373939e-02 5.092810737866960480e+00 1.092581701520799253e+00
1.098247221369058391e+00 3.408441721817228487e+00 2.706255174879967917e+00 6.459391422134491689e-01 6.401451397445375058e+00
1.120525398821125673e+00 3.584228429402218641e+00 3.787504847690662757e+00 7.488070848913662703e-01 5.809091392780397989e+00
6.201034163911924857e-01 5.061272091376400883e-01 4.512247398822917255e+00 3.517650387218562713e+00 2.334246047289952664e+00
3.696445140247290428e+00 6.356214977329446292e-01 1.007916218842208833e+00 3.185621202705596122e+00 2.606005437264250268e+00
2.345946037887065128e+00 3.639286560327460673e+00 6.089189541815387408e+00 3.311385885087766434e-01 6.538341812018085841e-01
3.653997291577918194e+00 4.908422859478143607e+00 1.720646365767490638e+00 1.468617573760693018e+00 6.884430038590816370e-01
4.016779372343182608e+00 1.803977202127062585e+00 3.143527118889440253e+00 6.272262916412141287e-01 4.001699316226888570e+00
3.153396230274602363e+00 5.255096326445888089e+00 5.807413280022007962e-01 1.614326818574625122e+00 4.383043315286017538e+00
4.690481374321588071e+00 2.075528901779182672e-02 6.762369161612450386e-01 2.927919318794546477e+00 4.398450341624766224e+00
1.212774940417248315e+00 3.443414205700038533e+00 1.990636043460086047e+00 5.429212760649586578e+00 3.507707001032718708e+00
5.779442649620448735e-01 1.796883422121505314e+00 2.983425371399588855e+00 4.668389021921076854e+00 3.597785055080601868e+00
3.636821481104985376e-01 3.725366463113603199e+00 3.250813217660687204e+00 5.393809159189843605e+00 3.188335669028334429e+00
2.852111676131994372e-02 2.111487621507687429e+00 4.464974119182069323e+00 3.853054060499979894e+00 3.464808235688663363e+00
8.888632775534512920e-01 4.246697216223085825e+00 3.470056047830097246e+00 2.942601160636904911e+00 3.354788661911348502e+00
4.646561093041297497e+00 3.135342550269804907e+00 8.158858137325811222e-02 3.213447874367527657e+00 1.404545600664839577e+00
5.076440330052297334e+00 1.822709600739881974e+00 4.391455282913868108e-01 2.263436156148848521e+00 9.034574537654187741e-04
3.574026859588563365e+00 1.316833623793822072e+00 4.218056865424367530e+00 4.803037738323714251e-02 4.349985332584878961e+00
2.767139990445865116e+00 5.418317568476671120e+00 6.530670643073162029e-01 1.453250468512423677e+00 5.040789235853767813e+00
3.841746203565708839e+00 1.129898178649803242e+00 4.910611059937687095e+00 -0.000000000000000000e+00 2.324315502243679887e+00
2.741482315340856513e+00 1.244092043885271170e+00 2.439541929673231468e+00 5.171321876015374741e+00 9.390840038207159957e-01
1.145861941946137552e+00 2.216651512939541213e+00 1.942728453783975073e+00 4.737280579881207210e+00 3.858769280132443580e+00
2.276330444751740067e+00 4.687268288929524296e+00 2.253553614682852757e+00 1.044902862088847417e+00 3.539208593886387533e+00
4.132804969753326452e-01 1.833029903843180097e+00 3.130832892303336390e+00 3.808569574272196334e+00 4.561028126060273635e+00
1.124342749348257620e+00 1.866179665913794805e+00 1.833790620536654759e+00 4.519940879884044804e+00 4.444189355289936749e+00
1.867766940790261954e+00 2.661612880128536140e+00 4.900966077149133682e+00 5.141182697760896536e-01 4.729561263204796084e+00
2.033315386911775935e+00 2.932793473076476420e+00 1.506459738116535441e+00 6.195867904148768091e+00 3.165366578124547692e-01
4.016321413623217040e+00 6.299522750860414355e+00 8.238804212707153685e-01 6.107161305071297057e-03 4.308886862824956587e-01
5.385160922073519707e-01 3.561165936583971181e+00 2.424238623939923620e+00 1.303970353771128465e+00 6.591220900523840243e+00
