1.199069980821767745e+00
2.229879163576057866e-01
1.397312897110087437e+00
1.187026431489117018e+00
1.062493627152280462e+00
1.428177105244982092e+00
1.100429704097513950e+00
9.424324013704027392e-01
5.495405005806988652e-02
1.723691482584936541e+00
-1.069560183439223433e+00
1.171521764759337669e+00
-1.437191273439857864e-01
7.792722142189629775e-01
1.149818008506987788e+00
6.362102464816704606e-01
4.231234560074328965e-01
7.969842460437819298e-01
1.425847813217400173e+00
1.141189567026048346e+00
4.720541485862932984e-01
-1.067573375045268724e+00
1.103361199169735851e+00
1.332991683594674237e+00
-7.095977053640855070e-01
1.836800623291267032e+00
5.335850642747451411e-02
7.885743459418749213e-01
5.434555410514941842e-01
-1.574715583969520383e+00
8.454148015856077780e-01
8.988436442837531570e-02
1.193403287485920394e+00
-7.813591811223600248e-01
-1.195715885360831399e+00
-1.993062822703843384e+00
-1.012012408716674416e+00
-1.008479326584339253e+00
7.697594146414923344e-01
9.972026098632293944e-01
-1.066763039738564567e+00
3.488095934943206688e-01
1.474139603348083583e-01
-1.863820402563836076e+00
1.326259881172327182e+00
-9.458291476422777677e-01
1.319288014942928466e+00
-1.887480616109153964e+00
1.219981337864513460e+00
-2.879073247891843490e+00
1.105988043008139021e+00
-1.604729331082859201e+00
1.188340747208632253e+00
1.463802504932584680e+00
-3.164720313923262140e-01
-1.470018006735903660e+00
3.996331824217615458e-01
-7.520222022933429340e-01
-1.294002051720195279e-01
8.463035075899434378e-01
-1.174626952605001717e+00
1.557732141903586331e+00
7.825017639546784087e-01
2.092950237953428161e+00
1.255674273757234616e+00
1.354396383180658470e+00
-1.147797810192095369e+00
-3.392019613408618905e+00
-2.017315101173394049e-02
1.059558925668654839e+00
-7.732551633906512567e-01
-4.258762592156472571e-01
7.819953782210316007e-01
5.168563310195791738e-01
9.005269665906154852e-01
6.500545784969592455e-01
1.174263968110519363e+00
1.029712002189028287e-02
-1.059470080080026300e+00
1.286910865979709273e+00
