3.936990978552039333e-03 1.661346004804188370e-01 4.753667122533750990e-03 8.764660075810897996e-03 6.317584276114800446e-01 1.751234625018928404e-01 5.875115458458258361e-02 6.470160988462090312e-01 5.895768479112508537e-02 3.419647658809168433e-01
3.142968929031951797e-01 4.031379418491319311e-01 2.901285416625750124e-01 5.334966960233188393e-01 2.194406956489155028e-02 3.492310680149538493e-01 1.076682486590295751e-01 4.005560024730829838e-01 2.096750005809675747e-03 2.746236102285333214e-01
1.710579233261912135e-01 2.266050799025044471e-01 3.067117371507854795e-01 6.677594404592991075e-04 1.239936537680371986e-01 3.628104978036940653e-01 2.722142762508594216e-01 3.101737342378776408e-01 7.127429746576438019e-01 -0.000000000000000000e+00
2.490131594691777361e-01 8.178874125554691510e-02 4.438669460452275284e-01 6.352027106829417624e-01 3.604230443020331465e-01 3.033384889745949220e-01 7.840923353159238995e-02 3.205220626268330264e-01 -0.000000000000000000e+00 1.135109523482547489e-03
3.827650783784633526e-01 2.359809066531704802e-01 1.262235435297629771e-01 5.295995384481371193e-01 1.068308340307746324e-02 6.216748207216592492e-01 1.519786613016409771e-01 3.758392890455116570e-02 2.979142668974094632e-01 3.923220347011067283e-02
5.031203388897449447e-01 4.493766264134863020e-02 3.946634002154759124e-01 1.436833000211841516e-01 1.399218311060831388e-01 4.675426955919880778e-01 5.061040394626761113e-03 1.078276425091074103e-01 1.874383440918925836e-01 5.324345991958276958e-01
3.627077140996787241e-01 8.981239955668844643e-02 3.731738921210896454e-01 9.485370358096251175e-02 2.254505749785464253e-01 3.296968176351789542e-02 2.731131395161255360e-01 7.400369111183463522e-01 1.934965445614172108e-01 2.279423062391968888e-02
1.487821993312676914e-04 1.740758451504561266e-01 1.552558039765694620e-01 5.101299397840849403e-01 3.630715790597887488e-02 4.599993120806638580e-01 3.726344794887520573e-01 1.966012221567187968e-01 5.182406268437809160e-01 1.623614420599591435e-01
2.863434832081329998e-02 2.911434355366255833e-01 1.298163492479237069e-01 2.386247841275935255e-01 4.703223670553742242e-01 1.794672998508256845e-01 5.822612300266745144e-01 2.250093421868854249e-01 4.306025183026087055e-01 1.101543844236717862e-01
3.412768294163185390e-01 7.173290906025506231e-02 1.751985313869796890e-01 1.227563623689389982e-01 7.032063810996612430e-02 6.664905624772193837e-01 1.468215339622165327e-01 5.980704873190775261e-01 6.485340314129232897e-02 3.920332586920433592e-03
4.887085638697114542e-01 1.869402563406057649e-01 2.476308970020147104e-01 3.642344601637649837e-01 5.703156204855861500e-01 1.840749233542837704e-01 1.242899778027951180e-01 1.171267602188294371e-01 3.718132897282583338e-01 7.532724408225879853e-02
-0.000000000000000000e+00 1.657968492593571708e-01 3.438178647065996407e-01 2.593392161886900471e-01 1.115716946440844376e-02 2.138170329647640644e-01 1.084154369668537815e-02 8.517181031831658755e-01 8.658974068589224415e-02 9.034708663194780665e-02
3.879156562623117810e-01 5.397058626963509992e-02 3.747770984139728867e-01 3.199840646958356793e-01 2.638041746210042018e-02 4.703423967729148947e-01 2.060829141743536763e-01 5.699943920742529535e-01 8.676327742602980148e-03 1.200166425462460273e-01
4.527758925789855948e-01 2.761198472677703353e-01 3.908701581305770723e-01 3.475836394472412438e-01 3.030236458089708984e-01 8.017876331749827779e-02 2.565613718823473582e-02 1.113021562275909732e-01 5.767178412572985247e-01 3.544170323811787759e-02
9.444393461000044924e-04 3.611588558755938205e-01 3.130691599951748987e-03 2.781614489750039998e-01 1.291953783208657502e-01 1.845925633428234514e-01 4.860619143604045789e-01 3.745425160062584857e-01 8.525527001141310762e-03 6.039892136550065738e-01
1.849231095306501094e-01 5.300457144855227343e-01 1.660198107846022064e-01 3.677130486271785181e-01 3.141148815610481093e-01 2.877662807985071486e-02 1.226326947042192805e-01 3.625443780261844440e-01 5.967362278457341747e-03 5.254240706422451668e-01
4.658187534832076704e-01 1.450130538116680030e-02 1.377205338461850483e-02 3.258732417904382506e-01 3.556385704261454395e-01 1.148030371891086421e-01 2.136585685103903065e-01 2.320337534186940054e-01 4.607776405749093307e-01 4.742945825921918712e-01
2.280808015406890141e-02 3.440836103798978751e-01 4.739256120321807542e-01 4.578004745268808851e-01 4.925488380355031448e-01 6.858649240597185226e-02 2.824316304509056907e-01 1.386710494188024001e-01 2.089960025036482205e-01 2.385674341800516629e-01
4.702713004561032695e-01 4.708982699211368937e-03 3.211037586060340177e-01 6.517033839062995604e-01 3.061658462849131124e-01 1.476989655194230477e-01 7.245088774431426848e-02 3.456264907569711053e-01 1.089210280815263408e-02 1.030526810182745695e-01
1.471018145034324875e-01 4.632735306145074894e-01 1.697686353362576617e-01 4.869598216476122565e-01 5.841236946060467464e-03 1.101929833929096714e-01 1.108151499711900606e-01 2.697082482532339176e-01 5.002541204347201731e-01 3.877294150174656062e-01
9.019804797627711812e-02 3.243363009704295918e-01 2.394973411520277262e-01 3.858938380554964298e-01 3.782940603853874872e-01 6.803059988446247264e-01 2.266709480895872375e-01 1.900331594665808504e-02 -0.000000000000000000e+00 1.507771615144321287e-01
4.731289151797790637e-01 1.705231384898119873e-01 3.798235253570185765e-01 3.889933828840640984e-01 4.750590039710474999e-01 1.824200522800293461e-02 1.116008493968087545e-01 1.254291946710736627e-01 4.082988478119232156e-01 1.748717156174736942e-01
-0.000000000000000000e+00 2.287300406355989857e-01 1.603026405343783989e-02 3.827334087932684481e-01 6.355707991382739674e-01 2.569150021818327745e-01 1.645592464514256115e-01 2.480059768489763505e-01 4.501057890036176401e-01 1.995075097215612270e-01
9.436661567585893917e-03 3.914685782388142021e-01 -0.000000000000000000e+00 2.207396150570282434e-01 6.710241857206313831e-01 3.023144255210249431e-01 2.660518264296682367e-01 3.774855169144872291e-01 9.383106547465860925e-02 1.848964457192241728e-01
1.622907230491964226e-01 4.974591522762295548e-01 4.381999287311897917e-01 1.000613028174651975e-01 3.458197069738528362e-01 2.834317271917161096e-01 4.016105027432929908e-02 3.983866765720144310e-01 6.860434833936302499e-04 4.048635977363018168e-01
1.223149822548661586e-02 4.342064527027876542e-02 4.073408475973118170e-01 6.045655732625260410e-03 1.887249394106209621e-01 7.592361892377689214e-01 5.098666961203156094e-03 3.426690022968346266e-02 4.675385110094245067e-01 1.235928816982684829e-02
5.001153235980917433e-01 4.009732730310313076e-01 2.724383089244871159e-01 2.248008336474243973e-01 2.022837926473002035e-01 2.893478770844136183e-01 2.519656111316240232e-01 3.571996526429991325e-01 3.207196725523725478e-01 2.139316579999341050e-01
2.778754345865045439e-01 2.298492326919032991e-01 2.202443187301308253e-02 7.437886999289494705e-01 1.654018517888543593e-01 7.075598282035693021e-02 3.471850574536656242e-01 2.433913902744612445e-01 9.401765864905379383e-03 3.225189288750403005e-01
1.989129013025652676e-02 4.146378128903150939e-01 3.059997021377969945e-02 2.169220819432108871e-01 3.987170060893832080e-01 3.714813398722194848e-01 5.485335572467178178e-01 3.552981843012769647e-01 2.351534178552761867e-01 1.707755679678924290e-02
3.760057183524584956e-01 1.466879152456316560e-01 3.131556542018702483e-01 3.712159565358761903e-01 6.335329978798328598e-01 2.311631449643046787e-01 6.995605843619626119e-02 1.795789133547158745e-01 2.859383248157102986e-01 1.659246344497853631e-01
9.499407297792349103e-02 1.575533611654121244e-02 4.768841056161575720e-01 1.179635124978957728e-01 1.177186753414760298e-02 3.303683382531596435e-01 5.464062270042430169e-01 4.366680913206506531e-01 3.880701404216885808e-01 1.658368034602261676e-02
3.434707098162322891e-01 2.090840675008213412e-01 3.276080914091215601e-01 4.319394872491872372e-01 2.865381253020818364e-01 2.070302935324666235e-02 1.168103210205502854e-02 2.850646012965185050e-01 6.056442578401939336e-01 1.169486590760357436e-01
4.356878563716089225e-02 8.400039635874914992e-03 4.061399839453728733e-01 4.416890228414722674e-01 1.151030191294560856e-02 4.176805250222206389e-01 4.655911168202623296e-01 4.358820247280465465e-01 2.347311646650968309e-01 3.919012061040772626e-02
1.442211879086401916e-01 6.034067331532690925e-01 2.501712219869844378e-01 3.948745014191830660e-01 3.127340800442023894e-01 2.689160594318212305e-01 9.874797496683357031e-03 1.151131616163810906e-01 4.045590146675833720e-01 2.223826687690675374e-01
2.414600726112614559e-01 4.677328927178002194e-01 3.674959563563571785e-01 5.292087381592460588e-02 1.045954524236284919e-02 5.032161109201996885e-01 5.184534134714292586e-01 2.257384578300355160e-01 1.091624031542380024e-01 8.062112520491142992e-03
2.498908052864551865e-01 2.210132901525692015e-02 4.826974592026365696e-01 7.102460707090810788e-01 8.989105132532644593e-02 3.196296381801197808e-03 1.255631915033622037e-01 2.921233963812787104e-01 3.007004850790052086e-01 2.491122468029512843e-03
1.052282040357411727e-02 3.781383235326331582e-01 3.239578331112357157e-01 3.511980463352947779e-01 1.190961945241403863e-01 3.333147941265878021e-03 4.670148932691934873e-01 4.663177964626127880e-01 3.291999562154576675e-01 2.654978544400240503e-01
4.679849593291973697e-01 2.875907680991174886e-01 3.755915247642491739e-01 4.712297811183404628e-01 9.336374915186540849e-03 5.430570244109749201e-01 3.816063492438633454e-03 8.241112648805189178e-02 1.231000679609753068e-01 1.348971658633818516e-01
4.333330457650701878e-02 2.853075416257827013e-01 2.047614287097656305e-01 2.262236572030747461e-01 3.044233471530148338e-01 4.765878397560217028e-01 2.964763171647746276e-01 2.118377925578767140e-01 5.904087772702167579e-03 6.090973543674008672e-01
2.222688531178056426e-01 1.005989956912485411e-01 5.059833371433478666e-01 1.487793797826667160e-02 2.505082329156630219e-02 3.477297764091694665e-01 7.249838750437558321e-01 1.786496155343504644e-01 4.873398513446568908e-02 5.291561049566947950e-02
3.767086604593999216e-02 1.003108968484597852e-02 1.425802787041562658e-01 4.684994277448473188e-01 3.107312477731088984e-01 3.547260389375622158e-01 1.620091975645676086e-01 5.201770655266617638e-01 3.137070636553453973e-01 3.755418498553924067e-01
9.664742027098602306e-02 1.851934397726653914e-01 5.100090525096198091e-01 1.390865410214511266e-01 6.730382256948824748e-01 5.718359020697215758e-04 2.996050856738549095e-01 3.082362475401541069e-01 1.954194906002226784e-01 3.108081846608102411e-02
6.051049346602237478e-01 4.312550949035777736e-01 2.580849568379544601e-01 3.528615192687495905e-01 1.783554727059643574e-01 1.574940133962728084e-02 4.681368496562468007e-01 7.365947211901069380e-02 2.640645832010735539e-03 1.021984866777053864e-02
5.451807248485089907e-01 2.355488638508614341e-01 5.058038881632276329e-01 8.079472139905202743e-02 3.524318026161413989e-03 7.853951988582395793e-02 5.645698055679357896e-01 1.640877864721348306e-02 2.256700926394361317e-01 9.387847791792530705e-02
5.710355382831999727e-01 6.039221098139033184e-02 4.249433996481324916e-01 3.865157306016308580e-01 6.140179315115421727e-02 1.654843264795957947e-01 2.814052750425856120e-01 2.674773572009050970e-01 3.116872415943094388e-01 2.475129237861021236e-01
3.656350429327544505e-01 2.145214941936176012e-01 1.787904313346023177e-01 2.400956253906005033e-01 1.925748384297834570e-01 2.987603113002640365e-01 7.223869495372773342e-01 2.789821937860456069e-01 1.212865908950635542e-02 6.719933446648719555e-02
1.999811483377471333e-01 2.829173835056443265e-01 7.274424897904716025e-02 1.729636551544864521e-04 5.466841904562185217e-01 4.730690960223074559e-01 2.813729000600766472e-01 3.859399466478597995e-01 2.939224372435134125e-01 1.936615981959581012e-01
4.489493806291446898e-01 5.673526134502165225e-02 1.174767939709247533e-01 4.174037230108894048e-01 3.342678551490729788e-01 1.690243473589308210e-01 3.809976678386546300e-01 2.853431265076588064e-01 4.777670189538277268e-01 1.097880800361331344e-01
4.386528564988111945e-01 1.068396791795346717e-01 3.979556391097486268e-01 5.033891276386848190e-01 3.882867175436210960e-01 2.620787001731113564e-01 1.897551777062556067e-01 1.939909987930736879e-01 2.936354614690141474e-01 7.131977634392525078e-02
2.715428356576675417e-02 4.183358160011985127e-01 3.090549179366590127e-01 2.704010320139149659e-01 3.485511519156488935e-01 2.785665936392911143e-02 1.994970473616029250e-01 3.532175952768553118e-01 5.121245441953969912e-01 3.263877146285797948e-01
3.540938219690333844e-01 3.797007444849330726e-01 4.684575505029577314e-01 2.871788121753441336e-01 1.281829501179325599e-02 3.150253484671753923e-01 2.678096838221699638e-01 2.526930554877408475e-01 3.004477804634748117e-01 3.213577576554097481e-01
3.076541550539835246e-01 4.820754529001934352e-01 2.113577402744652167e-01 1.019634254788109699e-02 2.229130632233859988e-01 4.624143725585931897e-01 1.684489458343643442e-01 6.262724480983547504e-02 3.482080275241563050e-01 4.594701116851637734e-01
5.166396013597925885e-01 2.763642533137530832e-01 3.208063419938061434e-01 3.924365416870967960e-01 2.985443619456950026e-01 2.761316872163752656e-01 1.888650541877513744e-01 1.376362049764807416e-01 3.081569634817918901e-01 2.912581003025291881e-01
1.384370157715278382e-01 3.982042541234454003e-01 4.009536667842603097e-01 2.589579206815089685e-01 5.216710319229757031e-01 6.643657686763369818e-02 2.892484859252300033e-01 2.106269213545516605e-01 3.910252774655806861e-03 4.357147646009516540e-01
9.353820354176853313e-02 4.797099951730328105e-01 3.169654326569692482e-01 2.124287973594389811e-01 2.218295942915945174e-01 2.607847696860571794e-03 2.474257522928046543e-02 7.134273854162734851e-01 2.265857616389757856e-01 7.340803171789529735e-02
5.506307321883904260e-01 1.383659065980049618e-01 7.220711783669260531e-02 3.377353401242461639e-01 1.015531918757687779e-01 9.728810677949062402e-02 -0.000000000000000000e+00 4.505948771583683232e-01 4.271120804751613043e-01 3.913350811207540469e-01
2.695324475614641613e-01 4.765054796691446937e-01 3.344099771055267789e-01 3.974513810232408600e-02 1.345016192093360929e-01 6.035000450431847741e-01 2.112117712067905217e-01 2.669551863600936881e-01 2.875894871048499946e-01 7.745251393700026965e-02
4.199320210715947188e-01 2.083951199957293221e-01 4.496387735838212607e-01 3.098138176756114470e-01 8.455553300508294665e-03 3.031708488629487053e-01 2.136635141502042645e-01 2.212801664696654180e-01 4.770688513812234577e-01 2.605248261030712054e-01
3.640499103167647021e-01 1.383895645019944491e-02 2.443214265270633179e-01 4.062132091807996170e-01 4.112741279758773683e-01 2.986693085103216960e-01 1.860399289415280433e-01 2.976649826840950808e-01 3.122858412440773779e-01 4.043346477891517354e-01
3.042438443158610450e-01 3.081659079350373975e-01 6.928784322363854553e-01 3.413664187663324467e-01 2.765233495795250129e-01 2.001065808923849221e-02 3.476154002825583289e-01 6.438575840277087695e-03 2.319238873275129148e-02 1.325764107801535863e-01
4.125996375782892481e-03 1.101685270391663252e-01 3.739191799826967477e-01 3.907023977228167855e-01 7.257534929089735909e-02 4.470575975648119482e-01 1.762928142670690812e-01 2.336846073975802351e-01 6.021100774849327264e-01 2.050123915470568048e-01
1.456838313048993694e-01 6.382529550108855254e-01 1.351750908363355194e-02 2.446808809098798554e-01 1.260228821708198887e-01 8.564908800503465147e-03 4.761953851790758363e-01 1.147335201812542393e-01 -0.000000000000000000e+00 5.054473070153855385e-01
3.187797907531705333e-01 2.545428319879118884e-01 2.746790609863970500e-01 3.233505965925428383e-01 6.743710361106580731e-01 2.399140457761695100e-01 2.688723056087510832e-01 1.071873464886540922e-01 2.007463214131921247e-01 1.310252784488186995e-01
2.339574362619627479e-01 5.166200066799877533e-01 2.478670860014704769e-01 9.519987789298446634e-03 4.184131482889198450e-01 2.241500780989340302e-01 3.912510196479581648e-01 4.029153346344652720e-01 2.382185710689762870e-01 1.391399625959831021e-01
1.138628368136285346e-01 3.305869653103874484e-01 1.784977143019894075e-01 2.861578596574447797e-01 1.987592986599683587e-01 4.725883707175796561e-02 9.729867835730281189e-02 5.357469322753058982e-01 2.122867258129972345e-01 6.170118632658514457e-01
3.869696515215606536e-01 4.265281658208732729e-01 3.757902761747683451e-02 3.116406692478235207e-01 6.225574161901831563e-03 3.989489026084284129e-01 2.101999339643360332e-01 -0.000000000000000000e+00 1.240674276660603398e-01 5.924697452228749883e-01
8.289653599033466836e-04 4.596583090363496327e-01 4.558833225885195947e-03 3.979869889594448429e-01 2.619521967715415789e-01 1.843418505388383088e-01 1.486951942725959694e-02 4.950992427508528748e-01 4.961533796948445207e-01 1.902254325590752859e-01
1.181894384221882088e-02 2.887221469929567297e-01 5.139888468396015542e-01 1.955803859185560323e-01 4.971161327699950561e-01 3.708112116654901924e-01 -0.000000000000000000e+00 3.504180099528642067e-01 2.539098840266317825e-01 2.053660081608200405e-01
2.608038414629278989e-01 3.675932859747499393e-01 4.116830768042480104e-02 2.408997168644089470e-01 4.078379020313993020e-01 2.211065574483110363e-01 2.070110400741828061e-01 1.044875278830847097e-02 5.173774081668647273e-01 4.596379396143642215e-01
7.530772372094209910e-01 1.149780702917224326e-02 6.145897076277043874e-02 1.932593054732075211e-01 2.192558595815855341e-02 9.438237364147276931e-02 5.066901897091083962e-01 5.407773748780331929e-02 9.874540055192450663e-03 3.499578412280242024e-01
1.245066985239058205e-01 1.138043792002870098e-02 5.916339885637090790e-01 1.271145553061737987e-02 2.505667952916770247e-01 3.804245878749681897e-01 9.985400851260007107e-03 5.002295800250394775e-01 2.957241019362053525e-01 2.981401327214641683e-01
2.359511789740676713e-01 1.532547085570914319e-02 4.861158445218057844e-01 1.846195872312628716e-01 6.378120275731432587e-01 1.727703403227668633e-01 8.176157182502022391e-02 3.181399011867120930e-01 2.586502063740252488e-01 2.494945113129437009e-01
1.692253344273514024e-02 4.637805413188871018e-02 6.201979928583274404e-01 4.396735614874280884e-01 -0.000000000000000000e+00 2.030442925564529023e-03 4.387828046207946087e-01 1.356978071306548517e-01 3.644641167153634398e-01 2.753576826197871030e-01
2.438365942101405892e-02 1.438087556769016007e-01 4.697461320360611370e-01 4.091983115607389365e-01 4.837841630728607067e-01 1.544033140802196225e-01 5.350841282997538528e-02 5.278812378497724916e-02 4.653734366213780338e-01 3.324306252268659501e-01
3.653348019694088733e-02 8.587199096998375525e-02 3.456872145352899994e-01 4.432032509754469385e-01 1.799761662232451931e-01 1.394039535399890957e-02 1.957095454469443829e-01 4.446589080641552005e-01 5.680701907151305408e-01 2.899125156200642039e-01
3.281503617816955987e-01 3.254622977039107745e-01 -0.000000000000000000e+00 3.477421737339338459e-01 1.034440117246976931e-01 4.953417318573536399e-01 4.031571567536645362e-01 1.354121643118265661e-01 4.778272297411070846e-01 1.455712176624580044e-02
3.024635778816394116e-01 1.757784644419895514e-01 1.339455482699860311e-01 2.652834455560500460e-01 8.232158849699567904e-01 2.632467632595032470e-01 1.342113812613328905e-01 7.750994739056486782e-02 1.348838152604070195e-01 1.017924598269549265e-02
3.065036031765323021e-01 5.061431807501642899e-01 2.238701998207144050e-01 2.581582229735075451e-01 2.945214675307061825e-01 1.002239396255938109e-01 2.300750786860476793e-01 6.020757776322210875e-01 1.103629250496893505e-01 9.334664098632561302e-02
6.881258659895631569e-01 2.453572983742831892e-01 -0.000000000000000000e+00 1.315248421381466290e-02 1.496657941298616956e-01 2.120678051524185204e-01 1.155254038249499404e-01 3.903723139298199696e-01 4.199031952793572664e-01 2.380790648445432200e-01
3.396891895217236668e-01 3.712658545934403170e-02 1.387505899247850304e-02 7.350861535076601283e-02 9.252498190015163992e-02 4.037784044413155748e-01 7.806985897552093379e-02 1.934509736848468997e-01 1.714224417337037176e-01 7.956978883863881080e-01
6.380358903648387925e-02 1.011907935069596975e-01 1.058425309374702280e-03 3.203630902579407969e-01 7.106469267859234773e-02 1.078446427703558669e-01 5.716834515337065881e-01 6.525655734950746023e-01 7.628721011909375682e-02 3.284687246234743729e-01
2.809091848257721374e-02 4.628793717108877215e-01 3.215848933727968317e-01 5.541297984466079379e-02 1.114906795378734806e-02 4.648111661910881050e-03 3.201927342953603817e-01 7.032175915374514474e-01 2.766460884695506883e-01 6.891162815842991063e-02
-0.000000000000000000e+00 6.769281435272956893e-01 3.141313398524260836e-01 1.913925149973960899e-03 4.675556316579166510e-03 3.771570278190360392e-01 5.670030545274143928e-03 6.254328365148706381e-02 4.531174306523422235e-01 3.025849049709775085e-01
1.439766461160135735e-01 5.549047898294046099e-01 2.623808056112654219e-01 8.690317698419302780e-03 5.613052975017751578e-01 3.884012718445650769e-01 2.504823862482694063e-01 1.044917968001827929e-01 2.496576849609234705e-01 2.289289779417911369e-02
2.789348118841101232e-01 3.687308684249751001e-01 4.928991885960716801e-01 3.975285275632753357e-01 2.465097792708264342e-03 1.488224311789435317e-01 1.013533171072191486e-01 1.445041690141121160e-01 5.005969557161222827e-01 2.852173250207018507e-01
-0.000000000000000000e+00 4.910749240024521733e-01 1.909821219208495680e-01 3.187247397618878098e-01 1.888796914758425205e-01 2.510845989451271909e-01 3.705297051064799230e-01 2.046890869955683145e-01 2.398307927462932920e-01 5.341891807741689924e-01
4.767945414855054853e-01 8.526401165529812198e-02 3.152471635945675588e-01 2.843130852154706623e-01 6.280116279652436795e-01 8.063268795160385624e-03 2.256264082980378603e-04 3.276461253716110300e-01 2.229924208066416114e-01 1.834149221524294104e-01
2.952814676970944019e-01 9.684485554559337309e-03 2.607275804961669552e-01 1.408283190415691721e-01 8.329913451778284683e-01 1.236172801652647485e-03 2.647922755862984201e-01 1.882149378493185032e-01 1.517749285419133787e-01 4.951796301014866480e-02
2.259908556684781245e-01 2.712983876696620656e-03 3.627817312590789767e-01 4.955033980028053509e-01 2.825477666609817473e-01 2.978764883726200963e-01 3.354453688155971114e-01 1.863592268036309285e-01 2.235480080785265111e-01 4.538676672161001124e-01
-0.000000000000000000e+00 6.091199330041759119e-02 1.605341224629358576e-02 1.179336298828613655e-01 7.663464934685755570e-02 2.808031727894169105e-01 4.910446294309714910e-01 5.793049358799285953e-01 4.315950182036283334e-01 3.666157226237238831e-01
1.978461474403132858e-01 8.858714086910253471e-02 3.209382289917674380e-01 4.899870713658401877e-01 -0.000000000000000000e+00 5.620327291027111816e-01 1.781700793396752414e-01 2.967533368300845908e-01 2.046007213792538637e-01 3.638285030318132995e-01
6.500646170172275085e-01 2.606426706061217291e-01 2.481797024532318707e-01 2.267585356945576724e-01 3.078740135336583972e-01 2.730573545691710180e-01 2.265888356761801281e-01 2.683661285569617916e-01 1.737805101446637801e-01 2.712185862582502383e-01
1.463676457952123484e-02 5.212235963855748055e-01 1.772669109014001487e-01 5.401792978307655702e-01 1.644894655231387559e-01 1.766544416144847363e-01 2.443336255933904189e-01 3.317279789861417583e-01 2.009943334189483177e-01 3.694452942906236714e-01
3.174325730948165947e-01 3.235541104122965916e-01 6.748793560074213271e-01 1.688672487461005400e-01 4.203184533887869244e-03 2.293924596268263338e-01 8.173690185991439039e-02 1.253974783688233292e-02 4.037802267418822422e-01 2.967419773247048087e-01
4.413882102139276564e-01 4.220157538186212198e-01 1.462167788634256282e-01 3.859142830937439816e-01 2.254321112256112425e-01 2.254466409373473146e-01 2.858244693535359482e-01 1.521914114878920310e-01 1.612967067820171574e-02 5.000061270888869203e-01
5.802676697897486691e-02 2.957937152107374401e-01 2.859771496661435708e-01 1.008369333477134172e-01 3.488729304694135891e-01 3.372678039645918280e-01 5.213208203055157315e-03 4.028096739408511540e-01 4.461366771576315005e-01 4.694734457100672165e-01
4.401966770087789027e-01 1.434257107014642041e-01 5.212903766378169657e-01 2.177112076055355283e-01 4.398095465189006403e-01 2.728415367371272438e-01 3.066992347725256973e-01 3.499624664330795026e-02 2.070303025215396442e-01 2.459440565217639874e-01
5.429343357602821607e-01 5.378014636921958358e-01 1.565001106270257625e-01 2.574380637126716942e-01 1.857741044977545553e-02 3.365724539866978698e-02 2.021880321143845471e-01 1.773268994583911684e-01 2.167779632438793791e-01 4.521391446577566753e-01
1.030504764597051093e-01 1.613605124907768751e-01 7.676933680207111976e-01 -0.000000000000000000e+00 3.804297739037047765e-02 4.577090104939280368e-01 1.550933123914911838e-01 3.412791719182817762e-01 1.412404814713203172e-01 5.070688563755960249e-02
3.412510026622201931e-01 1.838308015292366149e-01 2.042916465765464706e-01 4.650509062251984016e-01 5.231648232821771716e-01 1.686925195611790884e-01 1.341869790069356583e-01 2.426524357013495059e-01 4.176812663207766785e-01 1.955606779273622864e-01
1.416046581590963901e-02 2.042672142521236300e-01 1.474607785743355104e-01 3.235563639353898902e-01 4.255014228683489108e-01 4.798076185333589698e-03 6.557654231073590800e-01 4.635291541172011365e-01 7.514369776380237786e-02 5.688581303344425813e-03
8.846079687576289055e-03 1.203127575064088933e-01 2.417943806072398727e-01 4.653926382518362992e-01 3.468749831890484692e-01 3.767364953053170540e-01 4.437109535990496068e-01 2.271440191305736794e-02 4.282791314213397205e-01 2.594624199315248014e-01
6.427126813512432785e-03 5.797566892507222082e-04 1.544360819609594815e-01 3.435693093621246530e-01 2.990474797459203304e-01 1.452940393888539350e-01 1.631537750143866317e-01 6.719606728727152145e-01 4.702702884227385471e-01 2.195991456940702413e-01
1.017000230985570103e-01 1.983535466589639567e-03 4.547341961712068614e-01 1.083599990138857556e-02 3.182691971221262434e-02 8.066079603941163079e-01 4.732779052666469602e-03 2.704838614395680546e-02 2.435134460361727815e-01 2.665903138656381399e-01
2.760646559805857714e-01 3.041636636208762678e-01 5.855625794115449922e-01 4.377743620121089807e-03 3.175746548881483444e-01 2.976502482887974366e-01 3.322203202709553826e-01 2.209219039191729073e-01 3.738127631332901490e-01 2.816018018205333501e-03
3.886905238602209600e-01 8.399995989761192827e-02 -0.000000000000000000e+00 3.203544718159962584e-02 2.195288218410289538e-01 2.753577674532662889e-01 6.973758014361579605e-01 4.181165596707969029e-02 4.437551474813938857e-01 1.783893379294780590e-01
1.837647400027560274e-01 3.153447151363382717e-01 6.789325231409326644e-02 1.410551036496459493e-02 1.609208822142198713e-03 4.753197469013032972e-01 1.803714631828761961e-01 4.923279359072608719e-01 3.662332659572820615e-01 4.764460664003165591e-01
2.058958099419317123e-01 2.354124892634127525e-02 1.939778107757128278e-01 3.006654659832299070e-01 2.848462531109526297e-01 6.051312843292536714e-01 4.121138111855599528e-01 2.350971442770230513e-01 3.955636438369127816e-01 1.119354327893889132e-02
4.303134040806144145e-01 1.219821129338692495e-01 2.049156762567808931e-01 1.848278108558267657e-02 5.792352374586745567e-01 1.371979726520554735e-02 5.462525523060224319e-01 2.875501453867024826e-01 1.870965110492540939e-01 7.638688506507367026e-02
4.520861532414113260e-01 -0.000000000000000000e+00 7.548154627791633930e-02 2.017114391739746049e-01 3.830434205654055790e-01 6.308399445811018191e-01 2.604985096605124673e-01 1.158889726790964109e-01 2.790910798887668021e-01 2.130030173736172927e-01
6.975717557712661845e-03 2.881249487574287782e-01 4.328460224029718195e-01 5.649178762475413063e-01 3.409615785127916854e-01 3.606433877777357466e-01 1.635877972197631036e-01 2.498780465020422059e-01 1.684397778080509722e-01 2.157708317018874611e-01
3.060143994586443927e-01 2.331762395945724264e-01 2.495993276468966016e-01 4.614528389843015610e-01 2.127306988570582414e-03 2.665572275594853546e-01 2.559446872520850236e-01 3.606935338176531225e-01 4.726449369331059414e-01 2.944273356295037947e-01
5.898594494431809443e-02 2.748858704553663879e-01 4.923368932795447739e-01 6.184489736694088746e-01 8.197247945307757633e-02 1.517190521007830695e-01 6.569536786953975027e-03 3.129907750917253484e-01 4.102915119058190285e-01 -0.000000000000000000e+00
3.567695656310918562e-01 6.979623312109137223e-02 7.760802270034889982e-01 2.535284539087194200e-01 -0.000000000000000000e+00 3.104464259072214349e-01 3.021832835803453521e-01 1.538473951054605479e-02 1.154918038243446243e-01 -0.000000000000000000e+00
5.190052083352287432e-03 4.786528931821785737e-01 2.645367824457740547e-01 1.641169498635041551e-02 3.447889900755562453e-01 3.354570058237398289e-01 1.420286662367724884e-01 6.483842854649923826e-01 1.654510492475980143e-01 3.544283294246161620e-02
3.735958461315087575e-01 8.115453212188318555e-02 4.246091863793323706e-01 5.452136044053529362e-01 4.841121138546974900e-01 1.537260739692778988e-01 1.747808435593877219e-01 1.599537015784875393e-01 2.484474573737575909e-01 2.081673568591960177e-02
1.675276329321270519e-01 1.132953156742519917e-02 3.636595274580687875e-01 1.288242559332198889e-01 4.481062153218329791e-01 3.395280686871827158e-01 4.699024091163424011e-01 1.134841155662336815e-01 2.037131203394498269e-01 4.813499241474070156e-01
2.903919515887305128e-03 3.948458663354860732e-01 2.890406140032385496e-01 4.582721532660398722e-01 8.631165232179212332e-02 1.285457933359432647e-01 3.166031948763075587e-01 9.141464759369752335e-02 6.272764457455406450e-01 1.564825344508280758e-01
4.152892633459916438e-01 4.292080378366892601e-01 2.648661652178769255e-01 2.998111545076721507e-01 2.154848707028206023e-01 4.109055911566917296e-01 9.596264521455571614e-03 1.685780040282553738e-01 3.424238731809951530e-01 3.496177901031980451e-01
3.743221900164930283e-01 6.730169019708019673e-02 6.391260394766681285e-01 2.511433209685660639e-01 4.037346839553964117e-01 6.408049964581213377e-03 1.294192749029347278e-01 4.512138841588744231e-01 1.490111777354114625e-02 1.379127027028930613e-02
4.765362481141878770e-01 4.333413314502553293e-01 2.555571173274858165e-01 -0.000000000000000000e+00 1.912885397730769987e-01 3.189158521060246332e-01 4.334555235970045106e-01 2.834770040552042625e-01 3.365351283682107009e-01 4.651119191687725155e-03
7.113945098911215181e-01 9.307024958164632211e-02 2.757671200913133225e-01 1.696328492529092513e-01 2.693984603135617367e-03 7.222518575033753940e-02 1.928164711882599247e-01 2.760696015492695166e-01 3.831081277152754705e-01 3.391825214809603972e-01
3.156097708498395993e-01 5.627624298011948967e-02 4.211258215084678902e-01 6.253918358056390625e-01 3.806471650848683441e-01 2.330230338874772766e-01 1.139949709469838535e-01 2.004386052166328980e-01 2.700651483664452956e-01 5.885473942488000237e-02
2.243859915500628077e-01 4.267160845197568442e-01 3.036323641198031553e-01 3.793644987933050272e-01 7.947518473985647203e-02 2.880186882385583728e-03 4.402931676383519122e-01 2.366201043611682042e-01 2.656935682210255778e-01 4.524261869141861236e-01
1.055027020941912835e-01 4.912880061807924914e-01 4.659213585415857839e-01 2.913584953123163346e-01 3.820327385328614045e-01 2.876719326834820470e-02 9.865971657791958171e-02 4.128554396832375684e-01 3.362513090583753028e-01 7.421541877285439681e-02
5.191676428097081741e-01 5.143433595343168685e-01 1.494353363796890044e-01 2.677603402944121469e-01 -0.000000000000000000e+00 8.189070155812966378e-02 2.876928533880543370e-01 4.774576055797023488e-01 2.030652249257370867e-01 1.149557827018177630e-01
3.906849543479680720e-01 2.131376237583854083e-01 6.185330137775004733e-01 3.342758343875741334e-01 5.319748919979642825e-03 3.486675333561196632e-01 1.640254503651209783e-01 3.533245592739071017e-01 1.591234256076855258e-02 1.844479694981853157e-01
4.234315069816373955e-01 4.339507299225713877e-01 4.486363886910386678e-01 2.679191540471899668e-01 1.159904088342751964e-03 2.880254107231163679e-02 1.528055920140691804e-01 3.726321035149064431e-01 8.407238020042827331e-02 4.350102414298228082e-01
1.376666431870754133e-03 5.068089943250099205e-01 5.424949418504101395e-01 2.430168218963860843e-02 2.077983162990078847e-01 2.230308728794512807e-01 2.259682571246616201e-01 4.001530530916551929e-04 4.802149164493981770e-01 2.714043561280538031e-01
5.243631080860288590e-02 1.746522421600355257e-01 1.446019101347366387e-01 2.139251350008719021e-01 2.580117078992251178e-01 3.054671281920755960e-02 4.515489210397390929e-01 6.473521138154589849e-01 4.309835192519070324e-01 1.544740351001152867e-01
4.478886803247122406e-01 1.471550024509477306e-01 2.135762707349269651e-01 2.574789725472892976e-01 7.221873016651018107e-01 1.653584653996318099e-01 1.920870545420982622e-01 5.415998120905725355e-02 2.510212586712700089e-01 1.187036537256863228e-01
3.631070811514124919e-01 3.388170239656401739e-01 -0.000000000000000000e+00 3.182947084337709454e-01 2.032897286459315889e-01 4.829637712688514273e-01 2.190933327721170110e-01 1.398450071690716945e-01 5.186997465583892408e-01 2.021288964141760569e-01
1.757810981586473142e-02 4.259710821255252022e-01 5.959127291771376678e-02 6.946905049138103472e-01 2.438356218791332131e-01 3.512328803843630005e-03 7.303725819901053795e-03 3.145647472615619722e-01 2.848851799322933975e-01 3.040749784120762578e-01
-0.000000000000000000e+00 3.280348028702586571e-01 1.092361555576886779e-02 6.281640701061219634e-01 1.616615028923231168e-01 1.596405909661142430e-01 3.911669345986755753e-01 4.482474857417443892e-01 3.025617573574642671e-01 2.414928038264554933e-02
2.664543385893007321e-01 1.117905324564778397e-01 4.483022003638035824e-01 4.866321996928060223e-01 -0.000000000000000000e+00 2.419277626332171083e-01 1.529107909775885218e-02 4.494058222318296769e-01 4.662034158399533945e-01 2.539929608774447664e-02
1.865480258213037534e-01 2.222236410342558477e-01 5.611767098149035293e-01 3.688252168039971024e-01 1.833503853005854500e-01 4.322198355916132551e-01 4.807378334621644211e-01 1.850038083698370139e-02 7.304944638844393379e-02 8.744396456631528536e-02
2.407447510481406927e-01 7.404233637104590260e-01 2.153833179421787702e-01 7.044796930389911685e-03 5.206764393466841723e-01 1.583347949854768122e-01 6.332441654443431156e-02 2.163694873448964995e-01 1.215023982566460284e-02 1.511216717232032047e-02
3.694518814877116863e-01 1.539030467245980638e-01 4.413440115548459934e-03 6.360359323425733846e-01 2.143496969704608568e-01 6.882405973259912192e-03 8.550169177160421574e-02 2.440971873752270926e-01 5.193544940841010593e-01 2.294378935149357923e-01
-0.000000000000000000e+00 6.315593256682847656e-01 4.164413901162953846e-01 4.510382519183189776e-02 2.183898867168334312e-01 4.397883818523706800e-01 7.108586705092592717e-02 2.826278016508358693e-03 1.260632664153001417e-02 4.234937549324361838e-01
2.797485220747768508e-01 9.303320523534235401e-03 4.304013964178984297e-01 4.458340910975970295e-01 1.063119761963202126e-02 5.298397591439849008e-02 3.715419093314133447e-01 4.225560850698085180e-01 3.968263248809227872e-01 2.462769217704671720e-01
2.683284720818964950e-02 2.561435487205536710e-01 7.249142322369053204e-01 3.517082072380894320e-01 8.117289249377287672e-03 3.076700411088269596e-02 1.241525140233978169e-01 4.785683069618943963e-01 1.970756719703926629e-01 1.335601157859276147e-02
1.787752605754519275e-01 6.711340380089168833e-02 3.738264884629864393e-01 3.596825548991435251e-01 3.060796068756307386e-01 3.202290042085498278e-01 4.056947650661820171e-01 2.281527530409202253e-01 3.774433496770701613e-01 3.729352078335487763e-01
4.878479888607241133e-01 9.734114951295980145e-02 1.309909109981508835e-01 2.681915909524450470e-01 1.162085808259961765e-02 2.280475579960594412e-01 4.739223427789202581e-01 3.633803166798127982e-01 5.382745054723076655e-02 5.017548436597055739e-01
6.135906255431342604e-01 5.137434738536318379e-01 1.354213112022809723e-02 7.975440774588711187e-03 1.793624827522377341e-01 1.154291879163421991e-01 3.343786132541231026e-01 9.809663906771760866e-02 1.518411743532012137e-01 4.115150578999471342e-01
3.002968816771902638e-01 3.414382465803332267e-01 2.061964232924008711e-01 1.170337467756784461e-01 4.433502318211268167e-01 2.442545113812810698e-01 6.117335796204282916e-01 2.031975276533495300e-01 2.524272192134449644e-01 3.976733205441500274e-02
3.520199582939494420e-01 1.429642745326941290e-03 3.237060497650774415e-01 1.763909106004876159e-01 6.174863698526437128e-01 1.945747199700234853e-01 4.254882480652619203e-01 2.765161559061597996e-01 2.519590244688079128e-01 6.857313768463703559e-03
1.068463404658568372e-01 1.152030306435057744e-01 5.387907163926727305e-01 8.093459089092584768e-03 2.441116773890049663e-01 2.008468077274840058e-01 3.973652150979508080e-01 4.087848807539634088e-01 4.971653066468820215e-01 1.133300262970667882e-01
7.058318791261478653e-01 4.351716353245971150e-04 1.652726257216809852e-02 4.583921093205069880e-02 7.686325151461823914e-03 5.218110233978428408e-03 1.914294039765418731e-01 7.227070083382418526e-03 6.301637029915994059e-01 2.560014400003633450e-01
3.296417304079377053e-01 1.453052088831695843e-01 4.376394735677152648e-02 4.620676185253581036e-01 1.421805804405704143e-01 1.806295978042703199e-01 4.416753028090122379e-01 1.035979827730678371e-01 1.860737934447535546e-01 6.012699209646069631e-01
1.953514696806114559e-01 9.493178886651826298e-02 3.964143858578917934e-01 2.327800917909952916e-01 8.575919945365811925e-01 3.751937235970746742e-02 5.607975207613292989e-02 3.437187130263218149e-02 1.722573022113645796e-02 -0.000000000000000000e+00
4.313501266517812960e-01 2.501972142716554770e-01 1.775424665078234321e-01 4.380325290826023177e-01 3.895779290505132497e-01 1.499900021047489984e-01 2.389698808490617332e-01 1.992990055926201765e-01 5.063291090242832970e-01 2.192647935254273678e-02
4.941643914321403042e-01 6.004299948860293279e-01 3.314289723025400924e-01 1.076855459195548426e-02 4.321940497437550821e-01 1.001596921631733514e-02 2.420895551517485422e-01 1.926219413058448959e-01 4.126456937439881845e-02 3.192027705455158237e-02
3.130954995034903598e-01 2.441723059786175543e-01 2.813744208670481695e-01 7.623123545552259496e-03 5.033970659744101406e-01 1.702508611657028992e-01 5.720927253161250947e-01 3.330158102261257524e-01 2.058849198675422321e-01 1.221631059363727755e-02
4.541378952538522307e-01 6.319715332451790978e-03 1.002003420090093883e-02 4.054623289249147389e-01 1.587838068392937591e-02 1.786890384393600428e-01 4.843850439039612543e-01 4.884001929934635999e-01 2.713971914111102390e-01 2.240910123558161327e-01
3.074480692628766554e-01 5.140165519401285188e-01 9.637255347342930933e-02 1.054527452121687414e-01 8.020290830396833992e-02 2.186513763448557635e-01 3.882371145392204959e-01 4.400586259977679049e-01 4.109103931513683472e-01 2.310558049559224281e-01
3.174529739895757662e-03 2.228102577007534668e-01 4.174837483243925007e-01 4.303926472610966059e-01 1.044515276515826513e-01 1.137390980561919090e-01 3.454367066982286238e-01 3.715348580933576228e-01 5.310917189042858588e-01 1.659675071686965153e-01
6.111112501389810887e-03 2.306568240305330586e-01 3.762765970165153889e-03 2.868333958710788528e-02 4.096867857515134603e-01 3.118415838242492577e-01 3.782423457903776043e-02 6.909628264112944729e-01 3.449587370500132311e-01 2.880588918297605772e-01
3.478425197215748773e-03 3.453179588017146751e-01 2.945876596023931371e-01 5.715689284085622157e-01 4.413352806901333913e-01 2.480634519398177140e-01 1.384153115219566577e-01 2.614233682844958051e-01 8.400630372344250474e-02 3.411746438273122739e-01
3.294277870408411635e-02 3.721037328347470696e-02 5.507874947432089829e-01 4.002597318503610391e-02 5.821748561374695541e-01 5.402610280352219269e-03 5.087494027953743947e-01 2.006365784619942305e-01 1.405749599161104646e-01 1.864461220377659767e-01
2.607761727650028671e-01 2.565755092250538438e-01 4.562351604859264387e-01 3.534532141470153599e-01 4.675526833316851483e-01 2.163658879243738065e-01 2.313726736795986560e-01 2.009436791279373691e-01 5.627588890655527143e-02 4.130214745048554348e-01
3.131426201928216857e-01 4.615141040539336159e-01 1.490032166982916129e-01 4.018499170673246398e-03 2.664452504637691566e-01 2.372848505942678765e-01 5.578257019402383943e-01 2.635037739702195125e-01 3.983975130511465124e-01 1.033544352193879745e-02
4.764476916853136457e-01 2.430723748652358351e-01 2.381861015685431404e-01 3.667652072935594920e-01 2.656741584237090059e-01 3.042848801663495251e-01 7.926581934619461589e-02 5.994234620289010107e-02 4.022905038270890299e-01 4.333338553554558215e-01
3.500258672906654822e-01 2.859473293056060128e-01 3.037403647010429864e-01 4.037137237284765812e-01 5.380567752561411510e-01 1.600218791984370781e-01 2.275247233344480369e-01 9.500699935968164034e-02 3.280884899666074439e-01 2.385897212568477421e-01
-0.000000000000000000e+00 2.914895578318973390e-01 6.287799976017059873e-03 5.862966811976416670e-01 1.277542968245563328e-02 2.628132453548311792e-03 5.132314264886399524e-01 5.344548512083283631e-01 -0.000000000000000000e+00 1.484314625125417175e-01
7.579752582282199384e-03 1.367033992139945475e-01 2.229985191424115609e-01 2.938709882086312231e-01 1.402837208226286325e-01 3.490955717155734828e-01 2.297446262698730479e-01 6.184492589068375512e-01 2.770922575012865208e-01 4.376948616501923350e-01
2.611566481426614295e-01 2.995759061191533568e-01 1.041549989347208133e-01 3.081807269433479712e-01 -0.000000000000000000e+00 2.100148104542437499e-01 1.419171000003037753e-01 4.657490209994728514e-01 3.506813322815834355e-01 5.762652393524828609e-01
2.800644133864572116e-01 2.927410305254049550e-01 2.750751564850557607e-01 3.780925229983856939e-01 5.303514293019736536e-01 2.754587471365787521e-01 2.581833293029438536e-01 5.915955930016519176e-02 4.205121723914557741e-01 1.144866092005395602e-01
-0.000000000000000000e+00 4.096821072575211609e-02 3.513290213228147940e-01 5.021611381708853683e-01 3.899167522421923548e-01 4.901282919830403650e-01 2.053472324465682453e-01 3.605453417230534696e-01 1.078095556350180118e-01 2.160545531064194114e-01
1.010545907557843237e-01 4.529427023628377347e-01 2.691450396142239243e-02 2.795055673038510102e-01 7.679165289971804330e-03 6.947944136859635078e-01 2.116284294563920143e-01 2.968306782740404715e-01 1.095132834066204902e-01 2.794578242884183661e-01
1.615752964592151730e-01 1.955234978748420227e-01 5.359375891926889679e-01 2.917259957194173747e-01 4.127992638312228402e-01 2.365162442970891177e-01 1.553986392175506770e-01 2.522542990343326630e-01 2.504329051806553630e-01 4.318449429824952057e-01
2.498303690466073257e-01 2.055399596287594832e-01 4.894727745742808445e-01 5.589215933766470412e-01 4.386559945416971251e-01 2.589652330412660075e-01 7.949909007797965194e-03 2.651004586211525016e-01 2.104594560751825178e-03 1.163323261247007773e-01
3.525787628806014706e-01 3.747706332767037352e-01 3.411722763124112046e-01 4.417762209812464147e-01 3.065325915470834550e-01 3.811744526916197029e-03 1.312051978366496896e-01 3.953133145323627917e-01 3.376710091112689605e-01 2.053887698810484275e-01
4.206193936959202739e-01 2.251192142574363342e-01 2.438604285778029745e-03 1.576639129623868540e-01 2.829557142003752968e-01 6.326588822017448210e-02 5.176657980568595274e-01 3.267656655821919442e-01 5.350438509835756529e-01 4.944389557905412569e-02
2.515934319121389540e-01 3.645901911236199000e-01 4.929532340560349168e-01 3.372901171391480823e-01 5.152631196230267330e-01 1.672364087672142952e-02 2.994214549642220113e-01 1.648838663387720838e-01 2.098911327347836309e-01 1.426088222686056062e-01
1.234555367677306163e-02 3.141970044302530018e-01 3.588025797135927040e-03 1.038654738132945426e-01 7.210250168981667818e-01 5.948459655975627675e-02 3.108195454873835528e-01 5.016066904876907984e-01 -0.000000000000000000e+00 1.367236816064135441e-01
1.304778926029739050e-01 6.928360585725749088e-01 5.165621728523858147e-01 7.559576663977204090e-03 1.416558088712841224e-01 7.443020837223392194e-02 2.083689699453075139e-01 4.085543968887216382e-01 5.999239426918812762e-03 9.140679952869842570e-03
1.411175781748648557e-02 1.561236745917647661e-01 3.869380584587737149e-01 2.608361489252150056e-01 1.515002379086907158e-01 3.151146346586834734e-02 7.503226784448530085e-01 4.115954929799038875e-01 3.632294155935410218e-02 3.174385543639151978e-03
3.172428544013968232e-01 1.376608072161853713e-01 3.873600560298758322e-01 3.533080431671760113e-01 3.823767065744305138e-01 3.921736634050565495e-01 2.793908716529864833e-01 -0.000000000000000000e+00 3.925565662940277423e-01 2.708505901986018594e-01
4.783496575777984594e-01 1.763972751590966656e-02 3.171756617702731207e-01 -0.000000000000000000e+00 2.399927364384569495e-01 4.129570556084586341e-01 2.470909393347744676e-01 3.444739080764007144e-01 2.876514421634885910e-01 4.238873005215252343e-01
4.285185225459114955e-02 1.040679948075523380e-02 1.826222787654424584e-01 2.710190784006608622e-01 3.378867199898517026e-01 6.733698429448322642e-01 6.108371347890140766e-03 4.504220706919959127e-01 3.474049301105086029e-01 7.159564174341530134e-03
9.985619819665904340e-02 1.024948197175936104e-01 1.168657408583782670e-01 3.282108905301272042e-03 6.550935720244155901e-03 7.340048104454374722e-02 6.040285634638165729e-02 3.873555481277072832e-01 -0.000000000000000000e+00 8.981825019955712586e-01
2.568677060122877276e-03 4.965514918688097579e-01 2.682456567841097206e-01 9.301437539882458083e-02 1.758644084287983300e-01 5.739875124218936087e-01 3.014557480685748914e-01 1.481663624111810747e-02 3.501667359201768304e-01 3.141986841797513308e-01
4.071495319277708413e-02 2.930968363883503236e-01 1.838599517304874142e-01 7.209695999787337772e-01 1.784254691963970685e-01 4.186322231007285066e-01 9.113840156171885976e-02 3.494681044104616142e-03 9.453503789717980499e-02 3.667301602548652673e-01
1.540369331140792331e-02 1.360519323451210016e-01 4.018817345357219017e-01 6.446293758015725350e-01 3.059600983503312222e-01 1.152606620460238651e-01 2.075480067096676078e-03 9.090221556307352679e-02 2.124862277735612426e-01 4.938442242597426146e-01
5.073746732946377708e-02 1.621275715174910759e-01 2.893004221625500860e-01 2.021825098186899247e-02 3.778561467227776194e-01 2.586661062982285875e-02 5.797139469336387574e-01 4.739044191621718909e-03 6.356785516093583777e-01 5.843422866417464362e-02
1.361796046014386308e-01 3.356730089889615742e-01 2.069681043162972245e-01 3.105542108275844981e-01 3.101344278590966175e-01 5.259472175813790784e-01 1.737514586973012420e-01 2.966691605775895191e-01 2.089504471631884186e-01 4.413986221408436883e-01
3.559928567253033416e-01 2.988156081383330775e-01 5.126336969438352043e-01 2.063763861700798966e-02 1.237545059075689964e-02 4.747978466181485557e-01 1.147359223531428524e-01 1.648315602589131568e-01 4.839017342123460019e-01 1.437994731687169403e-01
1.962540405303029867e-01 3.849706432116471455e-01 4.593845178880885949e-01 1.502099940733121752e-01 2.725320954435053178e-01 2.996950024672519475e-01 -0.000000000000000000e+00 3.706520320684771330e-01 3.541165205349700029e-01 3.909123959444184004e-01
1.485537628012475464e-01 3.454515610759517630e-01 5.213378419031412525e-01 1.467164344589940925e-02 1.741428246022714288e-01 1.591356775396838286e-01 5.654731495184494618e-03 2.739842179366248631e-01 1.597445262958208101e-01 6.559870939367450360e-01
5.248050659528167294e-01 2.590139754379956472e-01 1.993454957872576039e-01 1.827599985502146307e-01 5.608307633695728267e-01 3.851968418790604476e-01 2.855845523598316005e-01 1.118091536610523948e-02 1.752030254678048349e-02 1.986285401590197897e-01
4.529457094420735186e-01 3.207763420704327628e-01 -0.000000000000000000e+00 1.617726418178842829e-02 4.760887484812981740e-01 1.308714402844136189e-03 5.209206504863950205e-01 1.371118056421466724e-01 4.030030751924466581e-01 1.115766985595899041e-01
5.300151125849092981e-01 2.610826312016996040e-02 1.329649691334405803e-01 3.223003878718181392e-01 -0.000000000000000000e+00 5.778739229025131943e-03 6.147964206833501644e-01 1.800729500574261843e-01 4.031581360615460463e-01 1.545132138761360074e-01
-0.000000000000000000e+00 3.224683876060800425e-01 3.708619418272501300e-01 3.804664880249431502e-01 5.148690667524307152e-01 1.592805412821023670e-01 3.433693728847694165e-02 3.427813189679441153e-01 4.389793300670680742e-01 1.089929068210193502e-01
3.715510779457458224e-01 3.594281380220905042e-01 4.519667160073546075e-01 3.976052263483555449e-01 3.932492048662235007e-01 9.055195031500908043e-02 3.639938959687906705e-01 1.567406086727857750e-01 1.935840022894128598e-01 1.141001673597254740e-01
3.988194813638609171e-01 1.337568827560445262e-02 2.420513536236277019e-01 1.811777583120649515e-01 6.994183344872259012e-01 1.250771726904723602e-01 4.696440686181235780e-01 1.441196890125145125e-01 1.039752644240281299e-02 5.545650637484363793e-02
1.182403537826611645e-01 2.449201344658189505e-01 2.929956795391674418e-01 -0.000000000000000000e+00 3.544807366808860882e-02 3.269943318389339493e-01 4.001238541637078261e-01 4.301275446204838593e-01 5.858145076577797594e-01 2.090874902188447348e-01
5.255158753694141316e-01 2.019047025296902831e-01 5.309764394168271506e-01 1.534841571781026259e-01 2.881273893250611007e-01 1.810482594116241406e-01 3.327089867196354050e-02 -0.000000000000000000e+00 4.034366117263780138e-01 3.129061728629160544e-01
2.454735281260613244e-01 5.380110178181616298e-01 7.401845094661279462e-03 3.560180017482987846e-01 2.328637781755633629e-01 2.994222646678936645e-02 2.726115057866169700e-01 5.722954119381620103e-02 4.895934197345607197e-01 3.886736942270250794e-01
4.389406674244343276e-01 1.222656501067045237e-01 1.164658859827914505e-01 3.895567707889837639e-01 3.143859638785955202e-01 4.085156685685385480e-01 4.139327678267461924e-02 2.677069819111441706e-01 5.317462304300324405e-01 7.214811270210992611e-02
4.593151635812566247e-01 7.787924709901174192e-02 3.286257660537701963e-01 4.874880015118968624e-01 8.321668934695089503e-02 2.150727942840673645e-01 3.060609255729211942e-01 4.801388090954349375e-01 1.019747908694342529e-02 2.446080102413574764e-01
4.488903658223977744e-01 1.430690920682627376e-01 3.811560354954552921e-01 2.747147676392888149e-01 3.635616145840071534e-01 8.823729230692527355e-04 5.875674240324778586e-01 6.341388044886295261e-02 1.380795499253786689e-02 2.750550192109753600e-01
4.627915555854028411e-03 5.002555775895473067e-02 9.092678889781986851e-02 2.735985230579821015e-01 8.113200217377639425e-03 1.262103774837109588e-02 6.262913046628498792e-01 6.966371226917938975e-01 2.056031126856286764e-02 1.901585475072478937e-01
9.244173976250396121e-03 1.290043114895632892e-01 4.815041361663527919e-01 1.715526914528403557e-02 5.847296584037312561e-01 1.542569001744664992e-01 4.932100310635348372e-01 2.675970968802943162e-01 1.825960296154848783e-01 1.929307667524146896e-01
1.446600283340516990e-01 4.314294339479357587e-01 1.053356266831241977e-01 6.101426647406272830e-01 1.836004164778153383e-02 1.152950738378546586e-01 1.733526002554607731e-02 2.219378569631324238e-01 4.606347459210701767e-01 3.663347051759368589e-01
-0.000000000000000000e+00 2.069722190068467305e-01 4.639185109476194335e-01 3.474173350356471457e-01 3.029633436014434467e-01 1.711015537404690645e-01 4.019766419890159481e-01 5.244949377351675324e-01 2.326484317615248043e-01 9.682628053377850819e-02
2.101912745915324454e-01 3.069201206491312672e-01 5.376961289793441567e-01 1.467233664891970657e-01 2.389674029536026922e-01 6.788652221974929013e-01 1.012543725903545383e-01 3.361811059946370056e-03 1.504441443142721380e-01 1.068617558584427155e-02
8.352900016204953954e-03 3.563013960628200749e-01 2.522141069122981749e-01 4.031406470288311783e-01 2.843571094337670191e-01 5.583907583909440975e-01 2.234916847378508598e-01 -0.000000000000000000e+00 3.001953774427877919e-01 3.378168212000257076e-01
-0.000000000000000000e+00 1.069334992092337011e-03 3.825285646156847963e-01 7.845722271806424009e-03 5.402489129337523233e-01 2.673070744384727915e-01 3.868505920550226462e-01 3.681339786487902166e-01 1.969908582614062278e-02 4.524634544969581840e-01
1.889041342465466733e-01 4.876296151235150894e-02 -0.000000000000000000e+00 2.275174857958961738e-01 1.002668386199068000e-02 7.933491304698542246e-01 3.873206647136651082e-01 3.055124461382446310e-01 1.477046287592974905e-01 1.244909984020888538e-01
4.968736510155861708e-01 3.001407439198198190e-01 4.044942141993440599e-01 1.394983485901010040e-02 8.798065136832548816e-02 2.284214396177455808e-01 3.822803064421568808e-01 2.585954766656104464e-01 1.760453289041281622e-01 4.419311953072959098e-01
-0.000000000000000000e+00 1.661026465687545084e-01 3.380196973696318330e-01 4.561494898079073157e-01 2.806506855998341932e-01 3.124642988158174983e-01 3.805031373154025287e-01 4.805694365381217859e-01 2.492901564475893950e-01 1.892254994332707996e-01
8.034642125473947030e-03 3.279213418522241574e-01 3.161630756838776021e-03 3.269017721105983432e-01 2.022529816252001678e-01 3.391309460558050715e-01 2.281286284557217381e-01 3.043321269428838922e-03 1.032249649457256946e-01 7.529308601081424746e-01
5.075512452094512739e-01 5.986843022300922801e-01 8.242895018932411277e-03 2.535216566077895806e-01 3.605802598624866517e-01 9.494315137315493744e-03 2.697219468019574906e-01 3.414297131010348707e-01 6.884848633278374021e-03 1.215810528539136744e-02
3.628529531851438783e-01 4.434193577294594513e-01 3.450654237046173189e-02 1.725301676078578369e-03 9.915794417006337791e-02 6.180622066234540621e-03 2.239728067704861991e-01 7.685696932612507970e-01 1.255824432543478641e-01 6.339313697982061624e-02
1.205025447698888225e-01 4.608366132707112685e-03 3.106287116592639785e-01 1.726850580107536226e-01 4.051197046200794571e-01 1.534882380387663503e-01 2.968959118899831551e-01 3.572785019645533522e-01 6.712065112241646370e-01 7.178905513973836416e-02
5.426495668206485767e-01 1.692290985224888800e-01 5.841677733734995659e-01 2.025847494879363109e-01 7.834269496708253996e-03 3.514876303502701416e-01 1.339249526943835089e-01 2.913396480996542359e-01 2.390728564160821690e-01 1.049997496074305675e-01
4.985324388427347236e-02 5.727680068091754034e-02 3.404294442287315037e-01 2.677637240082692341e-02 -0.000000000000000000e+00 1.947498519253250404e-01 5.733781024482192956e-01 4.790130673749583567e-01 5.008541902116278033e-01 1.750041422383327161e-01
6.323554394102971071e-03 4.705356275018613976e-01 2.135918316383728921e-01 5.909152730288375066e-02 5.213221244170981317e-01 2.095480933731548590e-01 8.725546193459769728e-02 2.434008645976757645e-01 4.108453048782007566e-01 4.220242112270019552e-01
3.869442232569174078e-01 5.653797511429661110e-03 2.366609558558607496e-01 3.795980405430222082e-01 2.043932541922789670e-01 2.751862640418917816e-01 2.394860840473540808e-01 2.499895797834973399e-01 3.066572633444222262e-01 5.645777079905737184e-01
4.038091044945227304e-01 1.490565611977111016e-01 2.738470391779751489e-01 3.958422427798236609e-01 6.684242946525480455e-01 1.583388095923626004e-01 1.151018815162195424e-01 1.702392388656109590e-01 2.608781989622282471e-01 2.979218150731926390e-02
3.813966185303893086e-01 3.326156394768350344e-01 2.844962331613008488e-01 6.686929404055760306e-01 2.278853609521446777e-01 7.469394367927383038e-02 3.433478249743516231e-01 1.698383020329619908e-01 4.262373255474612155e-02 9.876546577710379471e-02
6.195728638958696299e-01 1.760146717076465084e-01 9.396396644330876069e-02 1.990118509450918005e-01 1.811686722257296045e-01 3.853458796452872703e-01 4.505092418432611323e-01 2.847293146245274617e-02 3.476855168598879109e-01 1.753434334645930792e-01
5.585490526511670550e-01 4.923297647713913983e-01 1.946207488261543772e-01 2.161116028694320124e-01 2.527086362418812793e-01 3.435046943563334620e-01 4.231117680026156291e-01 6.999827824710370440e-03 1.109964171664373778e-02 -0.000000000000000000e+00
1.137920178675575072e-01 3.376151996340233385e-03 2.394888812553260804e-01 5.929164345078025145e-02 8.013047456630260079e-01 2.373374110191280306e-01 2.271109546132417945e-01 4.431062193390335885e-02 4.166920435754711272e-01 2.400285081706027973e-02
3.933652827315151645e-01 -0.000000000000000000e+00 1.195180245069192432e-01 1.959186832216894270e-01 3.317241706448098015e-01 7.196867543869249761e-01 3.817970530529413153e-01 5.818990709435078318e-02 8.508783351619109148e-02 9.060972063849635771e-02
4.560894567761153429e-01 3.570608911244458894e-01 5.842986836672472289e-02 2.587207680229606788e-01 5.988297948888775535e-01 3.583319601359290230e-02 1.355315539701689928e-02 3.715779764116149964e-01 2.747947046614778732e-01 1.431512858998559845e-01
1.207548430956970759e-01 4.783675037577213018e-01 7.974670447808085427e-03 2.579193396879301825e-01 2.049907338148533875e-01 5.131140590898437548e-01 2.752674360434035905e-01 3.369992996439536426e-01 3.861702439447405877e-01 2.149917041733429568e-01
2.317617853558834318e-01 1.201532624492299695e-01 6.293716725330286144e-01 1.502418390829472761e-01 1.332468416104030107e-01 5.171375449302417771e-02 6.928217707738271169e-01 7.114598014722998964e-02 3.856678518378244187e-04 8.760946000013886126e-02
3.490932263958532178e-01 5.794245084980198524e-01 2.396446583754388293e-01 4.078566181629564302e-01 -0.000000000000000000e+00 2.623590758333643747e-01 5.292508312990605243e-03 4.736517107437315244e-01 1.394219790581772700e-01 7.732947897027966921e-02
3.469252205515942489e-01 5.989173121593022869e-02 4.530538527386752667e-01 2.196888713545133986e-01 1.586678742870393025e-02 3.494150147620395663e-01 1.763637983734822889e-01 5.300535036878878392e-01 1.570218558610898818e-01 4.043210374785813355e-01
3.649931745756900270e-01 3.824979610847522027e-01 4.307864655013952659e-01 3.593219481085469513e-01 3.886145942173893642e-01 2.377520800143200982e-03 4.465686417803055308e-01 3.966339066962504961e-02 4.483077172351476215e-03 2.318237719081208958e-01
3.019512677814838453e-01 3.799099956348968576e-01 3.653368205128939006e-01 4.197190940684688010e-01 1.409505217344070582e-01 1.802332232574903881e-01 1.905356483968727865e-01 5.120069363920429911e-02 1.807044169745274376e-01 5.752636106668651550e-01
5.367976437445516440e-03 2.475978046945525035e-01 4.028756624898128247e-01 4.631239946157272858e-01 2.748439973529164318e-02 1.355549046873531782e-01 7.199901992264949868e-01 2.193718698158962817e-03 1.554006563189593015e-01 1.425799221724596659e-02
5.012808602815055359e-01 1.338997378007471435e-02 4.127620520949011329e-01 6.875457440379317831e-02 4.180115844598867171e-04 4.482585241377607388e-01 -0.000000000000000000e+00 4.849150162205341785e-01 3.655197532521183845e-01 6.128101171703606576e-02
4.916093644063802559e-01 3.339671419161787669e-01 2.770788049698709732e-01 5.459448680530278042e-02 3.342418173830553063e-01 1.838410752832778938e-01 3.380025802515797539e-01 5.068020335009689736e-01 1.782603800909508540e-01 1.365540801981944552e-01
1.789896327753560668e-01 2.586643354481712453e-01 -0.000000000000000000e+00 5.173078222277934790e-01 3.713113003812884005e-01 2.763209961391265845e-01 2.668714548891824578e-01 4.000174725460941549e-01 2.485477079553450319e-01 3.552638461526653746e-01
5.773729710177960550e-01 4.679709057189804233e-01 3.481154149156666100e-01 2.035674592754148082e-01 -0.000000000000000000e+00 3.017880642105299493e-01 3.343146151209357431e-01 8.955664919000693586e-03 2.539385508878134745e-01 1.327114991865573357e-01
5.145155062500185172e-01 9.517137650326268697e-03 2.817732496068472980e-01 3.773819304635620542e-01 8.872269492195328233e-03 2.540506958558517159e-01 3.857950170633801107e-03 4.218997530691109832e-01 5.078131130371815738e-01 1.134064189639658327e-01
2.764729996706487558e-01 2.381794855198048066e-01 4.551744429928775149e-01 3.521741630413393609e-01 -0.000000000000000000e+00 4.344966883889932463e-01 4.296130976326694717e-01 1.365598918332511236e-02 3.527291470934871276e-01 1.940713150738072879e-01
2.460389287229295674e-01 3.324671039078473389e-01 5.884000405720162252e-01 1.040719989887133913e-02 1.211511084251431919e-01 9.102742857222541339e-02 6.138135321783587672e-01 3.753095721738870186e-03 2.878276253791071104e-01 4.253122130729955312e-03
4.850122255847232888e-01 3.835966101406234618e-01 1.293723592023540876e-02 4.958866172676253958e-01 1.399672311605951180e-01 1.170869545438526782e-01 4.546280431221351725e-01 2.934611852097274709e-01 2.103727253046048240e-01 3.439307154977020581e-02
5.594828783086985141e-02 5.168052787283562433e-01 8.792578233504592944e-03 2.882339599273897046e-01 6.380183520142667097e-01 2.935677393708974736e-01 1.302355261929010743e-01 2.676967329701963605e-01 2.541134934370101739e-01 1.341760414992398086e-02
2.940439787467094904e-02 1.456169419602298676e-01 1.742075403188391436e-01 6.794380489287329405e-01 3.930263236070152821e-01 2.812131794498281545e-01 6.536181562829990362e-04 2.829743988663824261e-01 2.920815711146355076e-01 2.949739530944212595e-01
4.212148067755034919e-01 4.293524538432986204e-01 1.349986326798032765e-01 7.823216442891009481e-02 5.426289312178633750e-01 -0.000000000000000000e+00 1.750145450360791055e-01 1.950671992096355278e-01 4.818996212828281500e-01 1.361431209658183761e-01
1.384501296026552919e-01 -0.000000000000000000e+00 2.630769949058366919e-01 5.105869472433750555e-01 2.624487516599374182e-01 1.437190477962159152e-01 5.335813142036883727e-01 4.826503896158965069e-04 2.311093591543102177e-01 4.725121437743721176e-01
4.217430886152025993e-01 2.314496633063290176e-01 4.940572967837557616e-01 1.782354457605401510e-01 1.265911661083580879e-02 1.352305384182601600e-01 1.827831537978047427e-01 8.243619947009875673e-03 6.639112467744494595e-01 -0.000000000000000000e+00
1.634075729270973443e-01 2.510923310807410269e-01 2.770433541992981530e-01 3.113966681432230321e-01 5.294297780862983194e-01 2.460439111902163745e-01 4.512249170041250368e-01 1.448425975831039159e-01 3.323239160269489401e-01 2.463203528416668120e-01
4.164092473702914465e-01 2.140182396560311173e-01 2.138690629057223846e-01 4.592299547908262891e-01 5.162955348318638560e-01 2.022572630862331522e-01 1.259050524509647273e-01 3.709616413932924350e-02 3.577075168507499736e-01 2.674237262420242622e-01
2.716621926585299773e-01 8.233591708657977959e-02 2.964966053110723032e-01 4.942866883701693137e-01 6.472171072355943355e-01 1.625939210503040411e-01 7.222103298515981928e-02 2.614659646149294914e-01 2.269643189804624595e-01 1.295028384549372635e-01
5.724707822301904059e-02 6.926496593920430378e-01 1.713779400823989274e-01 3.635860962701840116e-01 1.136208788527715702e-01 3.499425127071501551e-01 2.970962159817588377e-01 1.882307603538889429e-01 3.093239679169140222e-01 2.542065101682466563e-02
-0.000000000000000000e+00 5.588924873719466023e-03 2.786643047162219375e-02 8.816589941360200577e-02 1.421009674062612693e-01 4.938172954228248202e-01 3.978573194092405174e-01 5.683089190008476788e-01 2.090673661818201190e-01 4.498846033484436013e-01
1.351168175697237406e-01 -0.000000000000000000e+00 2.836305559597983583e-01 3.474097966604420828e-01 6.711663543582024882e-01 2.572827268675222934e-01 4.483496595172954402e-01 1.891817455387389824e-01 1.640695524448380349e-01 1.479667798660636545e-02
1.407709844109016062e-01 -0.000000000000000000e+00 4.064990956337650174e-01 6.379738892454848154e-01 3.562237322923184624e-01 2.510972423395249065e-01 3.237952126576242318e-01 6.514284343812143212e-03 2.104551226460817659e-01 2.623147441350522358e-01
1.753189328835133842e-01 4.594219942081581576e-01 3.104233593556705584e-01 4.464321951823730927e-01 1.375344765138183933e-01 2.733038282622978973e-03 5.252351270536240874e-02 3.593085991974009907e-01 4.891532058467399358e-01 2.692116021254225000e-01
1.603827168961757810e-02 2.793606798518702972e-01 6.523971536133260120e-03 4.652534078740258594e-01 2.484763530642307705e-01 2.071095580145671747e-03 4.522391914697071469e-01 5.709678480917167454e-01 2.846007268827733250e-01 1.786901160782161935e-01
4.042471708963782939e-01 1.817806391255072374e-02 3.610014061175846889e-01 5.031968821145779147e-01 4.603730452918873284e-01 2.475715366670057371e-01 1.586004821290509237e-01 3.416705268657904693e-01 6.120406196152876344e-02 1.839860314427869958e-01
1.164618193186295891e-01 3.532040320549740819e-01 5.629490588501543380e-01 1.033354759878546761e-02 3.921204277807209537e-02 2.835201075080951427e-01 4.605909064942970144e-01 4.548465631741894222e-01 1.825742708352697807e-01 1.018879389671874525e-01
