3.344833326528887429e+00
5.333325301039694821e+00
5.982635165487762974e-01
9.618396251691305743e-01
1.742879085670088868e+00
2.099603719642890276e+00
5.668514921216192270e+00
2.666295290594173917e+00
1.990230686876694355e+00
3.074366995175227046e+00
-6.741241263151859231e-02
3.536903865935788094e+00
3.527532953067856525e+00
6.727319511028094778e-01
3.848200767965106017e+00
6.163952913419949553e+00
1.722632840872440507e+00
2.090592131059196390e+00
1.222112315107260372e+00
3.310252444154352158e+00
4.181788266068735993e+00
2.043062358343384066e-01
1.199612932184620950e+00
1.159685740058526981e+00
6.948436939956246228e+00
1.113432387045162342e+00
4.688582513249533790e+00
4.328639410234667473e+00
2.487697373024127856e+00
-4.965396099028628052e-02
2.784543771900326981e+00
-6.299967203510543901e-02
3.007773270408286237e+00
3.613903449546334024e-01
3.728229978587235038e+00
4.917061026396056245e-01
3.938521103699257342e+00
4.627314174654681977e+00
3.036592932662554922e+00
6.666132085679200792e+00
1.830487928686628907e+00
9.824699081309362647e-01
3.456080079672432248e+00
3.858786719775119778e+00
3.233885295659634895e+00
6.667241501151501382e+00
2.350780475147040693e+00
-7.589767067589162086e-02
5.841554479501739339e-01
2.734144484803426867e+00
5.305017747363081959e+00
3.810716421130630138e+00
4.543670832128055004e+00
3.230159729546297598e+00
3.670583479375358671e+00
1.376619946196619315e+00
6.359628772489894111e+00
4.525472230334061763e+00
6.194349885769518949e-01
3.070325560814529453e+00
1.143982609987231447e+00
3.552246208171993658e+00
4.496577288162599273e-01
6.641745680202610913e+00
4.402782210090127712e+00
2.422321140043299792e+00
1.248255151060181145e+00
2.297584610037117336e+00
8.523885195117111291e-01
5.819274627968581193e+00
3.696155629721082914e+00
-2.361203864350744919e-01
1.950665064086024136e+00
4.393166638301868043e-01
1.882461422052662314e+00
2.323312099661555052e+00
-8.520443663717229832e-01
3.359415830629929989e+00
3.066918457610668725e+00
6.115420196983526679e+00
3.506101370059160338e+00
6.574933344845553584e+00
3.314557773185883516e+00
2.638190258004122324e+00
3.257221340332191239e+00
3.769376506834736684e+00
7.554731196127189019e-01
2.666608429870661601e-01
3.388502582479450798e+00
3.671559530950517569e+00
3.597273931155972271e+00
3.422745386071914364e+00
3.879065142699145596e+00
2.649864751312161815e+00
6.375017893096010191e+00
3.830773857818634553e+00
3.224033381432576117e+00
5.857199704336743196e+00
6.027959726686687780e+00
1.226129499384607108e-01
2.941346260778251676e+00
1.930647299527121996e+00
9.544574042960788374e-01
1.242544351304603722e+00
2.280884021197084000e+00
3.288441794375779104e+00
3.976989278051996202e+00
1.680342053875095720e+00
4.270155670551463167e-01
1.769858745824487434e-01
9.072648907904425908e-01
2.955792670359558727e+00
1.979837186727192888e+00
2.473851922373295764e+00
3.394749781341179773e+00
7.692127883712579495e-02
4.793689131332842912e+00
2.446691512012462599e+00
2.699013789616461434e+00
1.360527782363356808e+00
4.064208630795447696e+00
2.855467786172376066e+00
5.058225189946096156e-01
6.808000566588296998e+00
1.301285265179121353e+00
3.853543835938219697e+00
7.162711459965098726e+00
3.619756320125015581e+00
2.502553258857383778e+00
2.586554685893325711e+00
-2.773532297036366834e-01
4.010203909680903900e-03
8.113059474386369319e-01
2.534402107398825432e+00
3.849726113278060802e-01
3.180493234807787672e+00
2.422780206310353623e+00
-6.513842024601402825e-01
3.843892755847808651e+00
2.468610772594109548e+00
5.620910406418250460e+00
3.648129034222420852e+00
4.586246284513568305e+00
3.417983729983333774e+00
3.866553989761968957e+00
1.522696496593146653e+00
2.786229803839544328e+00
-9.396491427326691959e-01
3.042562436619233868e+00
-1.409850742755203390e+00
7.147359018332170022e-01
3.481261403479566585e+00
4.036272217470676438e+00
3.107220547238452202e+00
2.970128058672336202e+00
1.797748669279601419e+00
2.428630332684514226e+00
3.030936623482807235e+00
1.991497446031017526e+00
5.196895264435095640e+00
3.123430700515465119e+00
1.738211382922759007e+00
4.008672595443972808e-01
3.423859171230535736e+00
3.543824251902287337e+00
4.009658532400758091e+00
4.976804102758826676e-01
3.415149141513954767e+00
5.009666737433960293e+00
5.849210225385433226e+00
1.837590150246331433e+00
3.363434974306981573e+00
1.669920553352994386e+00
3.278523014547838343e+00
2.440063673162686353e+00
3.676984456884736296e+00
2.812351318311957726e+00
2.072598490718215114e+00
4.777839903143961564e+00
1.173578125060554672e-01
6.231179935390190217e+00
2.881354525010661138e+00
2.619710336175286702e+00
5.227097579103150427e-01
3.442664803372549875e-01
5.243552186339957899e+00
3.301147012550456061e+00
3.184943719488806835e+00
3.559622186718891079e+00
1.355633409520653920e+00
-3.953363003888150096e-01
2.067269690747093769e+00
1.126218302716089470e+00
2.404922447814920705e+00
-8.255362071793566348e-02
4.611588115783999520e+00
1.346669872837406245e+00
2.036911285527250204e+00
-8.374792831289899764e-02
3.273350457423432669e+00
2.916055126864625535e+00
3.829679482371218580e+00
3.093750102340875330e+00
-2.463576160470930809e-01
3.049370027188721632e+00
2.613030673695567074e+00
2.672533379979988855e+00
3.613687565594600137e+00
2.951121445157098844e+00
7.152115065505372016e+00
3.409058871969987248e+00
2.699810206430664383e+00
3.449868242369226845e+00
4.071950259740418687e+00
-1.755231903539943961e+00
3.704022713036364767e+00
5.502311079027199625e+00
2.249174152041730324e+00
3.563207224062289846e+00
-1.976318945472156086e-01
2.921875242657520744e+00
2.351237484878219153e+00
2.275545520378926323e+00
-1.346377737306750255e+00
2.343586804685850566e+00
1.477541654179866715e+00
3.579587537758619042e+00
3.409676917495769732e+00
3.290082463233466648e+00
3.666368772153060895e+00
3.334913489036375633e+00
5.280083742493128618e+00
3.302304012609379225e+00
4.080973641337505842e-01
3.889261959459095142e+00
3.589828218566109896e+00
3.771048974538691034e+00
4.228208943500046391e-01
3.657850707622154918e+00
3.510359977449538427e+00
2.621268419495096591e+00
1.999867292991923229e+00
7.276185308865965595e-01
1.085231331456371739e+00
2.880180415784574954e+00
1.591799376908862529e+00
2.063474673695907313e+00
1.984070166950292757e-01
-6.919850217584704033e-02
4.926747279640414590e+00
3.541127709865582673e+00
7.875564776720821447e-01
2.467598889080219182e-01
3.043276947329724091e+00
2.644571243487173540e+00
8.781856635744751394e-01
5.823574206643106876e+00
