1.984011246822501739e+00
1.117479757315077427e+00
2.152091183607145464e+00
1.967400898500647255e+00
1.843119031538723807e+00
2.201375422588816910e+00
1.901280138814293696e+00
1.741695087608137182e+00
9.769251737444066830e-01
2.471885658229232785e+00
1.079757375598362490e-01
1.949719461984423363e+00
8.112341127809686858e-01
1.622026818966112893e+00
1.940309729235507152e+00
1.476588770566705566e+00
1.327831533426813371e+00
1.624039523668967089e+00
2.164364877736753900e+00
1.920331756468818041e+00
1.344529872954034477e+00
7.034790377258397231e-02
1.894838540864590470e+00
2.109193060700697675e+00
3.725297069714822995e-01
2.561080801663562667e+00
9.648755194407129254e-01
1.613157974539129347e+00
1.390611308807848667e+00
-2.770068799651199121e-01
1.649760203289043936e+00
9.964231611645628650e-01
1.989512297351491821e+00
3.243549951172713386e-01
-1.395944932350550935e-02
-5.744034235389259280e-01
1.310190533818507419e-01
1.138918045467616630e-01
1.602279765578545012e+00
1.817739320998682739e+00
8.445201993125042716e-02
1.223047256954155282e+00
1.059203143584260376e+00
-4.697556188680747091e-01
2.087366503035054333e+00
1.712644474410027762e-01
2.086256145083005276e+00
-5.232752525989176062e-01
1.985535342245797086e+00
-1.055426463413731586e+00
1.893239451296893971e+00
-3.186709139502870713e-01
1.978277793666068485e+00
2.220252050829227386e+00
6.400299840744489988e-01
-2.598286119135032046e-01
1.273653456525349892e+00
3.213995977929234860e-01
8.380976778309783271e-01
1.678171987701007728e+00
5.198585435192594126e-03
2.323544496190214304e+00
1.601824059445380088e+00
2.781347752026780196e+00
2.002976317495131386e+00
2.130088071165234354e+00
7.841133537821481925e-02
-1.248934153265803593e+00
9.397954409501682038e-01
1.867601297650910208e+00
3.047370652755777010e-01
5.949258649905692087e-01
1.606286278294013270e+00
1.377873004590115524e+00
1.726541466872063335e+00
1.479410837510128474e+00
1.957096646049682365e+00
9.628667640892342172e-01
1.289551183923905997e-01
2.062773392873233913e+00
