2.995963220326463450e+00
4.394384564325908293e+00
4.256970783288441251e-01
6.281239123343312913e-01
1.089814104078262291e+00
1.554663093056374068e+00
2.637197120492210889e+00
1.864111216424490625e+00
1.196482328603228673e+00
2.866270982555744862e+00
-4.085422271523909271e-02
3.205884123265797303e+00
3.541189714326714810e+00
4.524598046305140508e-01
3.939570668101375350e+00
3.446076458245727281e+00
1.345892321816197779e+00
1.259457909125519359e+00
7.663339035386589337e-01
3.236502201769653198e+00
3.038876556556052488e+00
1.245062160487492159e-01
7.142981870576907699e-01
9.277377464001455021e-01
6.956223954113758268e+00
7.622094709344869878e-01
4.443185194489376322e+00
1.706902043190797302e+00
1.756939678038471175e+00
-2.227956251492730147e-02
2.032329449661349763e+00
-3.693285341639231112e-02
2.441556639649612670e+00
3.176344862881466669e-01
3.764496091112339737e+00
4.219684340988137383e-01
4.016853204499118313e+00
1.962815234293495026e+00
2.549479189117731526e+00
5.793074302204733961e+00
1.348250005443389465e+00
4.964655845026414993e-01
3.259566483763850719e+00
4.010122638269463913e+00
2.945911244416155927e+00
6.114805018778941559e+00
1.696921775225139317e+00
-1.277719869539618025e-01
4.028627449193555865e-01
1.660447900391442078e+00
5.350364464705748446e+00
3.950184748217192787e+00
1.912637992898669648e+00
3.034248008516200024e+00
3.501545602270756952e+00
1.069331280074074630e+00
4.568233199375517195e+00
3.363270664191827741e+00
4.451550828995449183e-01
2.537384079027160233e+00
6.882514582666329206e-01
3.335949068321752975e+00
2.915578363248546578e-01
6.019932683904424486e+00
2.559026311277509347e+00
1.808375116749287637e+00
8.761198358510171591e-01
1.743589120169808160e+00
6.528824085985375225e-01
2.925857753566116770e+00
3.439675585842976613e+00
-1.447047444421323825e-01
1.314762298426748632e+00
3.082584321416340090e-01
1.054197417052701535e+00
1.766954207386922882e+00
-5.847407437482343706e-01
3.305238839720129107e+00
2.772559783161251179e+00
3.890837221533109958e+00
3.557723388604004722e+00
5.735431958148240028e+00
3.013032602028251183e+00
2.022993962342868990e+00
3.148476202193912776e+00
3.880333512190145662e+00
5.135129505274399486e-01
1.336368567142735553e-01
3.136967740981463137e+00
3.572409236150512424e+00
3.429611932541770436e+00
3.452723124290947077e+00
4.060313779542735979e+00
1.999749111433516413e+00
4.374837559587175129e+00
3.029496780652824128e+00
2.176543268333277048e+00
5.176888948295122361e+00
3.245403354726811074e+00
7.014562816279514001e-02
2.375889222236566845e+00
1.446469636899185396e+00
7.088559549281620020e-01
9.822099046027426006e-01
1.436548522950790607e+00
2.646537989502966148e+00
4.161282748625601435e+00
9.519237422618260780e-01
3.016917279334737634e-01
9.998588699242356992e-02
7.120113007479338396e-01
2.612915042399241994e+00
1.304075884875838476e+00
1.724400585357898752e+00
3.037289268424216093e+00
5.005493682785059489e-02
2.534293711601311117e+00
1.586114698007683677e+00
2.059437724269113090e+00
1.042142262989796953e+00
3.265905190437786043e+00
2.736022821832312601e+00
3.056175536828916184e-01
6.607800687660025929e+00
9.458165716863162764e-01
3.930204504759806650e+00
7.172048597185201046e+00
3.779891898666572381e+00
1.911441744500246509e+00
1.478447316611621210e+00
-1.853701861085526037e-01
-7.236649686779014767e-02
5.878902832847580084e-01
1.906267617787929636e+00
1.856195151809992561e-01
2.781812947947867265e+00
1.904754702856678694e+00
-4.541884145837416509e-01
3.820720971048674919e+00
1.858157666521310869e+00
2.346760305266773372e+00
2.131922345500376181e+00
4.682389537860463413e+00
3.468702109505719555e+00
2.187300825276656813e+00
1.141015603272872658e+00
1.624014835367969534e+00
-6.628072343294945101e-01
2.859651627311426747e+00
-9.958331546871214135e-01
4.407780641613944783e-01
3.294722967326195739e+00
2.587930983022224574e+00
2.727549157111325950e+00
2.743705652600664013e+00
1.055956091656939044e+00
1.759130809693483455e+00
2.454962410638563242e+00
1.124314183470202178e+00
3.545997917145716993e+00
2.626579832069256604e+00
1.269404918670239635e+00
2.776344757049907797e-01
2.749109612279997616e+00
3.510125129113626841e+00
4.217461323408798535e+00
3.358738139669119604e-01
2.817329732592691816e+00
4.953729218486013330e+00
2.790729335659890786e+00
1.384270654495488584e+00
3.123684386158504189e+00
1.215214827215120197e+00
1.966710550175776451e+00
1.628476363974807217e+00
3.722204145236240436e+00
2.476455022297685549e+00
1.539208741780603740e+00
4.088927278500670504e+00
1.935144535004829636e-01
4.694102672932063847e+00
2.572195214998535651e+00
1.343292331638003656e+00
3.109064324369750776e-01
1.800132545024483999e-01
4.618832412592838388e+00
3.271507833078396654e+00
3.057695053993409573e+00
3.750503218759134505e+00
9.869921424359148210e-01
-3.616102883680831770e-01
1.694574468524367994e+00
7.356106431447012595e-01
1.712088390740292621e+00
1.787578922341458154e-02
2.434503965710208551e+00
1.127108714913630960e+00
1.523092218808988818e+00
-7.656369724544073718e-02
2.945174773434280802e+00
2.411421291764414221e+00
3.787429959904226706e+00
1.806241791796008078e+00
-2.631127429581732735e-01
2.648287897173677852e+00
1.842990347395402129e+00
1.989501397170456931e+00
3.453641915466294066e+00
2.333413608076566614e+00
7.193535127874103985e+00
2.860465163257612797e+00
2.073753393363378716e+00
3.128278382006101310e+00
4.317419854594271911e+00
-1.217399463603840104e+00
3.780399101015134544e+00
2.242666622469372317e+00
1.775515252001167887e+00
3.453728079935044715e+00
-1.310518980031408764e-01
2.278879623078167604e+00
1.648379264086649920e+00
1.693883184024235433e+00
-8.852053658536505054e-01
1.593563540844044946e+00
1.013510607654076745e+00
3.448127643862045844e+00
3.219062701385726033e+00
2.917237909037858845e+00
3.510258709226008467e+00
3.175418736931941766e+00
4.649359672828587975e+00
2.730519341174859171e+00
3.064941564328435564e-01
4.041964782943067824e+00
3.421317700041355270e+00
3.926206209593664287e+00
3.010892895530875579e-01
3.520487970012778245e+00
3.129611669434415155e+00
2.205960337001342975e+00
1.404690261802600926e+00
4.608763195603020058e-01
9.239657954926051575e-01
2.180381342406169765e+00
1.119497636709483102e+00
1.221823919437384331e+00
1.479761686457251035e-01
-6.483524286432364170e-02
1.868520401664738761e+00
3.480548252031419487e+00
6.295967890921547738e-01
2.397727925826485806e-01
2.313174696868376845e+00
1.796687209094342208e+00
4.739539663297187566e-01
5.577161246157694485e+00
