2.836917732744424825e+00
2.250961490954333399e+00
2.941328065046270979e+00
2.815416991992492957e+00
2.735239642643078728e+00
2.975635000548101594e+00
2.794062622767419679e+00
2.671996832480056483e+00
2.163031205750594488e+00
3.165763253043022196e+00
1.658151522298582980e+00
2.745015188206927803e+00
2.051697145462823002e+00
2.603124235580924317e+00
2.824222644990654896e+00
2.475130689912721227e+00
2.461364106052896794e+00
2.554440383548697735e+00
2.891051355606570450e+00
2.744104852316539223e+00
2.377551094371296525e+00
1.694928524154749372e+00
2.770292372772685585e+00
2.921858354888489995e+00
1.868447385001828165e+00
3.184183179855305301e+00
2.161176135082153671e+00
2.584445974841236282e+00
2.417265615285768998e+00
1.554739525342537787e+00
2.582159299322261070e+00
2.188801193975963066e+00
2.845679976751423368e+00
1.859767583050062623e+00
1.655222584262628471e+00
1.409890029971145653e+00
1.720205741314613457e+00
1.691848441418813520e+00
2.569938458537559089e+00
2.729092577342625781e+00
1.701673942783324289e+00
2.336399002384350609e+00
2.243896403301042231e+00
1.474639016455858709e+00
2.850723081352021460e+00
1.738997997652024896e+00
2.889306243891963444e+00
1.402276299392142267e+00
2.767101226219131238e+00
1.122165525116320728e+00
2.790303748561059116e+00
1.533066651159573857e+00
2.844318087505786519e+00
3.009592046954170819e+00
1.947547197882087078e+00
1.468620461218494544e+00
2.386845746668609713e+00
1.769599454212175571e+00
2.130864299516150862e+00
2.629881688535640638e+00
1.675019749324633267e+00
3.096592912257127850e+00
2.565663968415630602e+00
3.389310922752282185e+00
2.797362475284872918e+00
2.909908935365506100e+00
1.701051225507898890e+00
1.142109091160880219e+00
2.203063917481451917e+00
2.762182905952976331e+00
1.798177906166037676e+00
1.986961484614222506e+00
2.573987659121445226e+00
2.395733174840644963e+00
2.666002644015794232e+00
2.478548338272722695e+00
2.827106431859462088e+00
2.192367822017654344e+00
1.683977861115203867e+00
2.873702878658968451e+00
