2.674232316856310021e+00
3.402177327755668834e+00
4.135775334278948834e-01
5.510332509026807379e-01
9.589530170752212923e-01
1.319001197985059992e+00
2.132623185991159964e+00
1.553581341262822990e+00
1.036152953171910918e+00
2.711120654566046007e+00
-3.320281384125758906e-02
2.931038795459834034e+00
3.459950065501308902e+00
4.032042627355300612e-01
3.865467020402897358e+00
2.536226970065753594e+00
1.215740298065381308e+00
1.121494652941463332e+00
6.597531510415056699e-01
3.087421446866771113e+00
2.566549713107675323e+00
9.429908783136776995e-02
5.851886937986706672e-01
8.437799684887344887e-01
6.618904902849870098e+00
6.919823624453523836e-01
4.050547902913570475e+00
1.411482696373239643e+00
1.567078174079094444e+00
-1.311961864904185628e-02
1.745421202177140696e+00
-3.365243189155330689e-02
2.186447510730969768e+00
3.120754958870832207e-01
3.727570744428936766e+00
4.085740062827535879e-01
3.927193151107944313e+00
1.703462425094392829e+00
2.272912128809873700e+00
4.310174761246726050e+00
1.193372716983926773e+00
3.855348569349920651e-01
2.842047186395282310e+00
4.010562803184366309e+00
2.740875914364768740e+00
4.907884015889516505e+00
1.564808529604367671e+00
-1.396515067397323118e-01
3.801643686793241828e-01
1.424523204192079673e+00
5.233471945265681491e+00
3.912261187273956775e+00
1.618879480633319101e+00
2.813899244469244554e+00
3.313781389608664973e+00
9.968599880628383758e-01
3.203794719908807931e+00
2.734257709074209952e+00
4.016164202472229383e-01
2.276775666936585285e+00
6.187969288895750486e-01
2.985441258030218759e+00
2.531239834406225353e-01
4.547992476733168310e+00
2.069850579756515430e+00
1.571822227147834150e+00
7.577389119909051507e-01
1.648718527248466570e+00
5.794965752568610462e-01
2.252506255809918922e+00
3.179190426158837735e+00
-1.201964307572322976e-01
1.185935531581626678e+00
2.951867628424122980e-01
9.068402144386773500e-01
1.626363737141904631e+00
-5.218347340458604489e-01
3.123489311731380891e+00
2.561740308100136421e+00
2.693452405581230114e+00
3.448461207888495750e+00
3.873527903989577137e+00
2.747352034611692861e+00
1.774950957508304672e+00
2.997160389450083784e+00
3.823067572263923353e+00
4.349347041562988125e-01
9.298852305624734360e-02
2.883991941150084948e+00
3.357645246253553317e+00
3.218870412249022817e+00
3.304704046529903572e+00
4.071083458452786630e+00
1.717861407442036414e+00
2.868984145189368729e+00
2.589024617156146402e+00
1.917951748908945486e+00
3.895483606829202916e+00
2.439848643652086313e+00
6.270239938640673194e-02
2.201066456405099014e+00
1.302304395779094959e+00
6.579127906488572153e-01
9.308041384247415229e-01
1.259288960196193852e+00
2.321830549645750086e+00
4.168665822102679996e+00
8.495415884433793474e-01
2.612510191930143000e-01
7.385548823966153753e-02
6.706435914835769951e-01
2.274342408271228244e+00
1.179842606784972547e+00
1.534889681979423548e+00
2.714169994054071555e+00
5.394673954929349313e-02
2.079080684003447477e+00
1.425139447046435137e+00
1.795282020253100574e+00
9.919526333002038898e-01
2.799257118955214008e+00
2.626429292383257952e+00
2.733251050836549845e-01
5.981157126872282070e+00
8.825985672649897529e-01
3.863042268944896662e+00
6.998492944164139473e+00
3.767178935284638985e+00
1.704664389642559952e+00
1.302369931364962596e+00
-1.557433243378057164e-01
-6.124062445195585513e-02
5.297961027208674123e-01
1.679765301299748215e+00
1.902594008763660027e-01
2.582716613160895403e+00
1.759770893866549502e+00
-4.210338029552127548e-01
3.696758327357279494e+00
1.660521029988194730e+00
1.900158537048775242e+00
1.804464907596853074e+00
4.593716029192580486e+00
3.343791674797152336e+00
1.923719098065917121e+00
1.072415995204213379e+00
1.454097655247394094e+00
-6.095248873161717151e-01
2.634530658001164483e+00
-8.870614365171232141e-01
3.853955188664146547e-01
3.060374118222020989e+00
2.137526189632676488e+00
2.463210654133734856e+00
2.384120303157754694e+00
8.748545655287740530e-01
1.559359836895476636e+00
2.172916481661077981e+00
9.716787331444221021e-01
2.857226385996401774e+00
2.292627120138727825e+00
1.156330451246087021e+00
2.500018325095003657e-01
2.512000052022000052e+00
3.325783094644863436e+00
4.226853444690123141e+00
3.103802617929860563e-01
2.442239408874776530e+00
4.782696845306415590e+00
2.165639569476843995e+00
1.303664662369394822e+00
2.902210523058448732e+00
1.125925685209052229e+00
1.695748328485797263e+00
1.330658135183217627e+00
3.624552714103352002e+00
2.402776270633131261e+00
1.427870766163640726e+00
3.293118067503895130e+00
2.638570817224903386e-01
2.964384295415794845e+00
2.433995708978587746e+00
1.153081796254395330e+00
2.546960219028771011e-01
1.598679831748341107e-01
3.876267194057220422e+00
3.160693955317749548e+00
2.854649006875790818e+00
3.742515008282083055e+00
8.982330346285627432e-01
-3.516974622145894736e-01
1.607038543759530258e+00
6.785209705330089713e-01
1.535151791172449931e+00
2.083167035731325889e-02
1.997602551117360736e+00
1.076660314617845504e+00
1.396592256483765393e+00
-5.576398913578887312e-02
2.658244016341692717e+00
2.176354858435919581e+00
3.642996735060556546e+00
1.574130891094462914e+00
-2.651745598056055586e-01
2.321704860458128294e+00
1.645880247969636168e+00
1.762078642096159387e+00
3.046453432743454037e+00
1.973063924264064850e+00
6.921492293532708118e+00
2.520477246673387128e+00
1.730019852957706661e+00
2.659875520294344931e+00
4.354574578033926890e+00
-1.042106056894884780e+00
3.710125230323393808e+00
1.802179905617474986e+00
1.637610336951996315e+00
3.234734653103370494e+00
-1.055871862408177819e-01
2.040445376085360252e+00
1.424389949655974430e+00
1.499855528299030016e+00
-7.827539782231583976e-01
1.330841998909137791e+00
8.697902373889002670e-01
3.233637044498221425e+00
3.005226804692405995e+00
2.621415498082424023e+00
3.362092597897105239e+00
2.913467065282629331e+00
3.665411582069072693e+00
2.540066680259577492e+00
3.049747708685610070e-01
3.997059868356143131e+00
3.176006211715006522e+00
3.954046118889109618e+00
2.722951667354559513e-01
3.343461591720862991e+00
2.914936144765079895e+00
2.087141022085042152e+00
1.260676013625491754e+00
3.998090069656592416e-01
9.193430691566485402e-01
1.812449790553037454e+00
1.065089373206486112e+00
1.086300126426981150e+00
1.320799435653577658e-01
-5.918481970567056327e-02
1.601023167760217136e+00
3.286565325047914765e+00
5.858033558292494725e-01
2.453183440642983937e-01
1.908831253775355785e+00
1.553323495859759040e+00
3.842770971823118442e-01
5.110748868704249048e+00
