1.485982319913837710e-02
5.276272110570029428e-02
-3.482557682787540965e-01
7.911754517648252050e-02
2.943343273278631878e-01
-1.573038264783078455e-01
-2.015328282818621419e-01
-4.790979495123335458e-02
-1.631617158389221944e-01
1.590877979707629869e-02
-1.180638638461429801e-01
2.720561960392285927e-01
-5.344308029281333305e-02
3.070121041434090703e-01
-1.027547461202673734e-01
-5.802474189993888504e-02
2.247176195126389386e-01
-2.829587455108864558e-01
1.609779598211572849e-01
-8.184314681839517658e-02
2.601272871127027764e-01
-1.646216015234830687e-01
-4.485750785794117013e-01
1.577163262427996593e-01
1.120786990542958911e-01
4.376057314176905189e-02
-1.975330441272496462e-02
-2.384140663804285853e-01
1.203444475187759599e-01
-2.991062501179700961e-01
-1.389556619384555158e-01
7.966966260478652861e-02
-2.669161187115819470e-02
9.190557164364535070e-02
3.565517985679179935e-02
1.233462317348259403e-02
4.980119753941997240e-02
-5.335073120249058665e-01
-6.816008130517628438e-02
2.415543108699199082e-01
-7.517449312979054832e-02
2.602536494129941147e-01
-2.059009720360630014e-01
3.394163271158731066e-01
1.048602083696201503e-01
-5.381176609288568918e-02
1.281455181426388035e-01
6.208978620764958947e-03
5.884147354457513329e-02
7.173783153435112081e-02
-2.175989834344157214e-01
-2.029198188732062869e-01
1.701548132566388927e-01
-5.090705231774432793e-01
2.028324524647178162e-01
3.528231291422336824e-01
-2.175223122766872519e-01
2.662607163198759674e-01
-1.148520798389073699e-02
1.504546222389496202e-01
-8.434885235319428132e-02
3.269786176838609948e-01
-1.476206980624543462e-03
-6.618667058954354199e-02
-7.266714354712031643e-01
1.176501965283258122e-01
-4.331702632013499643e-02
1.650615606631906096e-01
-7.294150840986533824e-02
3.809228694872295873e-01
9.077265427754002691e-02
-1.130721439493707903e-02
-1.190095268349760232e-01
-9.587306926474192803e-02
3.371835727971781993e-01
3.776087773381577861e-01
9.550026045901560678e-02
-5.327332067814866123e-01
1.200900320615227862e-01
-1.173053346076596837e-02
