2.855737273248002556e-02
8.347734115672508781e-02
-4.846578211638040146e-01
1.222686247200932969e-01
4.263750524685719911e-01
-2.111791313816770155e-01
-2.658542238747626518e-01
-6.017153799965955369e-02
-2.044882903542328823e-01
2.901767857994931241e-02
-1.501123212910677740e-01
3.770870125390161642e-01
-7.208115250661956130e-02
4.340956158001683662e-01
-1.317768430906145205e-01
-6.264714104657746752e-02
3.136516689729691998e-01
-3.744824248802123279e-01
2.310716173897978398e-01
-1.118930397672648624e-01
3.731976321375783390e-01
-2.179367133066619500e-01
-6.067053901031898011e-01
2.136566723954633207e-01
1.673633530600107666e-01
6.261054693734453835e-02
-1.814693184104472501e-02
-3.286116443559762290e-01
1.849449398111993603e-01
-4.004225239204096121e-01
-1.789732880982068675e-01
1.140167922002769535e-01
-3.646406730528511247e-02
1.270722788773061829e-01
4.487642669962647879e-02
3.053460857255230199e-02
7.126307042899510114e-02
-7.455512015363681133e-01
-9.891175831882680070e-02
3.353335127421007700e-01
-9.678049026580157199e-02
3.584682366312841317e-01
-2.784377378565861538e-01
4.666299505576486650e-01
1.500543458513535766e-01
-6.935584022721680286e-02
1.773453330401005557e-01
1.367121744277970119e-02
9.513858314995350673e-02
1.023272696897560424e-01
-2.988346770807229213e-01
-2.741149294121488222e-01
2.372823580706577840e-01
-7.023474451366151783e-01
2.905755297693251027e-01
4.843552829133671578e-01
-3.011776376276391609e-01
3.800357151845664139e-01
-1.117956402820671075e-02
2.222386262737592044e-01
-1.145168316254201735e-01
4.544203203177888950e-01
-3.153767075814744485e-04
-8.715777134901894763e-02
-1.025085184274061589e+00
1.557483970257513839e-01
-4.937951999723471513e-02
2.256249498826814193e-01
-9.439096605251676153e-02
5.293016430093295810e-01
1.324934382186691573e-01
-9.730507752394925228e-03
-1.633682740189765226e-01
-1.220836044318298064e-01
4.700621537002180883e-01
5.260460412618082060e-01
1.413641533458180055e-01
-7.577145390466443198e-01
1.589715840877558850e-01
-1.594822496469309667e-02
