3.322753594416404110e-02
9.055838073260261134e-02
-5.021747137753533874e-01
1.311849661518804111e-01
4.485404562208185064e-01
-2.163936659830990594e-01
-2.726688276426446067e-01
-5.922447606540640758e-02
-2.078015271976125511e-01
3.356135810685045157e-02
-1.522224580216395839e-01
3.948941696378724386e-01
-7.209120559303461295e-02
4.555243457403768681e-01
-1.334162007783229742e-01
-6.067745062726972310e-02
3.292808846367589193e-01
-3.853218558046582198e-01
2.437579161774852399e-01
-1.135629624839855495e-01
3.923640671704980432e-01
-2.231901326340370861e-01
-6.279099004912813697e-01
2.244571207531141088e-01
1.780373958483282282e-01
6.793227266030713030e-02
-1.527505628995722009e-02
-3.392145551993041019e-01
1.968696743973193941e-01
-4.126105846895208873e-01
-1.822258048642361461e-01
1.216584644102073620e-01
-3.530897428646422032e-02
1.349089662343256335e-01
4.889263785962565112e-02
3.573529871868812852e-02
7.702647015304552036e-02
-7.755190099911215551e-01
-1.007685864854495905e-01
3.517742768690499400e-01
-9.730642589629411032e-02
3.754132547817061738e-01
-2.864156348550628839e-01
4.880486066396032552e-01
1.593302361524806532e-01
-6.886070218119363928e-02
1.872081985308646224e-01
1.728176689196974161e-02
1.029862289716434454e-01
1.093724049374357743e-01
-3.079280239668719665e-01
-2.819161875977525544e-01
2.497122685120284902e-01
-7.293950524228808296e-01
3.059443112763182149e-01
5.063892063434494162e-01
-3.107361990021879627e-01
3.992573595039155543e-01
-8.564464096938768575e-03
2.353168262303785840e-01
-1.162090947167047500e-01
4.757217574283459927e-01
2.516107512163905536e-03
-8.758810954525989012e-02
-1.071451829284301160e+00
1.637568080995828457e-01
-4.753905535147709416e-02
2.370304032080682854e-01
-9.491916366784386438e-02
5.541679656187623593e-01
1.410715353225612534e-01
-6.959735237573697574e-03
-1.671292835036121138e-01
-1.233033032599438333e-01
4.923699369654319646e-01
5.508913686638916563e-01
1.507721905265853035e-01
-7.900892349791975855e-01
1.673428708926410491e-01
-1.391032074799704830e-02
