5.025599570768897628e+00 2.342789257295782246e+00 1.444831514976044229e+00
3.052602496330003926e-02 3.745880956466332012e+00 5.687016578454915816e+00
1.939803344832716103e+00 1.027310882978515583e+00 4.466958572056961785e+00
5.598512807556681459e+00 2.049455742345664966e+00 1.276542871406192381e+00
5.280850637293850625e+00 1.067990504126810347e-01 3.697555046166279613e+00
3.380566854408879163e+00 5.083040821564873468e+00 3.427223860966815416e-01
4.083512778604899474e+00 4.336590054188123489e+00 3.511569022134566204e-02
1.781960522765474009e+00 2.334037744221156618e+00 4.516497452714359540e+00
3.984627756287176581e+00 3.282005778835011434e+00 1.178964239650087675e+00
4.934841330709016205e+00 1.704369104919335742e-02 3.331153154139673056e+00
2.617036525411939429e+00 5.995624721347111219e+00 4.962722104889353836e-01
1.837832274271731459e+00 7.081617086701267993e+00 1.738628929412878277e+00
1.602615084648082444e+00 6.081537678557739746e+00 1.760540512782882594e+00
1.245671207953331860e+00 4.584087104747891495e+00 4.582013983488278264e+00
5.427883268195999200e+00 8.027428364274969974e-01 1.695151057000496619e+00
4.594638356919391597e+00 7.310272989058708148e-02 3.468368596610603927e+00
3.927840254842535295e+00 4.426241798664708682e+00 1.612859500046221362e+00
3.882235804959834002e+00 3.270212839656442050e+00 8.357095197749263571e-01
4.518580703697169909e+00 4.220878600333238140e+00 9.795197304076961320e-01
3.415635238104372640e+00 3.321020470912745992e+00 1.989371311620730776e+00
2.121083477061314060e+00 5.517705324231889641e+00 2.791826713997106690e+00
2.007198439055207118e+00 1.347028296545861537e+00 4.709764572276055716e+00
2.106768244336056917e+00 5.732182682166522270e+00 2.219543941489033057e-01
4.750431589803744359e+00 1.763074665936283036e+00 2.474696249243492296e+00
1.912899036467736291e+00 3.895945666372191418e+00 3.909608314939232887e+00
1.875842253027646844e+00 4.153301905196506993e+00 3.220042844951259475e+00
2.705086143978205460e+00 1.454238700894243230e+00 4.293154439458456650e+00
1.833882367756686227e+00 5.470540592244271139e+00 1.342855397100227943e+00
4.778472519274847841e+00 1.824593572662433161e+00 2.448575759862426704e+00
4.841863146993718559e+00 1.813117316383701036e-02 2.490385748433177504e+00
1.720307267425721154e+00 7.022886318399817362e+00 5.617228630722801430e-01
5.467697793547723784e+00 1.913170387806998329e+00 1.365067804590569311e+00
4.850876545426064723e+00 6.074028856458548731e-01 2.660396034238659002e+00
4.268207416073766858e+00 4.412446540227139558e+00 8.277758221422046869e-01
3.509899674302414230e+00 1.812971388559141861e+00 3.437724915022629446e+00
3.118756291724653185e+00 3.431515768202327843e-01 4.897550677913922179e+00
3.497452933240800199e+00 1.294713739495288118e+00 3.707578070179435414e+00
4.501755289713567088e+00 1.446963889756929911e+00 9.354398234995362493e-01
3.879452701633830713e+00 3.033131494754534252e+00 1.808068781096948463e+00
6.231078097986575415e+00 7.951086623635331696e-01 2.194336204141312141e+00
4.246187898363025681e+00 7.783018540431788646e-01 3.235876375470531308e+00
2.000550496172501358e+00 6.604481276321792826e+00 1.935763826820916300e+00
2.461396231595526451e+00 6.242139004519400736e+00 1.265207992155361616e-01
2.161313686498680386e+00 2.748456864644349018e+00 5.174659264483146615e+00
8.562009681018784013e-01 4.323758109680089667e+00 4.414382916212397312e+00
3.186866398771132314e+00 4.364650385637745877e+00 1.572211344575471514e+00
8.421666725640452045e-01 5.564596537425824607e+00 3.536621478796071472e+00
2.171884499642460220e+00 1.505809619455496184e+00 4.823528460783315097e+00
4.523506888830106654e+00 1.295025078849069589e+00 2.963610846038949198e+00
2.547891980715327964e+00 6.062203692470796490e+00 1.297250938933515840e+00
2.207934049278079236e+00 6.304593108940260038e+00 2.239797523410927693e-01
1.498401819980468952e+00 6.066784026165566779e+00 1.302621766775170942e+00
4.093748275094119649e+00 4.944614298087952164e+00 8.090693874050409740e-01
1.741146445739598869e+00 6.199196107375737341e+00 6.427814520567985690e-02
2.246073106250221052e+00 2.980083889047323797e+00 4.550912181492988040e+00
2.329228665506242191e+00 2.981801677837636166e+00 4.659612116574172624e+00
3.075284761127262012e+00 5.522466697766384769e+00 1.190067463086987194e-02
1.312763576227785056e-02 5.668382175958514679e+00 4.861281413698228526e+00
2.457104029318808003e+00 5.133921683914681289e+00 1.800920732059582807e+00
4.678857224458766062e+00 2.988733193901023100e+00 1.795052267020160075e+00
1.685344767570355617e-01 4.536582818603906553e+00 4.107561482301689715e+00
1.025000515409483004e+00 4.478015067405882732e+00 4.883517806205536438e+00
5.509134046682167885e+00 1.914082355685610359e+00 9.932730033213538201e-01
1.489975557246711255e-02 5.034975917184316252e+00 4.048243191765645399e+00
1.219262303850828344e+00 5.236141360663459920e+00 8.971240541008318470e-01
5.941038861071122890e-01 4.304652256080895079e+00 4.632284974951619283e+00
3.178049789650608137e+00 5.857350213408245132e+00 4.581626655909326051e-01
5.279965365879029981e+00 1.930162195467162611e+00 1.875011076556165168e+00
1.881103545224700246e+00 3.510166799767864276e+00 3.511951129942362027e+00
3.089615952219254780e+00 1.770306152374320652e+00 4.944266637469729275e+00
4.436413414051015636e+00 4.323098297514804678e+00 7.836796209696190729e-01
4.403744834525823215e+00 4.699111202376434981e+00 1.617867798118684530e-01
2.387078006345936032e+00 1.407917381499156573e+00 4.208725187194613859e+00
1.364349855207326767e+00 6.707899008085260739e+00 1.291089137303500722e+00
2.374786832955017690e+00 4.688225973102555066e+00 3.336550453911880876e+00
3.435458958825093223e+00 2.175690418366444057e+00 4.429789339797800096e+00
9.999384080974745848e-01 4.884348576747751913e+00 3.879902052196022577e+00
3.029160178201461662e+00 2.090462849152092240e+00 2.015640675697140782e+00
2.747890500808058967e+00 5.934532130338311617e+00 1.217081886136538005e+00
3.109861197420109580e+00 3.294078145551430914e-02 5.080766549185409708e+00
