1.372590711889268011e-01
-1.017364544364858903e+00
1.174207922575312812e+00
1.078029377011360118e-01
1.539343052331971995e+00
-2.288483654730069983e+00
1.121620494914245869e+00
2.988736958608793515e+00
1.934002849603040919e-01
9.313112133179091146e-01
3.270906150456808437e+00
1.778346445464406678e+00
1.322237597491905496e-02
-1.592135079211119131e-01
4.958374404758958853e+00
-1.448752534752780541e+00
3.199703134594918730e+00
6.904950649889739722e+00
4.902528884324861558e-01
6.884357466397215131e-01
-3.852489181123190498e+00
3.439656930351988606e+00
2.388882251434872317e-01
3.597419798370187660e+00
1.064548901855180807e+00
2.947960469222048907e+00
-5.591155877702442822e-01
3.120763742170707733e+00
5.081918102593916409e+00
3.281613231629985528e+00
6.266737494589710522e+00
3.813574791571882283e+00
5.877265236404268123e+00
-1.402516796342859529e+00
-3.245986992692016515e-01
2.014022909583475407e+00
3.325276472769592040e+00
2.996015700689965922e+00
-3.700284739542111234e-01
6.004868322489849142e+00
1.047363109453844920e+00
6.915494952679994700e-01
-1.136600228038099347e-01
3.821616224276372265e+00
4.048318575829658317e-02
2.680515640664414612e+00
3.270957465094345373e+00
-3.345648519216147809e-01
-1.143714650988186532e-01
1.151894093508949446e+00
6.408024713230820346e+00
3.952543133034420730e-01
7.584253162997989239e-01
6.605620744007817180e+00
1.939176197840548621e+00
-9.432587103325298372e-01
-2.383554076342285111e+00
-1.560098419050673257e+00
1.544618195823095341e-01
-2.268926123177319731e-01
-1.755086438715209418e+00
6.341992535248222040e+00
-3.837259817127724126e+00
3.076771956271513897e+00
3.702989651922141134e-01
6.236383853142475786e+00
6.634805320560588804e+00
9.186860040040742970e-01
-3.359205132655735393e-01
2.203353492394604984e+00
3.212634952741457273e+00
2.191870766167753892e-01
3.736683473707953951e+00
-9.873968703826193627e-01
1.396127904461214708e+00
-3.412648415434168525e-01
-6.368642304830105516e-01
2.117582176911565472e+00
5.277214143533654145e+00
-1.052583739686681730e+00
8.965605918586264655e-01
2.960234000484117889e+00
1.959099353934078858e+00
5.477457510113290517e+00
6.507707886505721184e+00
-5.951114669077174568e+00
-1.119673126916787664e+00
2.501698912792244656e+00
6.560724152218400107e-01
3.073276992195551394e+00
1.799809984539245011e+00
-2.674877925344740337e+00
1.017804311228017289e+00
-2.042152683749911546e+00
-1.205326125413733074e+00
-1.245489588471061948e+00
-1.207102268882851881e+00
-1.365507964615057190e+00
4.004995485712681713e+00
-6.116048087568858094e+00
7.419769392307680456e-02
2.128317635891885939e-01
-1.087490647216476702e+00
1.966957535708089566e-01
3.089155859394562831e-01
1.390471003991039289e+00
2.286803464762841021e+00
3.440691172517531538e+00
3.731430643876793685e+00
-4.478844778408289096e-01
-1.061949564008539015e+00
4.953489852743950372e+00
8.388064762565455856e-01
1.871220105432634284e+00
2.189355893380864782e+00
-7.312943034444728541e-02
-1.204625580388933304e-01
-2.739871541350981654e-01
5.490988742860854366e+00
1.596130506010731587e+00
-7.782742905323529747e-01
6.889153246221030313e-01
-1.614671243479984253e-01
-1.071030561631577394e+00
-1.568334442100247417e+00
3.103531800217286030e+00
7.626781030675657824e-01
5.610555768257571074e+00
-2.562592988860232346e+00
1.082836717115542635e+00
-1.831763890091713809e-01
4.992968724144009052e+00
3.455692008904506451e+00
-2.134466298045344601e+00
-2.769935342760575292e+00
2.655637642494804496e+00
-3.479575175719523905e+00
2.670284289142962120e+00
4.318318040670527519e-02
-5.689506455557575393e+00
1.330234473724813682e-01
-5.548488947540336724e+00
2.781831686799783598e-02
1.100842073547781741e+00
1.480983805099937767e+00
3.496726407700926131e+00
2.477948239258887853e+00
-1.938671735587987222e+00
-6.617757014927532211e-01
1.558906011377958256e+00
5.602294002867051148e+00
3.798375526860264362e+00
-2.493471230490342361e+00
1.998215247816804041e+00
2.456651095677996111e+00
9.492765982475971365e-01
3.049025750796510170e+00
2.298298007603831739e-01
5.364287031046262477e+00
3.984551000765425677e+00
2.377667231959294636e+00
1.469459990081012801e+00
-2.555723712082728569e-02
-9.570697976109154848e-02
3.638124420342708776e-01
1.446812114717950792e-01
-7.118948442369092688e-02
-9.172078818613780271e-01
-6.398449965074809453e-01
5.512556079391610631e+00
4.875923254709548793e+00
2.943757466755535290e+00
5.497659018276077170e+00
3.705086037252220077e+00
-1.516473988407133877e+00
-1.153166463934468755e+00
-4.523648634828555393e-01
