2.429052040435127235e+00
2.984532790193142215e+00
2.571063693940499384e+00
2.451519393725609230e+00
3.210084049042764676e+00
1.829486514626142979e+00
1.888204567702198133e+00
2.775975441506232766e+00
2.138946898958958176e+00
2.945383763630339047e+00
1.858906496332041858e+00
2.119108143099421415e+00
2.055975890221029001e+00
2.894035971214732328e+00
2.543451114200970142e+00
2.783195572853951028e+00
2.361116018724251919e+00
1.972380724664092533e+00
2.256562068491947404e+00
2.214190855429538196e+00
2.536292580025944599e+00
2.757328298579216685e+00
1.622297153616052645e+00
2.639492199600021571e+00
2.727592859705093353e+00
2.427190971019549615e+00
2.747153751428764057e+00
1.910441964293793760e+00
2.605458757615449539e+00
2.535357690759570293e+00
1.734678640321810628e+00
2.400748926577544129e+00
2.607986383756769388e+00
2.115296072427210294e+00
2.626908674798028809e+00
3.133147770621007577e+00
2.791860015435884357e+00
2.040319810685471413e+00
2.287471126649772035e+00
2.872670961225804120e+00
2.767550620224539681e+00
2.221025070833040349e+00
1.720063837000090246e+00
3.304591255524939708e+00
2.656298865824863853e+00
2.230894476872107290e+00
2.528330456301763007e+00
2.875459447575491101e+00
2.565912378119961534e+00
2.066492952109711734e+00
1.691201602000676374e+00
1.848880871306742391e+00
2.141790874926768229e+00
1.488049455263007692e+00
3.139133120592959791e+00
3.213395889714116382e+00
1.688359628904306797e+00
2.874110970057737635e+00
2.099958871866598020e+00
2.573210050041336849e+00
2.531459918264404418e+00
3.006526865248015934e+00
2.301024594209968299e+00
2.486487205861477978e+00
1.739194444910986403e+00
2.836493945850250942e+00
1.918715415629907550e+00
2.534837126491596759e+00
2.421514408021039788e+00
3.499713458757029994e+00
2.202215281821801707e+00
1.919677630339479135e+00
2.687821389212986745e+00
1.852528771373363803e+00
2.759137020465325829e+00
3.297572226012589702e+00
2.725336136630624129e+00
2.022795725609447537e+00
2.077527953639100478e+00
3.193626420289981116e+00
