1.488700329679973778e-03
-5.899559650561988500e-01
7.083949199689467680e-01
4.076567112607640958e-02
9.017236424049211996e-01
-1.233354123675117098e+00
5.347448631325929513e-01
1.949723717599965322e+00
2.091083222467812197e-01
5.009535990560141094e-01
1.163353333457600058e+00
8.928319303656812034e-01
-2.769837040894888511e-02
-1.811837467856058093e-01
1.487627737274254791e+00
-1.088330711953969354e+00
2.788184129930681543e+00
7.007982509966107720e+00
5.317676667984658767e-01
2.769153193221804421e-01
-1.247965548336027464e+00
3.301427169989100463e+00
-4.159305457951253948e-02
3.744697406297952558e+00
6.379037543830494705e-01
1.150442660010046803e+00
-2.590375246480927096e-01
2.493850835006203859e+00
2.134369033059986709e+00
2.735330533602966963e+00
2.681289091427658811e+00
3.899601531594767412e+00
2.453520137381492106e+00
-7.366553116741645368e-01
-3.202770589270585444e-01
1.343028681495797905e+00
2.663930711791775874e+00
2.002779466786719809e+00
-1.659160085824737674e-01
4.050351868092635144e+00
5.153783391675910153e-01
4.204438158430702788e-01
-3.679008806688138788e-02
1.152993573547288486e+00
-2.487038836208988780e-03
1.121654068221664691e+00
2.234972909682282793e+00
-1.358794155236384693e-01
-9.716412810579155845e-02
6.811075519537240774e-01
3.987175693106303598e+00
3.462994854945027345e-01
4.919230737439032053e-01
5.935523573029482414e+00
9.782268522199322192e-01
-4.825255429969652621e-01
-1.603631522244930219e+00
-9.319304802892955930e-01
5.392346216409020510e-02
-5.182357957297598766e-02
-6.601911312422695799e-01
5.220185288964586334e+00
-2.773490451970031856e+00
2.506464249526812793e+00
1.839502744295825609e-01
5.183414803668984661e+00
5.859477322401022370e+00
4.986112595580256546e-01
-8.984166974227175695e-02
1.132945543844821046e+00
2.590385942686681098e+00
1.284513433373864200e-01
2.176176488822203936e+00
-6.918938916247105997e-01
6.405495791784667770e-01
-9.761226144360320156e-02
-4.549072094897981255e-01
1.067232310548113627e+00
5.142759571748980463e+00
-4.838058840391987192e-01
4.851615257427064343e-01
1.169980226281186475e+00
1.369303862331520794e+00
2.097692201995981609e+00
5.194468707925473439e+00
-2.820261819329033859e+00
-4.329799774320279848e-01
1.225047948077539361e+00
5.024002229585257107e-01
2.467443842859530889e+00
1.277341176432992276e+00
-1.927254151817966665e+00
6.307143304148754570e-01
-1.297687267812202672e+00
-5.278351882282705798e-01
-8.108037324236676557e-01
-1.102166586708275942e+00
-4.822861681801166034e-01
1.494673020598292990e+00
-3.601917885809735154e+00
1.174746572234665887e-01
1.273372546867628241e-01
-6.068758044669189111e-01
8.879691257106174518e-02
1.952284605504987780e-01
7.018864932656257993e-01
9.538149538175469955e-01
2.825501461271442416e+00
1.531840731860818705e+00
-1.419245180500312842e-01
-5.238770173595435065e-01
1.441034748671315091e+00
4.616505187574194147e-01
1.097066163483637169e+00
1.203703361376529335e+00
-8.681859270553492214e-02
-4.964974965172310600e-02
4.103828236902095500e-02
2.251547397583248955e+00
1.035213721636723427e+00
-6.835912031618078810e-01
5.022665679258895288e-01
-8.015533990755099869e-02
-6.171645710909593463e-01
-1.035261564882823837e+00
2.845830127253879294e+00
3.436716280902555321e-01
4.457513011514154577e+00
-9.620895560816717929e-01
6.872975293343791536e-01
-1.826253676361364320e-01
4.078658449737728731e+00
2.853594777596641041e+00
-1.726367680436927676e+00
-1.823977907942960552e+00
1.740620506255282196e+00
-1.167077733751330282e+00
1.893600174208392994e+00
3.482771646469997456e-02
-2.289079461305237206e+00
8.950937775105846650e-02
-1.761442307861883272e+00
3.550556786101137507e-02
6.456167362402494003e-01
8.739709507706345804e-01
1.423875025327873578e+00
1.941495640905383846e+00
-9.874415587711790065e-01
-3.201864160621082367e-01
1.095089554970114287e+00
1.731752602674027308e+00
3.907290070750803590e+00
-1.127159637543041049e+00
1.074002181014751311e+00
1.771396702736468987e+00
5.579426867082813990e-01
1.395752443177592728e+00
3.189051298024486725e-01
1.788666241016075187e+00
1.660284000548602368e+00
9.961587826175271054e-01
9.849070290708052955e-01
1.403957382073862947e-01
-4.698395743332993424e-02
2.831437944484586633e-01
-9.613840925029423778e-02
7.777814599292920926e-03
-5.391178620711174485e-01
-4.656742689915840949e-01
4.660597083539729901e+00
1.556667348077663160e+00
2.018410753659279244e+00
2.003043345057800018e+00
3.357163928615043424e+00
-7.327022748597930013e-01
-5.531441538211725462e-01
-4.594114707634562311e-01
