6.118409463540100957e-01
1.749588525651247561e+00
8.536408988138457499e-01
6.716090732539133912e-01
2.217407221084418012e+00
-7.862791188906360640e-01
-6.760351411735948668e-01
1.128893415863903238e+00
-1.164455459402218285e-01
1.775652502903396934e+00
-8.137849040929912015e-01
-1.836120333179734609e-01
-2.203803599067153118e-01
1.428183305889948462e+00
7.687583658800457576e-01
1.344643269876603764e+00
5.062111226451888601e-01
-4.382804088728882164e-01
2.499788872168398901e-01
5.225830461657061943e-02
8.409130250184171373e-01
1.234625607566206762e+00
-1.589845386910168079e+00
1.032243825699006523e+00
1.264879453907464146e+00
6.478113559008510380e-01
1.127741665965506179e+00
-7.423354922843079517e-01
9.869999928480378548e-01
7.393563557867836034e-01
-1.071584638098733278e+00
5.673510524691032231e-01
9.430731041084919886e-01
-1.326484667339865309e-01
9.465101139632640104e-01
2.169634228234086581e+00
1.278744285737374087e+00
-2.697231663130587598e-01
2.577675848969138706e-01
1.511158345049575802e+00
1.265186027120593026e+00
1.070835959473710325e-01
-1.338020975923772005e+00
2.378910853988970064e+00
9.677997638315103401e-01
8.715334540146961462e-02
6.601384307701686494e-01
1.478345598836461328e+00
1.012304948873139043e+00
-2.499200923663402740e-01
-1.374013336204428004e+00
-9.350990161339302054e-01
2.392890323742739161e-02
-2.234906151253382767e+00
1.894427927892213814e+00
2.064202162040885913e+00
-1.345643445545948502e+00
1.501559137791305121e+00
-1.174821083113613551e-01
7.950051377598883473e-01
6.536160133719369769e-01
1.731063206496621820e+00
3.662329455308672710e-01
5.619906380059247475e-01
-1.388968399006494714e+00
1.276215607175489986e+00
-6.452256837646139775e-01
8.492206633549558292e-01
5.142646793886197498e-01
2.683576394384705299e+00
1.524991350874241869e-01
-5.297789771213439192e-01
1.012185662505988182e+00
-9.647944522771201292e-01
1.224742975327279604e+00
2.281279481428843514e+00
1.162076229542148953e+00
-5.008045950309456540e-01
-1.473894946030454012e-01
2.231423056067339150e+00
