1.495127358446894705e+00
2.438893863467564316e+00
1.733347082307192144e+00
1.548322295649978697e+00
2.856433566525613532e+00
3.745170350801567127e-01
4.693530186367686485e-01
1.966410551979623778e+00
9.138590491331747279e-01
2.476776597318414375e+00
3.549730252011757958e-01
8.385594536514240360e-01
8.023046102093066567e-01
2.159911571330740632e+00
1.657994098731097043e+00
2.136907209917850992e+00
1.395365109528728720e+00
6.574075411297478633e-01
1.192729340113495073e+00
1.040110299373486091e+00
1.668352294310638584e+00
2.043522789505997750e+00
-1.270310767320939616e-01
1.861660729819055282e+00
2.034894699629190118e+00
1.506371209726092175e+00
1.954438481909982261e+00
4.111015707969811750e-01
1.805065678514089056e+00
1.630038953692783066e+00
1.746707182945440306e-01
1.461394221894360745e+00
1.799294836971234046e+00
8.756724474067728581e-01
1.775767195715430180e+00
2.792324021258164368e+00
2.079913770590375410e+00
8.166272890757011460e-01
1.212231540667387808e+00
2.253349013830443504e+00
2.074365969045847802e+00
1.063834098737364453e+00
7.550262896662039182e-03
2.982476690034848055e+00
1.786315723768056696e+00
1.074929653880656977e+00
1.528032438324972153e+00
2.239346419879450156e+00
1.796068655356299004e+00
7.779037418732674958e-01
-1.270589554891494305e-02
2.705718892569274892e-01
9.878318743833826021e-01
-4.733769255069383286e-01
2.585837659012660161e+00
2.729363106337799660e+00
3.388468027943183306e-03
2.201473564101780411e+00
8.669598299164010813e-01
1.680680419316850749e+00
1.548645013762871114e+00
2.420369614198291330e+00
1.291263813240709935e+00
1.439315966126090585e+00
7.296760096798625417e-02
2.082796322283340995e+00
4.989930164155031989e-01
1.706422785399624331e+00
1.408546880154495806e+00
3.239594538708352012e+00
1.104020677710370046e+00
5.586282674812097504e-01
1.870944763348500794e+00
2.637512121479715921e-01
2.000437502852247640e+00
2.905472191662907822e+00
1.936706250496011084e+00
6.779664400676120861e-01
8.567232074757198390e-01
2.853504025043025027e+00
