1.454836250804273368e-01 6.145747758733396404e-01 1.482627324819649380e-02 3.157826736913865728e-01 1.440070262249414645e-01 2.559284983929321217e-02 4.648794296360784228e-01 1.006695366837478817e-01 5.028532196239490215e-01 2.631019850696879672e-02
3.582691095203749954e-01 2.827276661837476168e-01 5.067969245605189466e-01 1.286307391660796440e-01 4.365059918458358279e-01 4.309270609708967248e-01 1.171552587323950179e-01 3.479485376214397786e-03 2.759779033706482882e-03 3.582438157087604047e-01
2.736564933177529912e-01 5.986271625645041006e-01 1.436755578893312013e-01 1.164033317072221130e-01 2.999146194687849487e-01 3.420523838930373400e-02 3.528011122363073904e-01 3.929885555623952031e-01 2.142692692041591462e-01 3.415062454916399926e-01
2.996386025031539946e-01 2.213397967827289980e-01 6.044402332550140589e-01 2.674516505655137322e-01 5.367204718660082419e-01 7.031009948427989487e-02 1.348745353785009149e-01 1.153887044282559671e-01 2.168744280636409338e-01 2.297703969658725087e-01
3.016300136318117442e-01 2.249936832002330522e-01 2.969980697007015835e-01 5.148285581744739270e-01 3.162403934085494805e-01 2.424180432198305979e-01 2.871397999283784030e-01 1.622622483023998530e-01 3.383197680613457270e-01 3.508957369200265686e-01
1.154701775515213497e-02 1.719578670803552645e-01 2.428822918306165479e-01 6.183748895843983462e-01 3.739399662513575584e-01 5.646626820016764636e-01 2.216835380533164757e-01 -0.000000000000000000e+00 9.439774026893592296e-02 1.104005405766519260e-01
1.156356283791054040e-01 6.435928321634395433e-01 5.202941202976737317e-02 2.277271186363247768e-01 5.362929832004287994e-02 2.483611720394682254e-01 4.081437537343382549e-01 3.532373652396222363e-01 2.338712781760514114e-01 3.274703948054562552e-01
1.556184533562352812e-01 1.326202859352645369e-01 1.995641192061303748e-01 3.826647801244134062e-01 1.660460515971911438e-02 5.636024469369085299e-01 1.735151192427223654e-01 3.700150875898388647e-01 2.032769106500033340e-01 4.956541031325727986e-01
3.109679419181713908e-02 3.866651310457534518e-01 2.615680280372584959e-02 4.548595153312693928e-01 2.590095067343428092e-01 5.082091951644124306e-01 3.117355181855404611e-01 1.190133678084521508e-02 3.656472353571964540e-01 2.925074739826055148e-01
3.247746966691176240e-01 4.790486857106247554e-01 1.529535195273098169e-01 4.488500048590427505e-01 4.179388586080187706e-02 1.589106330631475661e-01 3.355663099754173095e-01 7.080005498599826683e-03 3.019373721455632098e-01 4.575503003629538545e-01
6.910526430209281562e-03 1.966620303809027415e-01 4.993729596509776103e-01 2.736789036874666681e-01 4.222005402935603557e-01 7.529311610740148375e-02 5.704900093569729297e-02 3.768126340954403575e-01 3.479003787608475062e-01 4.322076149905090814e-01
2.956899336361996089e-01 1.157960929190107041e-01 1.014469074691392615e-02 2.132414116649361622e-03 -0.000000000000000000e+00 5.816444260075050998e-01 1.929335816751788155e-02 5.790643402189936673e-01 4.673578862638468889e-01 8.142413726498404225e-02
-0.000000000000000000e+00 1.777479877868374247e-01 5.264348720819202188e-02 1.336879095095261198e-02 1.610505715465074261e-01 6.604482744289345009e-01 5.318725675052798918e-01 2.073407084883764073e-01 4.212419853154876770e-01 1.724550820708561048e-03
4.617721539872035041e-01 3.748339397203381274e-01 3.020794272727269081e-01 1.193817792782146392e-01 4.447302831984206173e-01 9.079717616747839948e-02 1.906426938146208588e-02 4.661856542581640367e-02 5.727918388696898733e-01 6.407516017795751584e-02
2.501892608970721077e-01 1.498209055817200375e-01 2.538177298117368086e-02 1.664973524274664662e-01 3.438848039170067095e-02 3.313550063877446217e-01 4.001836574923394590e-02 7.024644775731617719e-01 2.373672195328471179e-01 4.735121018700833018e-01
2.119149946680394525e-01 3.165965675710034621e-01 5.137463251261981112e-01 2.654801309768134443e-01 1.807704302150051068e-01 5.119652029693851913e-01 1.609930802302632011e-02 1.343498027374686044e-01 3.106798184893341253e-01 3.329058990020759001e-01
1.097854542610668116e-01 -0.000000000000000000e+00 1.533609347450729798e-01 3.027314987954969894e-01 2.948063681361522970e-01 4.447870238215047567e-01 3.592150524295520397e-01 2.189780433456864073e-01 1.218619471446313607e-01 6.294424156258207059e-01
1.259872747182315122e-01 2.434760838514180015e-02 1.323345835435183471e-01 1.092826387567976953e-01 4.710384699141771381e-01 4.065210247636139029e-02 4.278595679388523254e-01 5.334672790499827011e-01 1.745318407477403078e-01 4.821171213888442719e-01
6.517910385944482993e-03 3.615574068874254365e-01 9.779069457529978790e-03 3.112761297401149263e-01 3.063628452384801193e-01 5.771469914610531937e-01 5.270767401606878400e-01 2.055295142491567473e-01 2.427247029878435922e-02 1.569937338498667012e-01
1.782677511331331732e-01 3.972525403845340031e-01 1.916565441118059376e-01 4.851543909923005660e-01 3.577729951837868572e-01 -0.000000000000000000e+00 1.855256896540182499e-01 -0.000000000000000000e+00 3.435026558205163116e-01 5.078273741182663947e-01
4.728041372170451728e-01 5.198812850712002387e-01 2.387910485691201734e-01 2.170127421409032420e-01 2.091035434173716956e-01 3.268493481648067078e-01 1.345344058984389579e-01 1.247303040299432147e-01 4.561749661588654914e-01 9.877478932176678161e-02
4.746772915508781776e-01 2.158997979768534012e-02 4.882465448497701546e-03 3.400158291725287503e-03 2.907370885299466745e-01 2.800052291552550948e-02 4.219652194117014532e-01 1.649094768618952767e-01 5.783681466806452898e-01 3.861455206729026979e-01
1.612611848510024926e-01 2.715221139325844080e-01 2.652789348170135342e-01 4.962587761268769659e-01 1.356878713268234310e-02 5.493019364588330733e-01 5.250439327586948757e-01 1.043130623525117401e-02 1.159277923258989623e-02 7.611714903314611980e-02
4.008020222755304118e-01 1.592143632806906212e-02 3.178279606765909565e-02 6.012279250916190143e-02 1.825584379485628850e-01 2.675915291666923213e-01 5.327255691188724773e-01 3.406487158720873376e-01 4.795193726539889734e-01 3.158633128163617076e-01
-0.000000000000000000e+00 4.090823232619659744e-01 4.892290017868924229e-02 3.545524794788428857e-01 1.629017061996356208e-01 3.138778984756960266e-01 1.480421256880880831e-01 4.486824115105859656e-01 5.336550130400561365e-01 2.673469479418951744e-01
7.425322987059057578e-02 2.532970564090119558e-01 3.985064325110044270e-01 2.248366369717529900e-01 3.992822004598533536e-01 2.660782029395006992e-02 1.854925490001212152e-02 5.083502218184682286e-01 1.487516875405304195e-01 5.290962387502434749e-01
4.059529086591752954e-03 4.067515287432199034e-01 1.472428527326997104e-02 1.938957345636850016e-01 7.991262113924667287e-03 5.494869651272784594e-01 5.746687266014220523e-03 5.406217226259899533e-01 4.352638071741637416e-01 1.138644601687244934e-01
1.383267421345083792e-01 1.089077402463862858e-02 2.219219140278603231e-01 1.060998516156889254e-01 3.781372313371299532e-01 1.944354183011136328e-01 4.799374595134184851e-01 6.909974588590196420e-01 3.381932436405159226e-03 1.778167616926955852e-01
1.414217876255141337e-01 7.416618070699931842e-02 2.207787397457910625e-02 2.247861415889237588e-02 3.989540927449664043e-01 3.334655269280496492e-01 7.934513213178069346e-01 1.142209536906025752e-01 2.440390908178381446e-01 3.124749322548085739e-02
2.086150502541210539e-01 1.619457996733295324e-01 4.143666815743672106e-03 1.576672597638114348e-01 8.395834603890563186e-02 4.361373571024564910e-01 5.705597986007484579e-01 4.291423900212843479e-01 3.334709567388057239e-01 2.953097224759487216e-01
2.267180696714752863e-01 1.786777621602435306e-02 1.575627553848702178e-01 2.869063053058920273e-02 4.271087641603962121e-02 2.890404528427221176e-01 2.866772661729116711e-01 4.555192956726171749e-01 5.424430436265313960e-01 5.033246901353042313e-01
1.440862199636857022e-01 2.972702267266557619e-01 4.832226111305509310e-03 7.542667980845964640e-03 1.859146831871934724e-03 1.330405344036203995e-02 8.181561856761939699e-01 2.926743331343273913e-01 3.186253699581368948e-01 1.845235518499220295e-01
6.248765722715669824e-02 8.922140697625162431e-02 1.647964574084194445e-02 5.161149523872845535e-01 7.186655717676279087e-01 8.026013890551571273e-02 1.580494432337818944e-01 1.003174820413625795e-01 2.523594675020158218e-01 3.159718214354156895e-01
7.492214821397358282e-02 4.738992046616994358e-01 3.191330994687012201e-01 4.929147753208097948e-01 2.289945438896383023e-01 2.992372408799076067e-01 1.177848106583335441e-01 2.883143175508595113e-01 3.706358592290377452e-01 2.205550491106925692e-01
1.962647152749765478e-01 4.050090891299917284e-01 5.114098990233147957e-01 2.346717956800591920e-01 2.875300309534866705e-01 2.178500819524402388e-01 1.058903174633771815e-01 1.133072286570224463e-01 3.787308968101864570e-01 4.280377392818427440e-01
2.575995693626267347e-01 5.554927458594709488e-01 1.176133980827520492e-01 2.902014947693293823e-01 9.012659013385514173e-03 1.248658145993114879e-03 7.270433908576787348e-03 4.016614871485822968e-01 9.835899802657210866e-02 5.965554149085328106e-01
3.429848119575702459e-01 4.466477344497533086e-01 8.194471753935256286e-03 2.939867894266246506e-01 9.352624068879558661e-02 -0.000000000000000000e+00 2.027594636070014292e-02 7.861515939643612394e-02 1.911440767535856344e-01 7.379005117829392502e-01
4.374194529505797124e-01 2.396388918572402715e-01 6.113507295221686302e-03 5.834553031794354611e-02 4.395575332754405595e-01 1.857765446804015563e-01 1.678869627358202943e-01 4.206081717841228529e-01 4.680312221548649232e-01 3.097121354705399399e-01
-0.000000000000000000e+00 4.556100282645384469e-01 7.957020286451023036e-03 3.478977402739329428e-01 1.044503606520424538e-01 2.618036393244616011e-01 1.691045329479061443e-02 2.818078105447334725e-01 6.241418283603250572e-01 3.501681017136524798e-01
9.412185410672735397e-02 1.288627712118280144e-01 2.012316164275465731e-03 4.643008448609746708e-01 7.070835428669974831e-01 1.151980406381058475e-01 1.945337795053778962e-01 7.449724192675241663e-02 2.792047448195205672e-01 3.526611599069038316e-01
3.860537001108895611e-02 1.511434596639386063e-01 2.555347320481832774e-01 2.583032677414185962e-01 -0.000000000000000000e+00 6.104262634740931226e-01 4.506919275271803471e-01 1.437266919378406629e-02 4.254267594479774206e-01 2.944635200615202120e-01
4.451704962275441768e-01 2.850068472159400512e-01 1.922065096497811709e-01 2.335714769447706507e-01 2.812900808339863223e-01 3.716467396009494606e-01 5.496629026741504109e-01 3.237228898571846702e-01 8.192059091900325473e-04 7.016732438287326401e-02
3.314817511121075366e-01 3.894185740180055033e-01 4.511956019385037209e-01 3.164403292499317066e-01 4.649942050442629204e-01 1.330364797764779228e-01 2.385135508732490195e-01 2.143319418852190350e-01 2.110572177932522608e-01 2.312373446998420845e-01
2.067582889183090973e-03 1.454980155541795439e-01 2.877485981252946856e-01 3.030809208245071606e-01 8.518245302657584395e-02 2.814727680187276149e-02 6.786642350770195620e-01 1.660270055195286476e-01 5.529128474534240612e-01 4.751531722919968143e-02
1.801798931631982681e-01 3.281117738557767782e-01 4.803579224097773159e-01 3.301653320770686073e-01 6.009723130245256950e-01 7.762986895190909786e-02 2.416072266025487414e-01 1.410928020536578176e-01 1.401575563923832812e-01 2.345325156607596107e-01
1.563987868314985555e-02 3.673462748320284743e-01 2.941263497463064702e-01 2.832284127100476168e-01 1.748773282674934149e-01 1.809327535128746334e-01 3.830911911292028127e-01 4.313912533227096668e-01 3.992997183367612002e-01 3.774482543565338966e-01
7.761032802837114497e-02 3.859671139248563917e-03 2.053623503489417357e-01 2.052602508932265257e-01 8.598211607652214705e-02 5.065713830977478654e-02 3.736584901457134511e-01 4.916308579219277330e-01 6.818309682845509201e-01 2.312621183999414021e-01
2.050915581642621596e-02 2.914843212947914597e-01 3.266172456298743199e-01 6.819469263820708838e-01 3.893720082659002293e-03 6.368235849635002499e-02 5.987053831355361455e-02 5.213304581554457640e-01 2.379724812750064200e-01 8.254935359994269861e-02
2.695503982975011037e-01 3.776438882612402348e-01 1.791670990845889988e-01 2.412811936676256541e-01 2.449772421641752823e-02 1.474317519837634038e-01 4.306279433093966325e-01 2.474881514933570947e-01 6.522138949436137034e-01 4.209438736163901781e-04
3.693246377976857064e-01 4.208579976802387934e-01 2.764503965267128827e-01 2.941551982173913338e-01 1.437201667572617081e-01 2.014639201136187233e-02 4.992129730141368626e-01 2.277613897399649590e-01 3.713423103568718742e-01 2.519532443514381215e-01
1.912081474744836973e-01 1.622432115212084705e-02 2.673115149485045805e-01 2.462515668085795140e-01 6.343724439824430794e-01 1.197962854619676921e-02 4.698015079771158398e-01 2.346137010093337499e-02 3.678978353894372111e-01 2.681348845443336515e-01
4.383582881250310259e-01 2.773757504622144654e-01 2.407570722035943522e-01 9.155103348595447499e-02 3.603972861247097814e-01 5.148853868195319983e-01 -0.000000000000000000e+00 1.880963672098170114e-01 1.455169328586441990e-01 4.615306687824224929e-01
1.575113369424857024e-01 4.078944267366189091e-01 2.226021062527462069e-01 2.918380437958075224e-01 2.615939396772520298e-01 2.983273388055349140e-01 1.910608194931614308e-03 2.046687077809512811e-01 4.417498218699088541e-01 5.287955635327511450e-01
5.187487623417131877e-01 1.242605115941836091e-02 9.319856706327622753e-02 1.912478099548210742e-02 1.223891246747220440e-01 3.284405386173803315e-02 5.492762092503381544e-01 3.857733711460955006e-01 1.900967925189745583e-02 5.047265983866210393e-01
1.661274920545811329e-01 2.207038974322466096e-01 3.256123716222487641e-01 3.221270445587894882e-01 8.977495922505331072e-02 4.647486221791060079e-01 4.639038683066336599e-01 9.692583802293670836e-02 3.497213358944436523e-01 3.780806020478795770e-01
2.761255669270563096e-01 2.904141066835349005e-01 6.141750583092461246e-01 1.872053573889246314e-01 5.198033708320229929e-01 1.551406068840895103e-01 7.743617973208266614e-02 1.350004542881505787e-01 2.207864075941815551e-01 2.447962320861731544e-01
7.230510954675338671e-03 3.997858495479182928e-01 3.497287822729539530e-01 4.276360109609502747e-01 1.572238983536863310e-01 5.989212832104078288e-01 3.378714711250393327e-02 7.196368064577128229e-03 2.165432302206509174e-01 3.215988618111352837e-01
1.940274795377477102e-01 3.166837777813140686e-01 2.801855859162188933e-01 4.849472110429847715e-01 2.747528945903921285e-02 3.602040505728581476e-01 1.878814218295458277e-02 4.719343784903891614e-01 3.989744383491241053e-01 1.887576702999169409e-01
4.171945615634596316e-01 9.389506724529017578e-02 5.484203720884501809e-01 2.097884895305058006e-01 4.531287538041003926e-01 1.809051199281224154e-01 8.187533934914473233e-02 1.573033554777336640e-01 3.541319265949504080e-01 2.782923482159390116e-01
2.678846365433731891e-01 5.003433791986011681e-01 9.313741849743883278e-03 2.816354474201875112e-04 1.589226393458516295e-01 1.441297935759552062e-01 4.316116534037713059e-02 5.338667457221100143e-01 5.043064634345248987e-01 3.009586336262650708e-01
1.564827282514593895e-02 5.332767978130017461e-01 2.330371726255943410e-01 5.787826245485721000e-01 3.328135712634729404e-01 1.450683610469536144e-01 1.475473458480195538e-02 3.122183262702472040e-01 1.883618383356736037e-01 2.471587910238749186e-01
5.280266544280485252e-01 9.291862973445809762e-03 1.683390930887367076e-01 2.295007127204688746e-01 2.182606987182335589e-01 2.084038781705089549e-01 5.029268911253749197e-01 4.106790805998589144e-02 1.877672682747509869e-01 5.090622743128419003e-01
2.869692923132394768e-01 3.585219684226496062e-01 4.290574949603763177e-01 3.443316780073613637e-01 9.333188612984014143e-02 6.523736950463855377e-01 2.108220383968893719e-02 1.597287117748438789e-01 8.741588213795827011e-02 1.362147160756654873e-01
3.730579915604424479e-01 3.010151880015054290e-03 1.258352673945914157e-01 6.583466574381167946e-02 1.720695178073767817e-01 5.768955569283421569e-01 3.038232930177439672e-01 2.732777131599347653e-01 2.623846055550032447e-02 5.572753313400505837e-01
2.935190451719405513e-01 2.547732050465271736e-01 5.454743026872728162e-01 3.097949115023276856e-01 4.025139303398565516e-01 6.473692303345000842e-02 2.649514627428807279e-01 1.143850119733518245e-01 4.081673868496641933e-01 1.983177360799434630e-01
1.723053211596033835e-02 3.736887578736261539e-01 1.121614285407019490e-02 5.136544558960130097e-02 4.269915118010000343e-01 1.078074758953274925e-01 4.872776317408162861e-01 3.268709863014289119e-01 3.756608277793397344e-01 4.218367190314693538e-01
4.571694429346366273e-01 1.335566553482112340e-01 6.708928943730047001e-02 1.372095187395553084e-01 2.166575357009791480e-01 2.918325531830674446e-01 4.125313376432739876e-01 2.284463170664894627e-01 1.971762463867963722e-01 5.970563391653617158e-01
3.382799851490700394e-01 4.739619702057321637e-01 1.588287828725212236e-01 3.155699772493205102e-01 4.293575223135403518e-01 1.809329093639694686e-01 3.401973716639570822e-01 2.810734783211521481e-01 1.935946595155673133e-01 2.946449827888569239e-01
1.720137189479684081e-01 5.970741751459442137e-02 3.014027859685883270e-01 4.359838784329577721e-01 4.604338819241646230e-01 4.622262814656609708e-01 1.030472961427175149e-01 2.647703545909596556e-01 4.233197488783638218e-01 1.861538449884700408e-02
5.152553601848404163e-01 3.091066659846197218e-01 1.944940555554405537e-01 4.927063562615797143e-01 2.465007553732474765e-01 1.669453955385473976e-01 1.245533059559303796e-01 2.628156059319901837e-03 2.616288359272142539e-01 4.310151078432649663e-01
1.841005781714420003e-02 6.019407989668382891e-02 3.225848546996455957e-01 3.338444805260718656e-03 4.351971528980759230e-01 2.429986930269157075e-01 7.112098795762924475e-01 2.401597262857936288e-01 6.167868276450383380e-03 2.828187627831720286e-01
4.939588653668198770e-01 3.581791017148653333e-01 3.065399089277703326e-01 7.471527201226574322e-02 3.200728320659076420e-01 1.176727454372348686e-01 2.853553393487548440e-01 1.950759979196325933e-01 5.201172965339064813e-01 1.478697843529679090e-01
2.209316539865545936e-01 2.889489290493388873e-01 5.929170622080247657e-03 3.619291611602219461e-01 4.836450623941119242e-01 2.553869864473247708e-01 5.200500788158448628e-01 -0.000000000000000000e+00 1.957841348305528473e-01 3.588192814677505504e-01
2.862788733370249528e-01 5.643051828274647796e-01 2.117939139425375761e-01 2.851056590617365716e-01 9.946029953309116003e-03 4.679013608914907585e-01 2.404729374446950285e-01 1.908127666013928470e-01 4.595512633992647825e-03 4.002170625912277457e-01
3.298013219565686938e-01 4.946799195016196582e-01 1.032759076176470621e-02 9.132171944911621209e-02 9.766783918097186878e-02 3.520203768396298338e-01 5.432227822479572810e-01 3.179118892858030510e-01 1.238274540272942675e-01 3.051671645336836436e-01
3.208032646164224542e-03 4.212540697627177866e-01 1.350187190250697611e-01 2.815466104255604507e-01 1.271025971096755199e-02 5.362235624301538162e-02 2.527199542314795266e-01 3.568411094967394170e-01 7.269406281288339766e-01 4.851424117363486999e-02
5.090087103969843929e-02 5.738040280920251313e-01 1.940658886544866235e-01 2.231297225238331738e-01 4.597347070864386542e-01 1.736459725015846930e-02 2.261366807030940340e-01 4.163071008425244246e-01 3.800250866770785163e-01 1.354987996966477981e-02
4.069959228850550392e-01 1.581790507944570989e-01 1.547722946343683958e-01 6.699144935601698825e-02 1.777169121727881565e-02 4.752462440691183065e-01 5.033347213295982225e-01 1.154636860634565970e-01 5.329564439439195001e-01 6.321620064762174807e-02
1.570780652767477803e-01 1.422154910730455690e-01 1.505002551460330185e-01 1.972372218877026795e-01 3.368772095059313632e-01 1.393226613740145836e-01 5.237695352007768479e-01 4.894816988742956010e-01 2.021615071846176101e-02 4.963021020172582176e-01
2.790808335418796249e-01 4.785767835454485808e-01 1.398889142077096304e-01 1.676664322573008792e-01 3.307162062125522106e-01 4.867677395951435781e-01 1.627361373954709922e-01 2.048713800476455738e-01 3.735286436261743281e-01 3.018313900646119041e-01
3.693563853388056040e-01 2.558121220661805917e-01 4.073071520089983077e-01 2.561474868409959194e-01 5.369413829737305077e-01 1.465644162098261594e-01 2.853911982609844689e-01 4.694872213176976006e-02 2.009139399158741124e-01 3.644440438050460807e-01
3.547224057521957685e-01 2.703221805312505110e-01 3.394014183933091733e-01 3.555296656789869725e-01 2.469462489379091463e-01 2.122718637829754951e-01 4.781612654944961127e-01 2.692976358182512242e-01 2.227715099834741141e-01 3.204292674361782223e-01
1.863463890267119671e-01 8.501206772961365787e-02 3.376761593701628761e-01 4.128625957571131488e-01 4.525712460711419638e-01 2.978342455621284524e-01 1.363218253341758057e-01 3.431001473183272199e-01 4.699851512155085453e-01 1.511750506513678538e-01
1.893393439525900834e-01 2.159780200995974619e-01 7.195974956120829158e-02 4.093795807915303064e-01 6.623055507034713019e-01 8.563614901841595795e-02 2.088348710196736291e-01 1.518071908204688680e-01 2.958707097985994738e-01 3.802041096211796756e-01
5.197773668210533410e-02 1.808919554635068927e-01 7.127514532313879159e-02 3.916045145275313943e-02 5.581580769077969240e-02 2.539046711391090838e-01 5.695837401747391171e-01 3.318244958105832088e-01 3.008904873906024791e-01 6.044100620697810955e-01
2.773581302156652995e-01 2.623970815279453306e-01 8.979943978340781952e-01 -0.000000000000000000e+00 -0.000000000000000000e+00 1.340211259211184502e-01 1.299800672110153488e-01 1.062430566559445649e-01 3.971435194188126933e-02 1.024713444783981187e-02
2.445230000471508569e-01 1.523460186202236499e-01 2.658237497482541789e-01 3.630635575663357373e-01 4.210485584620964894e-01 6.409776522184528202e-01 2.652171873217750164e-01 3.640290165914971451e-03 2.030775250318717917e-01 1.216291565893464904e-01
3.166522767110578895e-01 1.566149804062687279e-01 3.549775079828322855e-01 1.355555109271408265e-01 1.408637966983135618e-03 2.363421645361747647e-01 3.001175482309591525e-01 2.346050715058639047e-01 4.667647598820869881e-01 5.585514564038351892e-01
1.258191686827613009e-01 1.726514946640435588e-01 -0.000000000000000000e+00 3.321016360507460519e-01 1.020822548061590257e-01 7.401074825976060589e-01 1.643514648387947030e-01 5.474874074908163413e-02 -0.000000000000000000e+00 5.058466174277784777e-01
8.558297830378489360e-03 2.004710387629411728e-01 4.899314947223325917e-02 1.378540745557797209e-01 1.628533388507591440e-01 3.269514318744784487e-01 6.674094887287970179e-01 8.721162039845099800e-02 2.572501104265305649e-01 5.345060178490820268e-01
5.915204813771191006e-01 1.014007727063022390e-01 5.023985046508659680e-02 4.585540039315809668e-01 2.617740513073663067e-01 2.767114711971126462e-01 1.609840417737626594e-01 3.113597850502863862e-01 1.489951807133107174e-02 3.985572995046389733e-01
1.019315526592744214e-01 2.322801547237453579e-01 4.181663792566966409e-01 1.423362383149321675e-01 3.520198284116708431e-01 5.473383151683316461e-01 5.285643946379551573e-03 3.170181867967578615e-01 4.593766048457496587e-01 7.403133186666249754e-02
1.745026260907200574e-02 3.071137417976526913e-03 4.016414518148705981e-01 4.695371577614527725e-01 2.107391840408160411e-01 4.723177856307917977e-01 2.114226808879276776e-01 2.714581030336431500e-01 3.605097122133670284e-01 3.194583846218208567e-01
1.682564487781186280e-01 4.208137251569857989e-02 4.639188012260641591e-01 1.203249421897093635e-01 2.807132950470374588e-01 6.834814861426845578e-01 5.098517961065379689e-02 9.760562535573599763e-03 4.729944411465246239e-03 4.376712856433823129e-01
4.385118260836477488e-01 3.728498456394020444e-01 4.811743555784273908e-03 3.845330461909576281e-01 3.432814925803500117e-01 3.303542288547188233e-01 8.709890840872747120e-02 3.900599873758456848e-01 3.632866118954605761e-01 4.599216076687857868e-02
3.023531944025457108e-01 8.824401202036270472e-03 4.908789480465393096e-01 5.293487450595596444e-01 2.839267891061939553e-01 2.942683249895888253e-01 5.396700690651136910e-03 3.320771746170702032e-01 3.313860703714827660e-01 1.752046234819471101e-03
1.335048536802835029e-01 1.437672905778618615e-01 6.587331829969469421e-01 3.422147263730932476e-01 3.830611147182866327e-01 2.146166263787158690e-01 8.086833029179120794e-03 1.643298712889778787e-02 1.528460760585412248e-01 4.404243613238203459e-01
1.519676392703014217e-02 1.865551688414013309e-01 7.066537023789117022e-02 2.228908187159973076e-01 2.026675631336674888e-01 7.755129394319578706e-01 1.034403376410217706e-01 2.619498634622914879e-01 4.341250012162993777e-01 3.962859165833564762e-03
4.222402395057615887e-02 4.131861129823882067e-02 8.921576969891704956e-02 7.586535318151317077e-03 5.048913677025828051e-01 3.578238465787567657e-01 2.889731858904270867e-01 6.821161775299674490e-01 2.285254427279966027e-02 2.371275524442539862e-01
2.977218143203347323e-01 2.350958814869095470e-01 9.023805335868045896e-01 -0.000000000000000000e+00 8.867816214708333297e-03 1.536781273049376007e-01 9.594999921331325010e-02 9.075586462642067087e-02 2.263240872075924365e-02 1.225398609828885592e-02
1.331223720465634641e-01 2.094043873923825683e-01 2.955479975999018016e-01 5.510913583060056409e-01 2.379043802832222498e-01 4.111253644869456991e-01 4.657425509167424926e-01 8.184955742223243291e-02 2.588985118638013616e-01 1.763844091869765929e-01
1.609012463975925400e-01 1.950859911715207284e-01 5.238672642662502987e-01 3.688398128756564809e-01 6.255824640909375400e-01 1.066219750681129258e-01 2.301361263151698033e-01 7.082230477146997383e-02 1.686139375999097523e-01 1.908972667101760945e-01
2.842550432108447711e-01 3.760524511885802723e-01 6.481250993659175563e-01 1.905779542735268062e-01 4.375699530003509530e-01 1.179035188771771075e-01 8.311310756273540545e-02 1.746126659052093799e-01 2.026340934233391566e-01 1.938320721345934972e-01
8.847673375891353109e-02 2.013724392074080216e-01 5.636193761840786465e-01 2.442598651157637524e-01 5.927434545547328737e-01 2.787343399852082459e-01 1.086083489526922519e-01 1.035456638056869855e-01 2.497225834512733778e-01 2.457129291455284748e-01
1.797634103837860153e-01 4.352610611720248435e-01 4.590995703484158086e-01 2.506006594104817076e-01 6.150951051421734705e-01 1.513712471578587335e-02 1.786123567459511619e-01 2.741490764484006415e-01 1.919153412975907122e-02 1.366026827221745177e-01
4.232410100264947794e-01 4.430702645522273109e-01 1.996945223990351237e-01 3.696092702015583153e-01 8.356807689915875248e-02 1.401000683271100972e-02 4.951492615302862665e-01 2.181406885140595997e-01 2.430607064830201391e-01 2.984129876911986723e-01
1.413330676677818643e-01 3.294525242333802839e-01 7.124368278326881354e-02 1.067921247199178775e-01 1.565556680867277450e-01 4.740734917331633318e-03 5.105442065481649583e-02 9.128109251232125951e-03 6.915994165517195258e-01 5.911632575033162196e-01
3.847948278803531852e-01 2.496200692481962968e-01 -0.000000000000000000e+00 6.719989522092105483e-02 3.397617483004606864e-01 4.153264560963907531e-02 5.177710822914618483e-01 -0.000000000000000000e+00 3.322517279062567885e-01 5.380202830134434011e-01
6.269412619334007175e-01 2.778126717289371994e-01 8.433305695834650284e-02 1.667086380074100371e-01 4.801867530964051833e-01 5.355789111259003782e-02 3.557304465812438643e-01 2.075503099670768584e-02 1.644731381759683420e-01 3.276993108968138668e-01
2.344499646259089187e-02 3.965785104588750998e-01 2.920496788040211622e-01 4.024245589313082405e-01 7.516564822355945585e-01 1.180185785186560615e-01 8.058568903697528596e-03 2.847438782950296662e-02 3.128469991654221020e-03 1.230280694826063059e-01
3.241332324360127193e-01 4.690762029557548618e-01 3.466441200419251856e-01 1.859177913343887378e-01 4.841919563945717431e-01 1.969467018659033508e-01 1.143372071302783954e-01 2.749454522194976769e-01 3.609867961329893959e-01 1.672371750865773998e-01
5.735375114260844454e-01 1.307140719752168390e-01 8.830508441621884308e-02 2.010367206978716514e-01 7.325505260778412964e-02 1.346216797123373776e-01 1.456017982609349448e-01 5.386346117214518836e-01 4.276366777476706682e-01 2.967582302730275012e-01
1.487899737122637400e-01 4.090792408429255178e-01 9.868037896560942490e-02 3.962679509098257502e-01 -0.000000000000000000e+00 2.950317460878305598e-01 2.325800570491461938e-01 2.704592469200779448e-01 5.675209088848710559e-01 3.276953034761214134e-01
3.737633866255552495e-01 8.908007212208289907e-03 3.249096888196242872e-01 7.750354194894717441e-01 2.755994460288896386e-01 1.160622410536941151e-01 -0.000000000000000000e+00 1.483078024490114451e-02 6.193147754761957335e-03 2.535578145157333374e-01
5.700335735656223562e-02 1.345793229760247900e-01 5.127487964891930261e-01 5.535219544030217653e-01 2.554283202271863673e-01 8.285033729151609558e-03 5.121323516115183772e-01 9.343240458761858935e-02 2.462085977290258687e-01 1.113599516087419167e-01
3.017895239575560384e-01 4.427345545965268858e-01 4.393301890274096122e-01 2.356018900421606443e-01 4.799473868816608868e-01 1.427599316207226465e-01 2.486558760313903049e-01 5.988971545575730998e-02 2.403081024310109726e-01 3.008247542443901468e-01
1.043247117720540323e-01 2.906564706372290474e-01 6.173573749864038618e-01 3.978362026384119066e-01 4.641996694131051981e-01 6.649934729885834117e-02 1.425617645335523764e-01 1.367232207228070151e-01 1.933943363279216343e-01 2.625060696834789487e-01
2.373155139863562801e-02 2.887965420862683152e-01 3.781419940287555903e-01 4.903183548662615188e-01 3.753884224473298392e-01 4.285735486295370600e-01 3.056399004749361104e-01 3.116980173596856640e-01 2.619788978755479072e-02 1.295392892925145700e-01
1.267606498212004440e-01 5.237106439899884974e-02 9.767659869161407493e-02 6.750213921254255567e-02 8.871205385898264795e-02 4.888530963718273892e-01 4.081245756725923046e-01 4.933246941470205704e-01 4.609250845040181455e-01 3.128221820139477360e-01
2.080416508983776169e-01 2.465713709846579019e-02 1.343161541155975941e-02 7.636355200472725278e-03 3.891548313629633604e-01 5.525503830455650300e-01 4.889189418757266536e-01 1.929693284840547085e-01 4.647359506090828485e-01 8.282613743463633493e-02
3.735376185248717729e-02 3.132299421068567846e-01 2.155690957519680317e-01 1.834631451417177150e-01 3.594049617072994085e-01 5.764483896047176703e-01 2.894184314360875310e-01 3.388175741965668841e-01 4.004068180958021417e-01 3.502824562696752776e-03
3.390490525960127566e-01 3.978985999837644227e-01 2.097356031064740237e-02 6.342415393937546331e-02 3.813518475493822835e-01 3.783231506731838389e-01 5.044139823773729353e-02 5.169320364789883326e-01 3.550696838754855977e-01 1.945886614454586938e-01
2.144047658179052962e-01 2.705786496348207559e-01 2.750013507018289616e-01 4.431581901739986562e-01 2.951046637435015829e-01 3.693952627508992892e-01 3.685727437168342946e-01 1.519730334121095067e-02 4.637375009856551933e-01 1.847537506630118898e-01
6.289256344765096207e-01 5.516226161420237917e-01 1.896705417708755351e-02 1.329530278817925848e-01 3.143859139046872864e-01 2.075289984984856825e-02 3.617444341242275624e-02 9.278008964530617617e-03 1.146351135729976889e-04 4.259869812919624965e-01
1.239307780358067657e-01 4.297431114418323594e-01 3.850489192484489176e-01 3.596578222215290888e-01 1.943347506197900046e-02 5.176863970235883183e-01 3.221385219252893006e-01 3.285036632842792126e-01 1.375901368687297219e-02 2.051622308099506076e-01
3.106597229784910374e-02 9.383109608615357311e-02 -0.000000000000000000e+00 2.523095363352458875e-01 6.927417421487753746e-01 2.924232859708517651e-01 2.188974543806763984e-01 3.424012459676575599e-03 3.515861349324749252e-01 4.354622825010471820e-01
8.657842515737795147e-03 2.811760696810610693e-01 1.371421697156913200e-01 4.363129265776383159e-02 7.562822148155774402e-03 1.507489989359273586e-01 2.589022958480196035e-01 5.400740570659665618e-01 7.094320168115266778e-01 1.239627598958717436e-01
2.906237596786236943e-01 2.823776163325267263e-02 1.470711134156931499e-01 3.413242596518243355e-01 1.603677863457234898e-01 1.069852472978443172e-02 1.977159778374656118e-01 5.963774285725522706e-01 1.074997541949287427e-01 5.869089953444071028e-01
1.015643878701107533e-01 5.298192073901568655e-01 1.844575827742459817e-01 3.834358607687024523e-01 2.016997053914258708e-01 3.988739764875847693e-01 3.415675210915554705e-01 4.376278964000508420e-01 1.412758152852494342e-01 -0.000000000000000000e+00
2.977544375853563921e-03 1.880296282778301797e-01 1.530687298122996309e-01 8.922052580140222081e-03 2.303626076569784131e-01 3.957514661047437654e-01 4.068302826256326998e-01 4.902125046599678515e-01 5.638627415997677916e-01 8.763464023639540301e-02
8.157648741570164286e-02 1.058290332172027171e-01 2.954794017730590083e-02 3.629148907924182321e-01 1.983945106574321882e-01 5.673673855623625473e-01 5.406304875580060509e-02 5.994645380181437000e-01 2.603140517124951092e-01 2.413609548823239248e-01
3.452034203038037985e-01 8.216784290956100079e-02 8.254367534072737378e-02 3.103480063901837283e-01 7.242817618457199867e-03 8.182169255112149708e-02 5.726122175068898423e-01 3.668499846011483712e-01 2.892644897138804683e-01 4.669784204485165069e-01
6.167320861599592807e-02 6.449845273902068965e-02 3.716423631498625563e-02 5.226934671218388395e-01 1.051617608914860724e-02 3.783412205864156164e-01 4.727173891135168504e-01 3.220597912878469526e-01 -0.000000000000000000e+00 4.970008205340579743e-01
6.252614023669376443e-03 1.742380231780531197e-01 3.287700445217283662e-01 4.941205130418656610e-01 6.971652769374523349e-03 1.571158251362773928e-01 1.093414071689750994e-01 1.942057894377061111e-01 7.367730945039211443e-01 1.082503140925428729e-02
2.847316195799325378e-01 5.171757722250681644e-01 1.632122169953667823e-01 2.562392064681943693e-01 2.286730430761584609e-01 7.057705437336230236e-01 -0.000000000000000000e+00 8.898630140292023913e-03 3.821181198889357991e-03 9.307609065118402358e-02
1.219209370045500930e-02 2.430320404510522558e-01 1.057081656677320500e-02 2.865600944241410430e-01 1.351068139440545109e-02 4.214861962577034493e-01 5.071478336945857146e-01 4.156731173545636926e-01 4.905460909268059555e-01 1.005319108674741641e-01
3.374344637465870322e-01 3.730851926729278900e-01 3.273044004443559363e-02 5.450884458125980769e-01 9.890401683202233729e-02 4.127831361084117745e-01 3.451309550366542332e-03 4.347440330292216548e-01 2.367449004836403026e-01 1.533570034990996422e-01
1.441391181920360365e-01 3.360395127011386318e-01 2.443000157643214210e-01 4.153597006245491330e-01 1.308238487548375184e-01 1.646446167123068460e-01 3.214354036008197912e-01 3.920350470509256224e-01 1.365586690801943170e-01 5.605461495581540721e-01
1.703683574917800869e-01 2.911685852477703951e-01 5.250130570904195659e-01 2.411873361321175968e-01 6.374512765805103731e-01 1.072285244303352869e-01 4.423647585813492156e-02 1.578032729044194782e-01 1.625203917789377062e-01 2.850819769103739021e-01
2.741652975238841328e-01 3.071724294319895243e-01 8.803031293667312740e-01 3.988268866016301401e-02 1.446428831265767212e-01 8.450367475077709412e-02 1.171201519670029556e-01 6.803734670861009970e-02 7.632472958324970636e-02 4.147469381966322616e-02
1.201206984664896504e-01 3.676575384122360846e-01 2.133935362393071522e-01 3.646359831138798469e-01 1.451971408681938525e-01 2.095454497312980169e-01 2.577835388572761732e-01 5.232521841404746965e-01 5.012982505139024214e-01 1.239601083300120171e-01
5.067674559709075544e-01 4.140209669744878695e-01 2.255773497160245555e-01 7.014306159525617312e-01 2.392904574567950374e-02 9.929989111725345818e-02 3.120508380023191350e-02 3.173613750196915828e-02 1.204903099027237051e-01 4.417479721078034632e-02
3.890542651237542393e-01 5.858513408808042611e-01 5.118762606814636351e-02 1.772252176119477884e-02 3.301501643430936328e-01 2.241137342611941030e-01 4.557658357247654224e-02 2.496826352194311538e-01 3.851199607183787288e-01 3.612735805353860519e-01
1.608882295813857666e-01 2.664585108992624241e-01 5.261676920363523857e-01 2.218506178486573943e-01 5.992589029577596316e-01 1.363618508813213559e-01 2.631092750478659092e-01 1.265381868334474469e-01 9.942987815456819090e-02 3.228222600840323087e-01
2.736295728467224575e-01 2.079620078153819260e-02 1.508457178477752569e-02 4.735955374756332659e-01 1.200460776064510293e-02 5.004656584626402394e-01 6.035133658601132822e-01 1.041136465521037557e-01 2.728647062219764496e-01 6.397616297833142764e-03
4.225134049318447493e-01 7.000124543093364481e-03 1.216533550553793863e-01 5.227776907986099175e-01 3.245781540604861792e-01 4.070301077873466067e-01 2.170520390398925636e-01 3.488310539902023666e-01 8.969152587550603684e-02 2.923587174764321617e-01
1.636554881467534861e-01 8.971752981028880899e-03 2.950358016859684906e-01 4.992885700613946542e-01 2.819986618791318067e-01 5.002185097893521171e-01 2.703388141705800884e-01 3.104172781964150696e-01 9.681438382506778531e-03 3.708418722862611983e-01
2.843337392284840393e-01 6.622058370938397331e-01 2.825035741238428669e-02 4.259128621755934319e-01 2.660512606251874690e-01 2.140814160857435200e-01 3.501490021326973401e-01 7.674003230300641132e-02 2.301350746231910771e-01 1.919037198496334126e-02
3.036740496663355993e-01 3.257613039001105992e-01 1.572205133338446525e-01 4.568731743479063079e-01 2.600501591329434370e-01 3.337662613835769565e-01 5.688301676440985499e-01 1.190572872868024268e-01 2.266641686207037099e-01 8.075399135534911885e-03
9.335376109235862807e-02 2.909016103438526457e-01 1.275556918049650379e-01 3.306549264118727738e-01 -0.000000000000000000e+00 4.278773756611167073e-02 7.132613147711862611e-01 1.231202570476123623e-02 5.199316008386061227e-01 2.290055519397829909e-03
2.086895902900416655e-02 1.849764030503005530e-01 5.366038993103382504e-01 2.562140919209558373e-02 4.319702107153569615e-01 1.393154123040240833e-01 4.364395987238924302e-01 2.117556660747205721e-01 3.955608068769356223e-02 4.835869099554576112e-01
3.212198094993052311e-01 4.355638675284927722e-05 1.791050092847784603e-01 4.479842165164025225e-01 1.466583095853336849e-01 1.731246792402722084e-02 5.458022137388617301e-01 4.741939536889132611e-01 1.090020556485722381e-01 3.280237457872948736e-01
2.914088857268852806e-01 3.545970523744680913e-01 2.543248182632890098e-01 -0.000000000000000000e+00 4.908564987545244174e-01 4.004929436822389222e-01 1.004940801743045009e-01 1.341477286142275967e-02 4.993416174879236058e-01 2.523983182131462333e-01
4.960769627881764787e-01 2.878802893397203189e-01 9.238455046214252842e-02 4.338263884508342626e-03 3.428114559777634823e-02 2.096554553200984661e-01 1.008850039522329045e-01 1.832485009747387636e-02 2.926509787358315684e-01 7.219349512978039396e-01
1.613692792290206957e-01 2.064383310393698712e-01 3.556391894938983889e-01 1.366353141182343467e-01 2.428803394589754139e-01 3.747296256034794992e-01 4.209690454895403944e-01 1.508543648520883074e-01 3.853726750865491546e-01 4.881572513764644294e-01
3.998022361024485272e-01 1.418887266682050952e-01 3.019302059017205941e-01 6.984336488906209284e-02 4.406004355194371724e-01 2.663724063454159241e-02 4.686169417970086938e-03 1.513524401229502936e-01 6.583842735621453501e-01 2.697186627573183726e-01
2.818473847730578186e-01 2.635503080248603469e-01 2.849875715505393869e-01 3.561817370738276645e-01 2.376522789394431845e-01 3.105247523049106673e-01 3.167571847873654756e-01 8.490192839008087189e-02 3.572762315650078735e-01 5.049019275009596353e-01
3.672136091367833588e-01 2.872379936258587230e-01 2.306265486050027291e-01 5.955545765545651182e-01 3.875904254438342633e-01 3.836232807147413881e-01 9.474628287514318473e-03 1.399672357105220637e-02 1.337054831405969924e-01 2.433488221260600715e-01
5.620136639123646249e-01 2.106502255788681166e-01 1.901979771544058673e-01 2.371289501922980714e-01 4.230852301508475355e-01 1.181591277859181804e-01 2.427338600266927826e-01 7.985644361837540561e-02 3.078078707890187782e-01 4.408588882454516078e-01
3.225424404070404427e-01 3.669194026192501012e-01 2.587239011252157050e-01 2.109206021100779593e-01 2.759051605222719861e-01 3.133495558680570586e-02 4.113225328740488518e-01 2.058546975332095630e-02 3.083643778872069072e-02 6.342275286953744651e-01
6.192220164546923256e-01 3.052372291843045704e-01 2.144006391172113279e-01 1.328029040052916832e-01 3.826479551692981707e-01 9.809629038561769321e-02 2.468943332144971914e-01 1.696268523060686165e-02 8.894240148036243465e-02 4.843474453985932571e-01
3.373055824203358838e-02 5.912004658932664691e-01 4.836140000264627092e-02 2.885687564620527112e-01 1.041619123955958917e-02 2.654250627401031348e-01 3.519464152508214871e-01 3.845513099772334686e-01 1.007244245462647070e-01 4.596554649606388598e-01
2.820604259273499781e-01 3.723815159884264481e-01 1.534967148345167676e-01 4.735376329301415055e-01 5.226487357407915146e-01 2.831226495372518026e-01 1.093938726917307730e-01 2.197821634096123744e-01 2.686535219667624541e-01 2.195648472699619769e-01
6.078005441798012276e-02 2.983375848038255507e-01 6.333746867386117474e-01 3.540199589264436675e-01 4.979082603399687668e-01 3.108553855925469053e-02 2.438204396750730252e-01 1.408436647143798404e-01 5.870346871595343019e-02 2.218027434540690290e-01
7.011782175079223078e-01 3.183014945615685876e-01 1.838468421472701508e-01 2.915167326738495879e-01 2.084127369005285280e-01 1.523586624294548386e-01 2.481980890768528958e-01 1.795182655252926807e-01 3.013943072392722966e-01 1.921846524085919772e-01
1.659535088957389271e-01 1.360942116782067057e-01 5.097949099791555111e-02 -0.000000000000000000e+00 8.719785575270696393e-03 3.186482735840009406e-01 1.382659987728550588e-01 5.385889430763605157e-01 7.351184685893507043e-01 1.146447251343933604e-02
4.443781154446982962e-01 4.128367265808403630e-01 3.152724083288154233e-01 1.611689144587423461e-01 3.252757614797351926e-01 2.505742881983550885e-01 2.199029592963784308e-01 2.259376682477365339e-01 3.589914429662962037e-01 3.314363057703361148e-01
1.151514402465507736e-01 4.744302506628025329e-01 1.961706645198793564e-01 6.300793569257044924e-01 -0.000000000000000000e+00 1.115222624596254875e-01 4.408269478645552297e-01 5.667672787486609243e-02 2.822638851447072383e-01 1.911083255533782554e-01
2.633324275256130886e-01 1.523873087443963076e-02 5.920959250794431972e-01 -0.000000000000000000e+00 5.924751033193229599e-01 4.619452127186818302e-01 2.394539968959420381e-02 2.536675974854738641e-02 5.769215149345949256e-02 1.043113732140108912e-01
2.800616377017368097e-01 1.442598086854237349e-01 3.690965719123734945e-01 1.330522590575735353e-01 4.338759072610260947e-01 1.097275774429462974e-01 4.952358530454609165e-01 1.905680304889404708e-01 2.699838528818042094e-01 4.382521583426570166e-01
5.302005905206561565e-01 1.747881897530356721e-02 3.299226801037287715e-01 3.224735521990236831e-01 2.336577079265201029e-01 3.009779426093183718e-01 4.224532003554529735e-01 2.013392101224882602e-01 9.860570411682688732e-03 3.761098200009189152e-01
1.008321515609314836e-02 -0.000000000000000000e+00 5.989728544607756180e-03 6.229605871608383527e-01 9.425224341856334315e-03 2.284064007908773869e-02 3.511864803778312893e-01 6.982863183017096187e-01 9.399818373613092609e-03 1.216331213948317232e-02
1.644899735988227807e-01 8.131740946255907113e-03 4.851992146616815327e-01 2.534046781305720475e-01 6.089253966105843130e-01 5.009432256089293295e-03 1.779674527838507603e-01 2.563041289739181883e-01 3.149443740989167906e-01 3.253848520797719690e-01
2.550813370127519852e-01 1.070387933587558099e-01 7.071434467542982161e-02 4.520264457488742393e-01 7.704598396305163167e-03 1.272297111697051793e-02 3.850170871911369752e-01 4.686895166415255831e-01 3.018806168953327984e-01 5.048629714075300035e-01
1.613156209934545338e-01 3.654414094911757616e-01 1.938551456406785167e-01 2.741762337623474544e-01 2.028423622300918328e-01 4.204893987395643129e-01 1.164122168096916494e-02 2.965298638272578780e-01 6.429844135738389532e-01 9.070076819492543796e-02
9.430518013294787727e-02 4.935228392378459006e-01 5.643343454054022129e-02 4.619736833075068771e-01 5.634088901633371033e-03 4.708562565217239704e-01 1.703782308201171880e-01 3.474726961038813317e-02 4.052038922950695343e-01 3.387826112283717217e-01
1.597267981187636687e-01 5.523622868232520577e-01 2.982589218210941473e-01 1.945412717610402187e-01 1.545451489116153078e-02 2.528659439951663201e-01 2.412404211391561137e-01 2.641093434745233060e-01 4.830632775116998068e-01 3.421954402800488904e-01
