4.852242205120889775e-04
-6.884976541186970111e-01
7.772197673061245204e-01
5.035222318859213647e-02
9.811200091091434317e-01
-1.489298798522532996e+00
6.132437610775487435e-01
2.268462008848282085e+00
2.129146861717591821e-01
5.349362222740994266e-01
1.425026654413619642e+00
9.840320438567780048e-01
-7.934264950503944203e-02
-1.788719750939637976e-01
1.762294629572492832e+00
-1.237597890819311264e+00
3.016528111393979916e+00
7.097224044903811979e+00
5.086423560025066237e-01
3.877820461107179262e-01
-1.630729098055635484e+00
3.461394139323535235e+00
-3.525377630860769551e-02
3.743473317544438128e+00
6.847201103453730564e-01
1.373180107048208143e+00
-3.721472094123779439e-01
2.766545806276920150e+00
2.689552478019808124e+00
2.987475092596578730e+00
4.332987525896822234e+00
3.903128347377262664e+00
3.597631410416353148e+00
-8.707980250750576579e-01
-3.581921795200461722e-01
1.435148324660170394e+00
2.958769959348096279e+00
2.270904024799397902e+00
-2.344984354576295504e-01
5.526041557485444677e+00
5.761270255629286074e-01
4.276675437915923861e-01
-5.957746675473515885e-02
1.315574559064502713e+00
9.769333560608649616e-03
1.307116014745478338e+00
2.636351028175985434e+00
-1.873702838243564983e-01
-1.397383864063608261e-01
7.443716351798197461e-01
5.811201930157819717e+00
3.729017107087546634e-01
5.672237934036453710e-01
6.424127138114449131e+00
1.100816096617748707e+00
-5.704006600209752254e-01
-1.850470529649448581e+00
-1.092966692629083303e+00
5.610173787507243687e-02
-1.108215952696706974e-01
-8.157241531170744686e-01
5.982885967752850753e+00
-3.335402185122620100e+00
2.745057897417741977e+00
1.968769823287511156e-01
6.008007298346805136e+00
6.451772049194768321e+00
5.685034742993981816e-01
-1.465127955352548417e-01
1.272746823327494115e+00
2.818459438277993723e+00
1.014664899914544255e-01
2.618343780396191089e+00
-7.682246585358414315e-01
7.292581492195205906e-01
-1.670665925181029632e-01
-5.004336846284634932e-01
1.251609937596658728e+00
5.328827761663052165e+00
-5.937763549877834723e-01
5.590336236800694802e-01
1.307971828013067217e+00
1.456462525720809476e+00
2.785010429238114593e+00
6.187273162598872389e+00
-4.663806160315447258e+00
-5.672067702763593511e-01
1.407045961962173131e+00
5.280443243371164552e-01
2.711190685515664445e+00
1.347953520784565651e+00
-2.172419856186496467e+00
6.525886395950020180e-01
-1.453624339665102294e+00
-6.959469143080367903e-01
-9.652074092361255797e-01
-1.114315365686574300e+00
-6.389085857321631368e-01
1.743329795417413175e+00
-5.504943943405789852e+00
7.636601485459608429e-02
1.527905593613410606e-01
-6.976905320094568541e-01
1.112227232606568111e-01
2.667068526780138615e-01
7.621990953501872612e-01
1.150372924065888425e+00
3.236246659347482346e+00
1.805947929259005713e+00
-1.735830629792178281e-01
-6.200855301086614091e-01
1.685837216918541159e+00
4.674636313722249081e-01
1.217405524148090779e+00
1.337083798523957645e+00
-7.710256799596365562e-02
-6.670580522454534755e-02
-2.494238223422181461e-02
2.749266636030849753e+00
1.123708538458963124e+00
-8.028645618972304332e-01
5.040010470973478318e-01
-1.012745583801210741e-01
-6.913298039776977211e-01
-1.212808464793495800e+00
3.147975138407919538e+00
3.980566380067482313e-01
5.226543725521206163e+00
-1.220805284201622598e+00
7.574258756590768193e-01
-1.723286666162319181e-01
4.658022125179103412e+00
3.133566343336593452e+00
-1.974240876760958940e+00
-2.269189478366804291e+00
1.929099050125365533e+00
-1.491412708851237001e+00
2.080969149878140190e+00
4.517263555700761629e-02
-3.181443990537857314e+00
5.550952539257647533e-02
-2.418197390939076374e+00
3.752537705322536027e-02
7.263829255681999442e-01
9.195834752271245804e-01
1.622076671573960294e+00
2.202642180784736947e+00
-1.201001229162813155e+00
-4.181501338473032625e-01
1.123664059596622300e+00
2.368105498986463608e+00
3.922867131346065683e+00
-1.394531166407759981e+00
1.244623238031743684e+00
1.929073283504799896e+00
6.244310051279363671e-01
1.583227819635512956e+00
2.664888300075428096e-01
2.229032108148434332e+00
1.982727851453272905e+00
1.158276074911768649e+00
1.076055324386312018e+00
1.242556422206888278e-01
-6.043211380850035258e-02
2.465171020507282429e-01
-8.638510341550866001e-02
-3.658629087861858115e-02
-6.841723145876362766e-01
-4.835690495409720735e-01
5.278729741203773251e+00
1.849393517845810075e+00
2.304307982607340044e+00
2.775041625105051146e+00
3.621467182766285209e+00
-8.733114315812637862e-01
-6.662363075169882576e-01
-5.212265886489608757e-01
