-2.780130720417838819e-01
-7.739802814568232936e-01
-2.005486809939950321e-01
-1.258823296997168439e+00
3.570327333064943764e-01
2.416208702191762966e-02
-1.594368114964036520e-01
-1.023662056296723022e-02
-3.131085606868412863e-01
5.175648486801922438e-02
4.293786645134261420e-02
3.579497080047372437e-01
-1.009322066897172299e+00
1.176054295724512783e-01
-1.806674843539050612e-01
3.079459980559204890e-01
4.399293197233729302e-02
-2.963135772367852822e-03
9.521081419237373278e-02
-1.106601025279912304e-01
1.933297379547777306e-01
-2.411814564001134309e-01
-9.936922604941613238e-03
-6.582012747009621245e-01
-1.624555909128200248e-01
5.189376266735907378e-02
-5.596361363508169928e-01
-5.739238908664052730e-01
1.219913183288812847e-01
-7.164765335745598707e-01
-8.178559412862215772e-02
-6.904125732914687674e-01
-2.989301729818335043e-02
-7.305468780548918240e-02
3.750782262185647919e-01
-4.903308979541446400e-01
-3.931809981208871929e-01
-6.193038885994853887e-02
-1.011394428143859603e+00
-4.510096448585731443e-01
-1.163373421414776399e+00
-3.388115629930364969e-01
5.847937680810907368e-01
4.701602472929161669e-02
-4.525423130414006900e-01
-1.180258425556297563e+00
-2.849225189752118137e-01
-4.819893595336501857e-01
1.689342046654560281e-01
-1.668658933878113537e-01
-3.670181263537705685e-01
3.582331695634780044e-01
-1.220865333458794610e-01
-1.020218056572684828e-01
-6.731348270747014584e-02
4.778771963377113075e-01
-2.029397359500645925e-01
-3.410524185926462337e-01
1.988386692038363046e-01
1.656623463155777465e-01
7.511755685888229506e-01
3.787961942137644811e-01
2.924833976922028844e-01
-2.267349787656077476e-01
1.285910524512921815e-01
-3.033836771207378338e-02
3.151456044296036541e-01
5.935584388368097403e-02
-1.566838994956777364e-01
-2.754241327619477708e-01
-3.492901196084494814e-02
3.307307965413279760e-01
6.717353499064257494e-02
-1.485862880788468010e-01
1.040125269184767748e-01
-1.859402390335864463e-01
2.473034848621132042e-02
-5.780913369003346514e-01
7.515862910566055433e-02
-1.534008649875710228e-01
-3.176229782130749954e-03
