-1.039822751840397408e-01
-5.394841170292968835e-01
-2.965878917849708030e-01
-1.241736896271913082e+00
2.544988047248616936e-01
1.949032108164311774e-03
-6.387381252421669986e-02
6.766282409922388941e-02
-2.927258849458334033e-01
1.298725389340951164e-01
-1.138872280493200412e-01
3.119978310811215017e-01
-8.126678638165115709e-01
-1.097387829139385637e-02
-9.305335781521738292e-02
1.415350523393847093e-01
-1.795581257557891594e-02
-3.326018867920149842e-03
9.972787920407001627e-02
-3.096782149050636077e-02
1.848483567565272281e-02
-9.720385019250957215e-02
-2.431640296355621483e-02
-5.264403065033205209e-01
-2.172170419793098273e-01
-6.114040973685672814e-02
-4.244784777643391127e-01
-4.445384135643365986e-01
-5.040776459389691502e-03
-5.477070733938086411e-01
-2.053605497822950654e-01
-5.981917287946209028e-01
-1.084024824177623886e-01
-7.527079016774348985e-02
2.837700687939103683e-01
-3.453831891224546924e-01
-4.688286186756966956e-01
-6.126010336983359061e-02
-9.819615128386964820e-01
-3.313376098162262307e-01
-1.082760449284150495e+00
-3.120082315913153548e-01
4.890366325812506298e-01
-2.118611748051475174e-01
-2.949582001195455438e-01
-1.089643436852077318e+00
-7.034855496748025627e-02
-4.283115286937658195e-01
1.235377366100835345e-01
-7.972769775885722721e-02
-2.638417628876910670e-01
2.061366213718981155e-01
-2.726417556892855587e-01
-1.602508607266021345e-01
4.676559180954044381e-02
4.999025086395332274e-01
-2.072036746480067637e-01
-1.298092746869236314e-01
1.387503096524144164e-01
2.096376409408848007e-01
6.065974843372080594e-01
2.671175992677589650e-01
6.810548247253327137e-02
-6.217906944824479198e-02
2.140278817642140563e-01
-9.104764300762784035e-02
1.508494775454209402e-01
-2.996098203122101941e-02
-2.233254726343068541e-01
-3.040911245410498620e-01
1.931670460551180224e-03
2.456313948918834589e-01
-1.693296499598277716e-02
-4.716995680901107241e-02
2.191730933105555737e-02
-3.498329249103543370e-02
3.494582411935819033e-02
-3.282048147553963680e-01
-2.686580792400820872e-02
9.995259926629330993e-02
-1.052183577108039836e-01
