-3.814086444385504371e-01
-7.890687582248490095e-01
-2.764539541593381000e-01
-1.280174231896036963e+00
4.978240605086164949e-01
1.471163910374075900e-01
-2.826176796971500704e-01
-3.599582273744782179e-02
-2.008490278682040775e-01
1.057158356841108107e-02
1.257738426590537251e-01
4.420189147233797855e-01
-1.145929758874870918e+00
9.771330964717940548e-02
-1.067510041193524134e-01
2.925992818189937505e-01
-2.884087536363467638e-02
6.323684813386579173e-02
5.543652255842765331e-02
-1.756656152665024562e-01
2.486759054913620093e-01
-2.968254442247274527e-01
8.032865075285812451e-02
-6.742979566310367545e-01
-9.261019054459104782e-02
1.483236261040812853e-01
-6.289589931059992312e-01
-7.057769395384605460e-01
1.634038135027288674e-01
-8.013638152312305696e-01
6.815374877075001947e-02
-6.858621773038539038e-01
3.621940174128970846e-02
-5.698197028009932552e-02
4.383986983435359530e-01
-6.607889268481353939e-01
-3.296774985739069352e-01
4.800929880111294568e-02
-1.023707202149923612e+00
-5.820609943296007893e-01
-1.234535044399061476e+00
-2.474469851628860184e-01
6.619058197018579115e-01
6.675963131080900337e-02
-5.179975303132930975e-01
-1.269584181959297453e+00
-2.181871058006341069e-01
-5.045323802671282110e-01
2.311776662465235554e-01
-2.133690625697957088e-01
-4.314647160268483272e-01
3.489600674025037375e-01
2.747499658640752476e-02
-8.853107699841747391e-02
-9.968992972705557898e-02
4.167457243508763121e-01
-1.050657903781356262e-01
-4.302229841389140219e-01
2.533146654393755859e-01
1.547488757045339669e-01
6.608298309063587173e-01
4.852638893814155141e-01
3.193265841040668906e-01
-2.813371999138596924e-01
1.289662330023467474e-01
8.344935501268050879e-03
4.649651682027274857e-01
1.006381387773447461e-01
-1.825797682392376053e-01
-3.172839646316533146e-01
-6.397260616669368793e-02
4.385461858940221669e-01
3.036502225412084782e-02
-1.280464838656419357e-01
7.416563563833943051e-02
-1.962387399666531695e-01
1.961394933144449543e-02
-6.473903174465789334e-01
-4.880478451583653704e-02
-2.488086826184297828e-01
-6.697230232170314768e-02
