1.683295693522139702e+00 8.529262653214394474e-01 6.319737125118035648e-02
1.039076714149385738e+00 6.393656240457094853e-02 1.068509858759588926e+00
6.876309227121288892e-01 5.222180704999839218e-01 3.910516537255487868e-01
5.329578976793815370e-02 2.580237822012974164e-02 2.989603082778122256e-02
3.724615135755270784e-02 4.014566449735824938e-02 1.297084936239418784e-01
4.641626179038780414e-02 8.093807899327952748e-01 1.370494621016122183e+00
1.464245038186933856e+00 1.295118851755931111e+00 3.508534519256498261e-04
2.577534916280423416e-01 6.556960961868804061e-01 1.054448903495701639e+00
4.321153821895609703e-02 6.920255316106760368e-01 1.334898302873526621e+00
1.075089901996804986e+00 1.119369472228435525e+00 1.705027032185410407e+00
4.100799847299339829e-02 1.255273592798525628e-01 2.845822045931519217e-01
4.548647983053715621e-02 7.011429294199648943e-02 5.584329719203844772e-02
2.495966149691359881e+00 2.738935113256811826e-01 6.644249388013402646e-02
6.423338143025927871e-02 1.434429480985747463e-01 3.237191453354192061e-02
1.389196064007813258e-01 3.147930888601334354e-02 2.276070352886069070e+00
1.032062565865426856e-01 3.139093924052316908e-01 1.159538614261684947e-01
3.797159349775314774e-01 1.162891382054583200e+00 5.195303347988263765e-01
1.342143991472609654e-01 9.476632520213919275e-02 1.036794452525908738e+00
7.919795303433782019e-01 2.650479621205972108e-02 5.267666135221130697e-01
1.620846313632991809e+00 9.880479388548470965e-01 1.575285444980190075e+00
9.696355369583514738e-02 1.192635254534919614e-01 1.330041526607801949e-01
1.315256851966121854e+00 1.027414396849446188e-01 1.158069074385532221e-01
2.169340598984498616e-02 4.663073688752607249e-02 1.264366578724072987e+00
5.499372650070436519e-01 1.963369412869911748e-02 1.257542696630266008e-02
5.315059055505169661e-02 5.821637993950844886e-02 6.707929595533393963e-01
6.895163723364139408e-02 1.238739727712031335e+00 1.097312181051138369e+00
1.350835358000447961e+00 8.578927004176751803e-01 3.687156307485533330e-02
1.642603590813531911e+00 1.076353248521510819e+00 5.678876772453440580e-01
1.966839057298197177e-02 7.976589388959121063e-02 2.049823340818701309e-02
1.384203913681457454e+00 1.264483424208863276e-02 4.941001174948153607e-02
8.757110091326107681e-02 2.006526069380061839e-01 9.938834428885199301e-01
1.090414888808930893e+00 5.205217797988807155e-02 1.398006748444026837e+00
5.061751933522210534e-01 3.104479653009546702e-02 1.921047774230058014e+00
1.242626606358020747e-01 9.377900139204977670e-01 1.490491637330460417e+00
5.272551738744855887e-02 2.495157049103008048e-02 1.298522089358883913e-01
2.001194093640500604e+00 1.287199244393878672e+00 9.680968124886013548e-02
1.136472786234838800e-01 1.450228779572294013e-01 1.175863764649963894e+00
7.104714029471505266e-02 3.405639870447029621e-02 2.263350661293722865e+00
5.613674450442941444e-01 1.610832227052944390e-02 2.904703950479869956e-02
1.990985040372968973e+00 1.843450941466222126e+00 2.765311666857513118e-02
4.792037368732632308e-01 2.315135693553443952e-02 8.537963819578536090e-03
7.032331461653411331e-02 5.353696311142072672e-02 1.867067384813071884e+00
6.904760482524266441e-02 6.254542557475271936e-02 1.100909748454241416e-01
7.795383091898945571e-02 1.638293559434974289e-01 1.704710100167971254e-01
1.208363364657899064e+00 6.562777002984219177e-01 5.783802282087033980e-02
9.827222383023210828e-01 1.352550289826339736e-01 9.802333746365342673e-03
2.418370250505500960e-02 8.562181724878732691e-02 8.209499390743632552e-02
3.926625409819215484e-01 2.661084843455006510e+00 9.515405745422060857e-01
2.598351441056570219e-02 1.754848324429581830e+00 6.486474072657382184e-01
4.700204865301197410e-01 2.131418144382381641e+00 1.342622963166603955e-01
1.371810517383603711e+00 2.119528547781360572e+00 5.345284779562005095e-01
5.135064940298338376e-01 1.305831000072550929e-01 1.810716724409633105e-01
3.711925820557093053e-02 5.754761112522956135e-02 1.853781212995895933e+00
1.577292051642925977e-02 1.439148556472711116e+00 1.313455911895455852e+00
1.132680337039705609e+00 2.768158277409440982e-02 1.710384378059307098e+00
1.052245465880827791e+00 5.326976428087828452e-01 1.767460897994329594e-01
1.674154497528284602e-01 7.508849679864572357e-02 2.451848172468001241e+00
1.040128294943959864e+00 3.562800723855330531e-02 4.471848518869599165e-02
2.362541175034282501e-02 1.438044510626203421e+00 9.038907503099269380e-01
7.629095483269968669e-01 1.344293439527321610e+00 1.366335742654367857e+00
1.366035982755446909e-01 5.393291777121842628e-02 1.151059984365728761e-01
4.983765766968824978e-02 9.396795258695511688e-02 6.562788796878323005e-02
6.233760846373571918e-02 1.940577286927291922e-01 4.826840866466635196e-03
1.223363895202992380e+00 2.246707537660033380e-02 1.283575452344494661e+00
1.013320676268392395e+00 5.804533901852468314e-02 1.734957692381224881e+00
3.291787763122434873e-02 1.152911190753546533e+00 1.482018122727049469e+00
7.194996212584485462e-02 9.134375119758529615e-02 1.009501112611688595e-01
9.841401958940185213e-02 2.960064690983116864e-01 1.442708272050629459e+00
7.885391710429213719e-01 2.201386149535153602e-01 1.138883165961946942e+00
1.018802138605124918e+00 2.746742396026232158e-01 1.138656891158410955e+00
2.827086538627652246e-01 7.044324545065255849e-01 1.933776045176789360e+00
1.970829865765965153e-02 8.094304297337097387e-02 1.867995416928213415e-01
6.099027983265941089e-01 2.477034197503392488e+00 2.959519017142747122e-01
9.562909800292341833e-01 6.843314341298442072e-01 2.370476376602121071e+00
2.180810624015739330e-01 3.753788985885084806e-01 8.756450898015888384e-02
8.585712577795583389e-01 5.064266461267994401e-01 8.377099558017757630e-01
1.171654769969604715e+00 2.820083014879506411e-01 2.174896866224572012e+00
2.021382732870025567e+00 3.563595089968563112e-02 6.848419684656827933e-01
2.097565282346902649e+00 2.217484003446051621e-01 8.023551173386032909e-02
7.965037298280236433e-01 1.311183547594854559e+00 3.526755520505683861e-02
6.994995366698441019e-01 1.702421941786637916e-01 7.466944899186678253e-02
