-4.485390178613335443e-01
-9.721696349833213180e-01
-1.364190151116753125e-01
-1.433113862153111207e+00
4.217615361506018012e-01
1.108732097038354625e-01
-3.172342279534568488e-01
-6.062473934375945533e-02
-3.093863411598172242e-01
5.990481773213020278e-02
2.074887271835162417e-01
4.133149419523057810e-01
-1.302606623309109590e+00
1.794781890341078656e-01
-1.834915191200111040e-01
4.466545660691674247e-01
9.529136563239888613e-02
-9.512495188812586377e-03
2.603037310077862404e-02
-1.636255166142605022e-01
3.565390409295391971e-01
-3.901453326409135003e-01
3.182684241241628270e-02
-8.194650323582672868e-01
-9.918395000127845640e-02
2.359809775505166407e-01
-7.277355753676891803e-01
-6.728764013413679468e-01
1.783627486064897072e-01
-9.210836926957222115e-01
1.036698897547812664e-01
-7.417794049111477994e-01
7.532426623262417076e-02
-4.496177667052655286e-02
4.910139631575964336e-01
-6.390379954893457004e-01
-2.911579848536394177e-01
1.966387321492839985e-02
-1.165328960040889816e+00
-5.910250848606286578e-01
-1.402314345391439510e+00
-2.715204490426464945e-01
6.428865172841032871e-01
2.468766005768235627e-01
-6.149466847137992076e-01
-1.406289620279094210e+00
-4.161719570973940185e-01
-4.589012967561933443e-01
2.664464333893409309e-01
-2.174494873185473520e-01
-4.497500972854934775e-01
4.619158913606581929e-01
1.021019275183439323e-01
-1.825900430924299808e-02
-1.461704263842663609e-01
4.444755683813721436e-01
-6.074528549799302485e-02
-5.278591367536381584e-01
2.858515875151758645e-01
2.023914054713666366e-01
7.957099621766536846e-01
4.610307753670357944e-01
4.037770345143267825e-01
-3.533469718401060500e-01
1.009966640539662480e-01
1.109454496584113686e-01
5.366415525183835245e-01
2.124788254481513317e-01
-6.340507095177054520e-02
-1.710787744718985093e-01
-3.559794950670595870e-02
4.506124178373230316e-01
2.018324562696075797e-01
-1.599527569372596325e-01
2.199220091561161772e-01
-2.941366196280113532e-01
4.727014212473474447e-02
-8.186716986259748863e-01
7.398898838577316894e-02
-3.492173987854014783e-01
6.056534610104347127e-02
