-3.556136191343485242e-01
-7.171503864850978793e-01
-3.562267724808844127e-01
-1.316112122198421552e+00
2.488789922386047959e-01
-4.637290298729339344e-02
-3.205214617075858308e-01
-1.174766212868709192e-01
-3.751896887018451032e-01
-3.279802932898290280e-02
-1.290297656974782325e-01
2.068375182777413002e-01
-1.125815187220953861e+00
-3.194962254650474121e-02
-2.715007556334195771e-01
6.755265994250256312e-02
-1.449544463639782232e-01
-8.369216250443661798e-02
1.156525021194570735e-01
-1.126040621887014065e-01
3.315652428992540285e-02
-4.265090605146026892e-01
-1.051810764996948394e-01
-6.839400605921395204e-01
-2.754591918181885091e-01
-1.640759286025949004e-01
-6.554034810866038452e-01
-5.961341082909943356e-01
-5.234786682159132259e-02
-7.685696813316307274e-01
-2.287919483390248310e-01
-7.653810575113194625e-01
-5.672200871935077077e-02
-1.830186914392136766e-01
2.802359041729665101e-01
-5.796572891864250066e-01
-4.850906175449798408e-01
-1.006153732551725577e-01
-1.116656331891124232e+00
-5.584314168747819274e-01
-1.241173208049616727e+00
-4.283519526933712851e-01
4.591689604398013769e-01
-1.489859446627293804e-01
-5.507167292738738285e-01
-1.245560861305586631e+00
-4.625281234286178211e-01
-6.435835181127547155e-01
2.523491730127550708e-02
-3.671271070823522997e-01
-5.404648919932666384e-01
1.463314544883463353e-01
-2.467482935545660117e-01
-2.207062328119674399e-01
-1.173132539268404162e-01
3.361714824971090976e-01
-2.686387223804843627e-01
-4.765062839665649141e-01
6.750765307451386810e-02
7.241779097298409185e-02
5.558211979109290990e-01
1.712361333019576382e-01
8.069796699386219685e-03
-2.881303809127504501e-01
9.091209329662404415e-02
-1.660151448052717416e-01
8.717669471084621424e-02
-2.753019869809672851e-02
-2.659087165591997315e-01
-3.870363055289758880e-01
-9.980426651827564721e-02
2.314581494342440871e-01
-7.750422975288952243e-02
-2.387937159145104016e-01
-5.478069583480013605e-02
-2.527028377659533143e-01
-3.754845588567903153e-02
-6.416352415899053696e-01
-1.036221837683912739e-01
-2.251186955826163794e-01
-1.594289615830970785e-01
