-1.437847350130390112e-01
-6.051945142654056031e-01
-2.595176048716693051e-01
-1.046098811217018421e+00
3.832354881441621397e-01
-1.445374432898709552e-02
-1.175777684725534261e-01
-3.832838366778824890e-02
-1.571277754445574437e-01
1.018742932363148335e-01
-7.051738791776039628e-02
3.057373296345708980e-01
-7.094245573880648692e-01
3.807876858139983001e-02
-1.460641152318417624e-01
9.608601101079003448e-02
-2.490938301191576026e-02
1.540451767993641641e-01
2.220742692111250527e-01
6.239921410602738971e-02
-8.881321141349481085e-02
-2.242121143566483121e-01
-5.420934965211078593e-02
-5.085156911071139207e-01
-1.717700134813728574e-01
-3.510865711446714554e-02
-3.693273725487393744e-01
-4.059873272025413260e-01
1.344501109617527411e-02
-5.202183819184694746e-01
-3.991968702820140602e-01
-5.184521633194595358e-01
1.665637919553821997e-02
-4.989900665696286181e-02
3.055640640542411912e-01
-4.836691095210468583e-01
-3.994956962787449828e-01
-9.917678525960389735e-02
-8.562982069537828922e-01
-3.845282045562561923e-01
-9.797858398761853937e-01
-3.208181456227852113e-01
6.413566561192827198e-01
-2.288546176113046560e-01
-3.581318304548574138e-01
-8.362421458486997139e-01
-3.145905453081455638e-01
-5.520338639196585850e-01
-2.348438905174106764e-02
-2.896726634782557097e-01
-4.387815533124880818e-01
2.115019377846946991e-01
-2.004575586413831767e-01
-1.513425431753949446e-01
-1.530238579992774725e-02
4.841097290428102440e-01
-4.199701314035879651e-01
-3.664550040884694271e-01
1.364705214932818503e-02
1.635907249191095314e-01
5.743649241273672823e-01
3.308177683418315751e-01
-3.835607925190966105e-02
-8.345062490325530491e-02
2.905223126276883505e-01
-1.626962196024628049e-01
5.707727013750104467e-02
-6.875755774169865775e-02
-1.756684105068659629e-01
-4.375309454018219135e-01
5.216869952896702189e-02
3.807467459614857219e-01
5.007639414303986791e-02
-1.457426680713779475e-02
-1.788927940373657155e-01
2.721114749457455642e-02
2.190118734477844997e-01
-3.185925697060159600e-01
2.732805086005691067e-02
-1.859902683632480846e-01
-1.710531215315652942e-01
