1.302495485092206584e+00 1.902885988728936495e-01
1.528337911811146865e+00 1.736833456016871668e+00
6.673518315763911357e-02 8.281352934825768342e-02
4.422050589891987071e-01 1.058831329531354948e+00
3.508111631927050555e-01 1.399940240134040392e+00
1.275087298542902925e+00 -2.550708888393488083e-01
3.845989807405041372e-01 9.538793516994971133e-01
-6.815511170165504395e-02 4.189184188997718272e-01
9.426714001021505585e-01 6.886395124547538549e-01
8.230712427560138433e-01 2.923752349888653512e+00
2.106823833668501678e+00 4.462014833972127725e-01
5.189046794539686758e-02 7.227159890873507964e-02
2.308030642299793711e-01 6.842435839345372139e-01
-2.420993020355579825e-02 8.273521491550267504e-02
1.449980130009390855e+00 7.939505748300582644e-01
1.627227144557727101e+00 7.440292038943813711e-03
-6.038188511124029795e-02 -1.652392840979591271e-02
1.932382154669142649e+00 5.338772601778112303e-01
2.996534967337032007e-02 1.262201991607460674e-02
1.833565003619476386e+00 -1.249377922839875477e-01
2.050527990689723357e+00 1.937707551280044016e-01
7.529905033491108846e-01 7.069723719191617350e-01
-3.614598225211821531e-02 2.376590619243190261e+00
3.220394726457419310e+00 7.444728066096593933e-02
1.340484920381323608e+00 4.973173139597951709e-01
-3.180486960304177053e-03 -3.177002170941599368e-02
8.780067388065618816e-01 3.491132846855350413e-01
5.102256530693860537e-01 1.190657828909551519e+00
-1.506873208140904925e-02 1.215291877758269523e+00
2.964782783566667357e-01 4.814743005442206347e-01
2.745411587330306435e+00 1.740938668148106216e-01
1.409494031146947268e+00 2.087008440426656897e+00
2.126135244245951572e+00 1.760007184311429204e-02
4.027043745605332625e-01 -8.178114189716654270e-01
2.221591639397059836e+00 -3.104860773389104267e-01
4.482007524604010862e-01 2.451040846814954044e+00
9.798896017667946268e-01 -3.117245785667328573e-01
6.672839095828979605e-01 -9.564084153133273203e-01
1.561744944525487844e+00 -2.494053264648081192e-01
5.016988707760048349e-01 1.556187694550241973e+00
2.009881125948010272e+00 -7.619615830149027713e-02
5.199836908170314409e-01 1.504542401700628806e+00
-5.179300968794035148e-02 3.196951600795872733e-02
5.946265748494647951e-01 1.241134267232809840e+00
-1.001953771885329303e+00 9.974948995254900863e-01
9.311411733630431398e-01 7.334629028515283755e-01
1.295076732650680684e+00 -5.530873914351875920e-01
4.244630926212167310e-01 2.113245458341666272e-01
3.405660508665885544e+00 8.702457228296386349e-01
3.858026949437538544e-01 1.054350829727931593e+00
-5.191803115218117382e-02 8.104226741613401730e-02
4.603572280531335187e-02 -5.278559405540042548e-02
-6.611963997264096171e-02 1.146879621521473824e+00
1.898675357142377118e+00 5.294228814128227878e-01
2.115298273967720188e+00 8.311942741906634957e-01
1.040990943342589237e+00 1.345942154048456185e+00
1.527119892532256135e-02 1.115299738148587405e+00
6.994595876572967663e-01 2.054010275852849787e+00
7.992928177787863575e-01 3.255494803319676222e-01
2.786248201839398031e-01 5.727087699662783971e-01
1.941545022845428292e+00 1.913452558342851328e-02
2.334233476140043617e+00 -1.033734540658725498e+00
5.091630136198300322e-02 9.219937960508026720e-01
7.114854682419933241e-01 -2.221073142607392012e-02
3.895993827087081751e+00 7.547617551512096901e-01
2.597569349483089152e+00 2.690724129463827885e-01
2.549845640797988811e+00 3.405799686362436240e-01
5.524277604902821937e-02 6.004753593919928134e-01
1.043552748804407848e+00 2.068671970611301703e+00
1.781804013637380057e+00 -3.193417190491442126e-01
1.661905080955784930e+00 -1.336632277802307367e-01
-3.484893130189766625e-02 1.311763537680972425e+00
-3.931925405355036346e-02 2.552668098274882169e+00
6.241665126585012047e-01 1.238059890374554106e+00
3.307882719392176152e-01 -1.088985670408595841e+00
7.995548433310780689e-01 1.915949480123691817e+00
1.155644791519812475e+00 1.697029915271296874e+00
1.304520780960827464e+00 -5.474172050396570732e-01
1.300377361344136506e+00 -7.257409706136237482e-01
1.835340897621694278e+00 7.806166301988844980e-01
-1.305994946445740608e-02 5.936776909071032060e-01
3.647922874863478854e-02 -1.898613589483854058e-01
7.859683485185766649e-01 1.734346008020458130e-01
-7.089238480128742248e-01 1.182303482072254441e+00
6.239933665577620525e-01 1.054179217828997484e+00
3.521451786478005386e-01 1.985212772213115651e+00
2.815647123679089425e+00 1.004860779882140065e+00
9.573835462338533553e-01 2.830336073089674720e+00
1.826002207136514954e+00 -7.827734819348662609e-02
2.811330083889084452e+00 3.318026243991486490e-01
1.477452832410407479e+00 3.557111270042068868e-02
1.429014194432537188e+00 4.120569970523305092e-01
5.812004360481886067e-01 1.363128305313034305e+00
-8.155046517957634800e-01 1.445578207454700781e+00
-1.151832145857434542e+00 1.389485295597554515e+00
2.724719632632540467e+00 1.692783696470552268e+00
3.053657535175203774e-01 -3.461954282636963143e-01
3.628458678462753717e+00 2.364376267557911415e+00
-7.763091432994827512e-01 1.260330153290443400e+00
-4.060915324682064925e-02 1.611240640017197245e+00
1.089923601562727162e+00 1.017120430615599425e+00
1.179650678290496690e-01 -7.618177617409699343e-02
2.420291187750217343e+00 6.426225926969780788e-01
-1.031241903941870763e-01 1.283091120380062122e+00
2.956249545115260252e-02 1.076321991876241640e-01
-1.018818676578688437e-01 6.779587671523711334e-01
1.790374437108063654e+00 -4.514437043898739121e-01
5.802660010906504073e-01 6.344982794342038934e-01
4.557730049523279203e-01 1.383216891407481608e+00
2.000853431346720779e+00 2.159393345205092185e+00
2.625009758839783380e+00 5.532034036423143508e-01
-2.709055107130123319e-02 -8.370381610444309339e-02
-2.313523464789038475e-02 1.462355294846629239e-01
2.886658705070415110e+00 1.354719304467153461e-02
1.406597944037395465e+00 -5.521991839975477490e-01
8.733873034333846652e-01 3.027718674313301661e-01
5.995758592547810739e-01 1.518359905255731723e+00
1.606563578628671385e+00 -1.778702723687570486e-01
7.596320379652692356e-01 -1.485020006016145366e+00
1.325161853352790686e+00 1.459401997017959751e-01
7.006636038162351587e-01 2.442091716884995101e-01
-1.266267801279663818e-01 1.489766399915454897e+00
2.356941038197926552e+00 2.004786821081954162e+00
2.222855574049147798e+00 3.331918015925556809e+00
1.267229304152483360e+00 1.001402305352424360e+00
9.150336982052380552e-01 2.020325615510482731e+00
5.691042341054122211e-01 1.654649513439569342e+00
3.470553723561306203e+00 2.386933706865887461e-01
-1.298465273723688473e-01 -2.039062655985539041e-01
-6.151715155540001811e-01 1.179190338346492117e+00
-5.398198577682652433e-01 2.566742431052385864e+00
-5.643772165038291218e-03 1.920027780314652377e+00
1.900612114867656910e+00 -5.345487004755359317e-01
2.417278522454714418e-01 4.178587754665263193e-02
3.657092641580683701e+00 4.048531998163539813e-01
5.942113779736287738e-01 -1.042175353122410525e-01
1.584441700899164474e+00 -4.217152139807004430e-01
2.560320237651878106e+00 -5.564065787583497534e-03
4.817972903141215513e-01 1.587807089948647832e+00
2.357696241974241769e+00 -3.474891271048108909e-01
-5.235257267098606393e-01 1.468486941529035139e+00
9.239592972980245067e-01 5.126357063134954206e-01
1.680409257958577429e+00 -9.489899160550074875e-01
1.125476067429052263e+00 3.101129751464145823e+00
2.550105700802934861e-01 -1.924680411240122513e-01
1.194346984247165455e+00 -1.021148236548488741e+00
1.315620921811921473e+00 -7.430470674676261655e-01
4.658301933502754788e-01 9.458685748369112245e-01
1.680248093268393583e-01 1.746841075901060192e+00
1.483567268775470405e+00 -1.539940618127786688e-02
1.784630700401819592e+00 2.315555604823744396e-01
1.202161244065795692e-01 7.625909581414802574e-01
-1.743561412247018605e-01 -2.801710443223918712e-01
2.046076438613342319e+00 -3.668677776112712063e-01
1.908707320926295692e+00 2.601248136007858758e-01
2.088611749489380220e-01 -1.684675951107906730e-02
1.927012387434465790e+00 2.593771969146051459e-01
-2.510204764192067728e-01 1.384748608303427053e+00
