4.011452557003247765e-01 1.485427593503408472e+00 2.432334826458888433e-01
1.188002296749666870e-01 1.695831424745564142e+00 1.831782673736607636e+00
1.269974001433095134e+00 5.828730601720129023e-01 1.146590961034258616e+00
7.798341466482258504e-03 2.793130695414106412e+00 9.417767458721167939e-01
1.871193255702334302e+00 2.642820205046927072e-03 1.464738129709692416e+00
2.248480879580016037e-02 1.526615786824516395e-03 4.196168516252851144e-01
1.530914753260139705e-01 1.029767993949515015e+00 7.143803269594078964e-02
1.259848213225130478e-02 2.459010266279108847e-01 7.311351867439876660e-03
1.276384578492956515e-02 8.182983582059180083e-01 3.395276325601893908e-02
2.215303578203521029e-01 7.201073408613777906e-03 9.761947056752603435e-01
1.888408039927033988e+00 1.899294000851146080e-01 9.404315252734696262e-01
1.952574388248508708e+00 1.215961975041652751e-02 6.394457561929284273e-01
3.663233651550008504e-04 2.240448718401464312e+00 1.641049972066959128e+00
1.792386211814521069e+00 6.623605899171032263e-01 2.728523030187999729e-02
1.248793540729292162e-01 8.261646955962862471e-01 1.319044806787809769e-02
1.600803122671464962e+00 1.174668334528883307e-02 1.034643124924582214e+00
4.171505022693578618e-02 3.669731144024149239e-02 3.539913506036316583e-03
2.563193364944321359e-02 2.537809796786160699e-01 -0.000000000000000000e+00
1.069601597117319537e-02 1.210359892504234147e-02 3.429948492388075754e-01
1.866634951022136044e-02 9.490115257672906979e-02 1.363216750596224935e+00
1.847660963235454146e+00 1.222908087669635907e-01 1.515047271377054861e+00
-0.000000000000000000e+00 1.153189792555117332e+00 7.650179148633884938e-04
5.264193959036342005e-03 2.451028623747363855e-01 1.090774598863472611e-02
5.312406763413266009e-02 1.977485367374330671e+00 1.854657931258286638e-02
1.526244707806006407e+00 8.399169955100881380e-01 7.506704176135191586e-01
1.808188221349567693e+00 3.884933589205756821e-01 6.253468751108313128e-01
2.163222399522890527e-01 1.433731672439987337e+00 1.362272270012535147e+00
1.655830332297893170e-01 1.407244910947552663e+00 5.436828891072285064e-01
1.933116210417451519e+00 4.370605159723238708e-01 1.684754752362320529e+00
8.036404192359715426e-02 1.747952099529299197e+00 1.052058691227729659e+00
1.381176418788814253e+00 4.166716965273756790e-01 1.074097952757888219e+00
2.538011963523276737e-01 1.259792155906957589e+00 1.590169368513225212e+00
1.221736214322633324e-01 3.093488314213640490e-03 1.039784968602591730e+00
8.177154934248224852e-04 2.093611144640468436e-01 3.235692026335174609e-01
1.853102137648345638e+00 -0.000000000000000000e+00 7.744853419893066304e-01
4.721263717554951556e-01 1.239980070587819894e+00 2.047566213113904521e+00
9.584961835164562682e-02 5.721324500455087225e-01 3.470348991758805957e-01
1.566692919478479828e-01 2.276595319095765443e-02 9.162433729496263224e-01
1.153589071699111408e-02 2.509992836451793607e+00 1.669795952151117702e-01
3.079621797659539140e-01 1.242646452266868540e+00 9.443060833676991672e-01
-0.000000000000000000e+00 2.487342677294814397e+00 2.145170655826155404e+00
2.928268009914936076e-01 7.933785671211011081e-01 4.658652950409343241e-01
1.919084193150741635e+00 -0.000000000000000000e+00 3.611236858394673566e-01
1.870159227586343453e+00 5.549740738432707987e-01 3.901955859210277499e-03
7.486030260298379146e-02 1.568069935477418575e+00 5.617686333047339914e-03
4.197978961087580826e-03 2.528081889576393682e+00 2.048769407537581966e+00
8.464530328167960138e-02 1.248423322682251646e+00 2.653934153175890095e-03
4.427094128728271127e-01 1.294632142297360566e+00 4.742957860640172885e-01
2.514542919264881604e-01 8.599363875354112605e-03 4.724654270917975074e-01
4.238341256614812091e-01 8.948268480173117156e-01 5.263831743318447831e-01
4.842303446249496268e-01 1.449519985833394031e+00 3.637709369746065183e-03
1.982563344958166107e+00 1.947159909397168653e-01 1.182994359262067897e-02
3.385460224078384872e-02 -0.000000000000000000e+00 3.716841701527094366e-01
-0.000000000000000000e+00 5.688720954844266042e-02 1.013020832228595652e-01
3.685290644881880455e-03 3.682077470811793707e-01 4.668257104396511536e-01
1.625930702078823398e+00 1.263648840414311192e-01 2.751474585242387749e-01
5.276442994433024752e-03 1.584628604659557294e-01 4.275389145193404516e-01
8.188971824591756432e-02 1.273742608574191859e+00 -0.000000000000000000e+00
1.680289155657724631e+00 4.879446304293275083e-01 4.381398571358491659e-03
1.054810677308041789e-01 -0.000000000000000000e+00 3.543046248711437252e-01
1.949291265571323706e+00 5.685766169327600636e-03 5.969519839464716010e-03
1.854638047555418945e+00 1.379368926846587717e-03 8.465474718605884297e-01
1.760728196581532456e+00 4.130657197862658801e-03 1.434298996675069660e+00
2.713972074871217055e-01 1.047721362941296919e+00 4.203165700884519285e-04
1.890378120466054343e-02 2.367720328595505352e-01 2.525396923820584765e-03
3.414215190320881582e-02 2.472694254577421230e-02 3.015756899298872584e-01
1.872262367349855072e+00 3.358514905435009898e-03 6.937287728254682984e-01
1.637804484787985793e-01 5.558591095946406949e-03 1.590955157992015312e-01
9.314458030434481506e-01 7.621464942682898425e-01 5.277333619584078095e-01
1.360457054408993116e+00 1.106731790360207190e+00 6.691969454996619104e-01
1.991271602761285949e-03 2.925169372238107246e-01 4.188002104509949870e-03
1.446684255288254395e+00 2.411500251152537584e-03 1.145565078437165152e+00
3.666438016833124813e-02 4.053860273208160364e-03 4.939632991678507001e-01
3.212963892605395499e-01 6.327096469787100164e-01 8.458758420306409231e-01
1.562490286816194063e+00 4.620644691968334161e-01 1.087929593016336155e-01
3.459026895316997651e-03 3.336094704505549458e-01 9.932706376100153278e-01
2.381869347336527942e-02 1.615095612948128654e-03 3.962528888343292040e-04
5.591084243000586651e-02 1.866490988295323339e+00 9.942797665906635135e-03
1.169531006860348610e+00 4.163205214129720999e-01 1.228988682468616256e+00
1.643306964984379559e-01 1.034282494872352132e+00 2.036902755356566064e-01
1.576487162721704971e+00 4.478802830945705638e-01 1.352783576029040313e+00
