-2.198021805230203074e-01
-5.736118427341269088e-01
-2.119898265415885025e-02
-8.616009469756037431e-01
4.108105024982452447e-01
1.580960640256277860e-01
-1.130835828416443395e-01
3.235656046199546915e-02
-1.271209328273379402e-01
1.238370812182338909e-01
2.633577946636966871e-01
3.586664708349570074e-01
-7.553236052012853863e-01
2.421976495929296092e-01
-5.536178398800666034e-02
4.085577134980865055e-01
1.772655693657339548e-01
7.939238417231252176e-02
9.918323053759522945e-02
-7.237003275279281500e-02
3.540540617058033357e-01
-1.788490853478849618e-01
1.329916211558861971e-01
-4.561530234427313979e-01
5.187049676583069084e-03
2.510618178480152340e-01
-4.385818592356379719e-01
-3.550262224866277405e-01
2.286578989820981511e-01
-5.107779905518586849e-01
1.395273925451034625e-01
-4.078464282260396145e-01
1.514080937762659063e-01
4.959619804597062420e-02
4.441652210451719762e-01
-3.403955439389306781e-01
-1.253980864061832456e-01
9.194824832198933429e-02
-6.878617759083943684e-01
-2.990465982785366350e-01
-8.412128215978958989e-01
-1.100743294566577657e-01
4.956498614998686714e-01
2.752498718695449154e-01
-3.301679548413090082e-01
-8.277932015607908367e-01
-2.315604903264791570e-01
-2.111433154726397587e-01
2.795174919656568391e-01
-8.842605403325501379e-02
-2.345401220907581130e-01
4.072438221216164167e-01
1.598226316012126835e-01
6.655348216964181163e-02
7.326300343590375769e-03
4.128562912950080044e-01
4.728546055214973010e-02
-2.582081310244441208e-01
2.939117928704152449e-01
2.286356481848690336e-01
6.275159725321105553e-01
4.355763917216224357e-01
3.679410645132836222e-01
-1.686587313413794587e-01
1.643045243331263117e-01
1.836215868721191580e-01
4.611437555754754891e-01
2.257983490159076734e-01
5.630682447076379438e-02
-6.589168252189724073e-02
2.513942826071880951e-02
4.274252076588598848e-01
2.384690223651152186e-01
1.278543298555755159e-02
2.183788009575350908e-01
-1.248657141020185907e-01
1.507777697959928886e-01
-4.742132083043092416e-01
1.034690955203209084e-01
-1.599021626030849852e-01
1.418486306611951298e-01
