-3.242580304463219543e-01
-8.526221660439678995e-01
-3.544124001064275897e-03
-1.327891884742309569e+00
5.971416809692181582e-01
2.378589289369483217e-01
-1.609628359313413082e-01
6.763681006055073663e-02
-1.797508728466070127e-01
1.896011645594187778e-01
3.870947512604483443e-01
5.352934444452422946e-01
-1.173984178526137789e+00
3.603175354168309252e-01
-6.437249173009366998e-02
6.146053755565678012e-01
2.480358578771623412e-01
1.186246228933601626e-01
1.586464491623863771e-01
-7.817462731464959458e-02
5.167931353227540603e-01
-2.502699874860522256e-01
1.944432389427263042e-01
-6.789560859498282586e-01
2.303703184139040128e-02
3.817218174562986288e-01
-6.207514063504928625e-01
-5.167139625972039241e-01
3.430528344319836442e-01
-7.668389726270803397e-01
2.211523689731512143e-01
-5.826515019435329901e-01
2.396427489094459795e-01
7.366051282183271043e-02
6.660365771564976667e-01
-5.029095942149763854e-01
-1.562909590408275151e-01
1.549592070758326612e-01
-1.042388122524904759e+00
-4.363057716993834489e-01
-1.298994806315149297e+00
-1.361926335383192299e-01
7.548903109625745289e-01
4.137199265275075533e-01
-4.740337223154039159e-01
-1.286369448471692101e+00
-3.003181944162578998e-01
-2.974462255456755688e-01
4.270963008503934066e-01
-1.045239374386702780e-01
-3.310779499479099552e-01
6.003027708800374729e-01
2.573125826200380328e-01
1.212491054847975730e-01
8.619360025943390729e-05
5.999095439814443598e-01
7.511650603827436934e-02
-3.773925935106265395e-01
4.395324080962333957e-01
3.437415922925481371e-01
9.455238723507330967e-01
6.416424545095095189e-01
5.422950189036801483e-01
-2.319849504197371570e-01
2.459026283751236941e-01
2.742161892235282505e-01
6.983212112628778279e-01
3.408603964194903413e-01
7.907554582573718405e-02
-6.930692716862622837e-02
5.943032004277085806e-02
6.325763342856163263e-01
3.391484985187539491e-01
1.367079605357532195e-02
3.419763632196051173e-01
-1.626014759666983556e-01
2.123999539513013735e-01
-6.937104980979924562e-01
1.724701703576012324e-01
-2.205706840796607948e-01
2.107245626119252369e-01
