-3.114023921111001569e-01
-8.142456656146108696e-01
-6.887626505982178023e-03
-1.257673692360700812e+00
5.710347651137656078e-01
2.263750428239389156e-01
-1.557272978728265200e-01
6.190584977391354327e-02
-1.739233571135563872e-01
1.799476438283015567e-01
3.696356737542330628e-01
5.104777369663596742e-01
-1.112843449951662844e+00
3.436681625806350948e-01
-6.433408664412151867e-02
5.859838685879523723e-01
2.376583826191788484e-01
1.124390865944737694e-01
1.497942376305092249e-01
-7.850674406352692314e-02
4.940470542997428827e-01
-2.416847407818448201e-01
1.852080310000534524e-01
-6.491353771790524529e-01
1.962113998479665319e-02
3.633856768518295977e-01
-5.968693881960148717e-01
-4.954939713046209171e-01
3.269390851945813137e-01
-7.320331508938887621e-01
2.092592472678545534e-01
-5.595816843842430499e-01
2.269285469047959136e-01
6.950162603410216244e-02
6.351505928842341442e-01
-4.818797515207753901e-01
-1.531578784956294237e-01
1.455706492699795629e-01
-9.917981748911430806e-01
-4.188617818677679572e-01
-1.230153664620869947e+00
-1.337372130873191733e-01
7.184532483816594706e-01
3.942507332967089551e-01
-4.554769019542860842e-01
-1.217834812135241584e+00
-2.921765217986818097e-01
-2.868383626199163539e-01
4.065053896336984218e-01
-1.034717484315409164e-01
-3.190562090270385731e-01
5.731972721950621130e-01
2.433614962393346737e-01
1.129837592266690754e-01
6.206803194738911352e-05
5.735892717347207403e-01
7.043485415879056910e-02
-3.622956939767139062e-01
4.190557894344180134e-01
3.275313182722633942e-01
8.999508424174957888e-01
6.128243691892752976e-01
5.176499973745353200e-01
-2.245362833732370278e-01
2.341451737146942602e-01
2.611972406261837687e-01
6.650328258171540607e-01
3.246083269229865786e-01
7.492152075702115943e-02
-6.990169453956023016e-02
5.386188704516112896e-02
6.038176683025443525e-01
3.246103040414225482e-01
1.256059683833597208e-02
3.245271923558730731e-01
-1.585009572955939083e-01
2.031912806469656774e-01
-6.641359929616656999e-01
1.624466264372595725e-01
-2.134674606107622163e-01
2.006785981583771861e-01
