3.587083708167036367e+00
2.465784236260855522e+00
1.228931009083157888e-01
8.837980106245266754e-01
-2.869850742510491881e-01
3.992860645538721442e+00
6.359708835199605614e-01
-4.057853062025755242e-01
2.080037582469862922e+00
-2.961987125030490220e-01
4.819678785484168948e+00
3.368458493321330877e-02
1.974940324951952042e-01
-6.618648445995267693e-02
3.763582207060288898e+00
4.434338586541570315e+00
-1.702342845407657235e-01
6.072846184498340349e+00
-1.610913290371198282e-03
6.873013133342067427e+00
4.431777411636387498e+00
1.436539652740003170e+00
-1.719555244018912354e+00
7.176039017179788537e+00
3.813083042119717714e+00
-7.067871125550995691e-03
2.239886455511824526e+00
6.296317611875201781e-01
-8.074423024053031250e-01
5.541194514009435412e-01
7.205975871140973155e+00
1.960177567259484555e+00
5.664085739078749349e+00
1.708307376557125945e+00
5.473797142830231444e+00
-6.736017352551717519e-01
3.311072838054596179e+00
3.237054215882632757e+00
3.737886932091783798e+00
1.790844560813575209e-02
6.733388122900809236e+00
4.502935862515045073e-01
-4.427786858381064367e-02
1.023248475123139878e+00
-3.917632365317337495e+00
1.524057249523185220e+00
4.844833742897660223e+00
7.703224598361098074e-01
7.261696253137316148e+00
3.570022970963938613e-01
-1.804466644897914918e-01
7.429408476930803029e-02
-5.718729972944031070e-01
4.237939925703456012e+00
6.691721872748929378e+00
2.551389920275321632e+00
-1.733131926648393550e-01
1.600331028784585108e-01
2.070590075341014025e+00
2.491720895107830125e-01
6.900469334823165823e+00
5.545130624609290848e+00
-6.063023916424503668e-01
1.834946957683878832e+00
7.381955373977430845e+00
7.148817471057768991e+00
7.078290849293240150e+00
-3.288063671815536493e-01
5.569704518228009160e-01
4.992265831773609719e+00
4.115557181781749563e+00
-5.646062023994325996e-01
-1.042550373060659119e+00
6.573609405021302310e-01
2.035600191835489348e+00
1.373969299619056672e+00
1.293315733706418280e+00
3.684377305785810464e+00
3.650839314932155411e+00
5.674192815479289109e+00
-4.015206583154877773e-01
2.732522290826557287e-01
1.907456111038364321e+00
-3.987815299838878946e+00
6.104018450400792162e-01
-5.154247716327881035e-01
6.237810443933458515e+00
1.110356202560835726e-01
4.303100708990503342e+00
6.442680733133103743e+00
3.956360271432247444e+00
3.655695804018012307e+00
1.170648628799504376e+00
-3.037978054702182629e+00
-4.252624636882631926e+00
6.699914216710593173e+00
7.674434999023669324e-01
6.954509191542761926e+00
-4.490872885087469513e+00
-1.013162591154434633e+00
1.216214662279868408e+00
3.052226304330692974e-01
7.066413546685685887e+00
-9.915096422384647168e-01
3.456903930385474971e-02
-7.208396448220839581e-01
6.426707609231761431e+00
8.913455350199068761e-01
7.032248501841307231e-01
2.454837096562921595e+00
5.573935627732734766e+00
2.407283229276838479e-02
-1.188540009178171430e-01
6.774514912477073381e+00
6.534820349019126340e+00
1.861562061148971159e+00
5.682869912219656872e-02
5.543745443565391895e+00
3.058088480692303435e+00
3.590847028884599723e+00
1.382050323156661431e+00
-8.763915673210876944e-01
5.519386917203322973e+00
1.733025777611723939e+00
2.863089952393371718e+00
7.008185351038227484e-01
5.410912429083791775e-01
7.036010004423294717e+00
-1.527979446575321032e-01
-3.476309299410735854e+00
-2.519749506902382308e+00
-1.166570999907539763e+00
5.042773972342929234e+00
5.396654605273971672e-01
7.337162419828225701e+00
1.529532781525315466e+00
3.973649573338426944e+00
7.171401292504692826e+00
3.990640417143844765e-01
5.015705971681173381e+00
-2.680653852900178435e+00
1.929170844379235250e+00
5.310470842769553279e+00
2.705908005127810600e-01
6.322009297209806311e-01
3.601315590420723911e+00
6.408186507798524723e+00
-9.011351747380536015e-02
-7.166457055202877235e-01
3.594533134713542744e+00
6.509635974915745749e+00
-1.600057607867904075e-01
-1.401030830993549303e-01
6.954065384920813386e+00
4.479831632660220997e+00
6.096328308220696490e-01
4.484474925628446407e+00
-1.637812582764519576e+00
