2.685908213627522301e+00
1.490450511814015222e+00
3.851016199767123144e-02
8.173592754252885229e-01
2.187919131690990449e-01
3.195263165697425300e+00
7.093363404310768505e-01
-2.717038147196161879e-01
1.208041375503958070e+00
8.792072232194103609e-02
4.342539062796551441e+00
2.918201264023327288e-02
1.946689005112416382e-01
-7.475532074964952312e-02
2.779260987759572643e+00
2.942763695658449752e+00
-1.073081427222199596e-01
3.076574986129237299e+00
3.550364850624246338e-02
3.532911660919618502e+00
4.816730566274237901e+00
9.517466830608449779e-01
-5.308425539624782585e-01
7.263873608610985855e+00
2.691429096631380080e+00
-4.348120149555147890e-02
1.413253367927150617e+00
6.935617942639662470e-01
-6.621723901822783309e-02
3.827023794052119010e-01
5.579341965735649111e+00
1.617651712112474938e+00
4.278201260863554012e+00
6.273771313915195158e-01
5.290046577367713887e+00
-1.049879256289839441e-01
1.764722461124855757e+00
1.051984903462766852e+00
2.969729802406490204e+00
3.650691788474627053e-01
3.194534757605095088e+00
6.889978110157295443e-01
-3.671171456884940454e-02
8.820183077778471770e-01
-1.746723003245174155e+00
1.115358839264329438e+00
1.870470096610861832e+00
4.777295805407252849e-01
7.388555609206023611e+00
3.209622273992199237e-01
-7.634911275033075262e-02
5.482448441531440758e-02
-8.796415528432306730e-02
4.649865612439799456e+00
3.112977570663248539e+00
2.328279664478194455e+00
-1.645088193229804832e-02
3.145273364283188156e-01
1.267114687023555231e+00
3.798925052371812661e-01
3.675314920534514584e+00
4.613690297990454603e+00
-8.991630498025131313e-02
1.088124806046129489e+00
7.588005350322383435e+00
4.582651495314851608e+00
4.843286683754751465e+00
-6.593440317760838887e-02
5.476966095030036952e-01
3.224597944468860167e+00
4.281438615459406627e+00
-3.830695047883928700e-02
-2.942407320645565316e-01
4.880025896080799619e-01
6.595957967844715553e-01
1.361463723466449283e+00
1.234388480198584714e+00
2.621835992301906337e+00
2.608964860062141788e+00
2.496672700713143733e+00
-1.478191871453706230e-01
1.368023922219927524e-01
1.140242541629303608e+00
-1.043721736902781139e+00
7.940309398403662122e-01
-4.041311613337633842e-03
4.580579714097059885e+00
3.099449839592459122e-01
4.462883306146878226e+00
6.196095189723775931e+00
3.277054741629248813e+00
3.369093605804303060e+00
1.001322519514035836e+00
-1.798948690955143093e+00
-3.070803576162917992e+00
3.136117984536562098e+00
5.616485442054778288e-01
3.987199859424516823e+00
-1.046084842548679728e+00
-2.210553479318765058e-01
1.050866996380187546e+00
1.788592497185503838e-01
5.656100624205540939e+00
-6.371841615078993604e-01
6.435340223118904412e-02
-3.864487075749055700e-01
2.841773298800796432e+00
7.464826143717934182e-01
6.119494871253043922e-01
1.439147555435918768e+00
5.528355146625322014e+00
2.943597131253661986e-02
-5.916923204448670121e-02
6.392246250340949842e+00
2.129517899757007449e+00
1.309924914945181484e+00
3.426436205119320899e-01
2.575602188820865557e+00
1.380792962944741520e+00
2.842617341673455478e+00
9.478998778601526176e-01
-3.124407646646247816e-01
2.103541165307347249e+00
1.181793327795325421e+00
2.347252470494157972e+00
6.626174331349609092e-01
8.805955097685571609e-01
7.232586753138262381e+00
-9.348574630739768521e-02
-9.812228448433379935e-01
-7.843602308869249695e-01
-1.776487766467290952e-01
3.545133467279645068e+00
2.375693096808862426e-01
7.432689469478948041e+00
8.066418868701615841e-01
3.561434539434543023e+00
7.103638946168653767e+00
1.053690222964090539e+00
4.732243643154661505e+00
-8.237794138563768742e-01
1.395142551650697893e+00
2.223092968773861422e+00
4.312677362343182996e-01
4.151984867919599753e-01
2.028209972602035283e+00
1.954903139513253230e+00
-1.449723980433097539e-02
-1.730809099620271851e-01
2.883841889358696342e+00
2.870803914977278382e+00
2.350215130897940000e-02
-3.301615170067572214e-01
3.338006882424677357e+00
4.737846176310112511e+00
3.104375574037609997e-01
4.832479844915380518e+00
-5.769443505607873002e-01
