-7.753213581524585063e-01
-1.267256684246736098e+00
1.905275418857640846e+00
-3.607660586707061690e+00
4.079801324814566144e+00
3.482703617762775705e-01
-7.568009676256421958e-01
-3.358420607408298397e-01
-1.030953927997321218e+00
7.276108913547795209e-01
3.569035055755839458e+00
3.929800286335069615e+00
-2.332135716273891823e+00
2.737003776917364295e+00
-5.870891272788970605e-01
3.567932311341861507e+00
-1.603773549551382530e-02
-3.006659772174519740e-01
1.989420596644093375e-01
2.172613320420791472e-01
3.600439703569755956e+00
-1.164290906423996796e+00
-7.733975038395066171e-02
-2.074576537815939759e+00
1.995758991275447647e+00
3.082041983818528674e+00
-8.939390474348879456e-01
-1.095474514952659462e+00
3.672914276321865845e+00
-1.400798095916904407e+00
2.377515921517693531e+00
-6.131677328010798345e-01
8.627699314720871371e-01
-2.617147565445014368e-01
3.791070718914249849e+00
-2.831248997792848443e-01
-2.840125875954783163e-01
6.945449567356876130e-01
-2.774896676670608020e+00
-5.502914773723521780e-01
-3.047533560589972268e+00
-1.074748050715543246e-01
4.154205913659991367e+00
3.076958325840510877e+00
-1.470820268336513026e+00
-2.841037145826198707e+00
-1.056810003080114635e+00
-3.638068354053947129e-01
9.763757335453903119e-01
-1.341529583998674613e-01
-6.372345349250038149e-01
3.664328992933241214e+00
5.255172511140374647e-01
3.715751419822534846e-02
-3.189225750070962540e-01
3.234482796355506284e+00
-4.788742145283027968e-02
-1.170895457412127971e+00
2.664699661954173848e+00
6.038152299482426599e-01
4.064835981240522145e+00
4.072344793461746271e+00
3.705796861654627072e+00
-6.329901859894104810e-01
-1.443380518506421073e-01
4.097913451225583814e-01
3.930102047573367674e+00
6.633538467806110450e-01
1.046366196879497057e+00
1.230914524362666462e+00
-4.124079427645141460e-01
3.634965219566145045e+00
7.022067201106924061e-01
1.997523640512054721e-01
2.548952785324285486e+00
-5.854245820815751067e-01
7.693402921276079609e-02
-1.843781589508686203e+00
1.887745034314693537e+00
-7.545159772165029866e-01
2.711440440353310333e+00
