4.264737032726865773e-01
1.465166169166650378e-01
2.514858648784606743e+00
-1.124388797612498214e+00
4.284402756634540843e+00
1.283403079865905294e+00
4.497767520811705722e-01
7.649560298969954042e-01
2.233229521789750482e-01
1.655906628874998843e+00
3.877087485036248449e+00
4.178694977053234005e+00
-4.412798361620228760e-01
3.101571630461829265e+00
5.554838639046144610e-01
3.840150737639500544e+00
1.005115321605857703e+00
7.563093212939583365e-01
1.183374371145812454e+00
1.260156417896248771e+00
3.988392083246082187e+00
8.200847019377026370e-02
9.400401083186706863e-01
-4.229090247738282460e-01
2.548922950264478349e+00
3.495078068006178817e+00
4.093597406473027944e-01
2.066833849559450431e-01
3.894274820463890396e+00
2.754590877110950353e-02
2.834455108654480693e+00
6.428196221561496282e-01
1.706563934060513654e+00
8.049157167497508203e-01
4.070082673194741929e+00
9.386332513753344875e-01
8.006630004804792256e-01
1.609601384799298707e+00
-7.770111576950414767e-01
6.600623172056429011e-01
-7.797434403289364990e-01
9.508398961995997434e-01
4.342004064145164044e+00
3.379999035028926624e+00
-1.430108089696298379e-01
-6.971125413484104971e-01
2.049004693932198196e-01
7.647918812798385479e-01
1.816687099956909801e+00
9.628801061184447674e-01
5.267852106779540300e-01
3.904791708689355989e+00
1.428441403471438775e+00
1.046746921604569946e+00
7.735216144130375726e-01
3.520584175607121225e+00
1.003974259464131880e+00
1.352038900266535892e-01
3.093661222790287990e+00
1.502515531870315613e+00
4.170012616208546241e+00
4.310580987447288237e+00
4.002748404733917909e+00
5.256756461742860820e-01
9.076107399245647578e-01
1.321943803595043709e+00
4.209546525389797011e+00
1.567568087004475030e+00
1.904826267884621949e+00
2.016803453202541618e+00
6.704114508593644883e-01
3.841422790151125977e+00
1.565203105420653218e+00
1.232048010764247303e+00
3.017837165052684067e+00
5.701070938765540053e-01
1.077047731253581775e+00
-3.240519925605094276e-01
2.581770015791443385e+00
4.704881708969700371e-01
3.218029937836414778e+00
