2.981180125451037721e+00
1.656707428534567539e+00
5.289478700303671538e-02
7.909017951095708154e-01
1.182966408451666673e-01
3.787531679190534017e+00
6.911687741318059963e-01
-3.075941329203245034e-01
1.406566011596305010e+00
-7.013935958845879219e-03
4.798889789039061604e+00
2.955002439705658318e-02
1.817648864645985962e-01
-7.237757049309444246e-02
3.154691698679068956e+00
3.772551703609604346e+00
-1.178693582672170753e-01
3.916013612424796175e+00
4.133137874707040749e-02
5.758210373318060071e+00
4.749745079294421579e+00
1.003880047055774494e+00
-7.695993929714454174e-01
7.354891612439378612e+00
3.272446913483200603e+00
-3.943475201361035937e-02
1.606748170871003412e+00
6.950800549636720893e-01
-2.056056344044485673e-01
4.158432276395445104e-01
6.792802558490372178e+00
1.680383983281234173e+00
5.304689996144380970e+00
7.698350783078529158e-01
5.500195911770541457e+00
-2.227576282264274177e-01
2.274455852712854664e+00
1.254561168995253162e+00
3.245784756038650354e+00
2.583955858685488272e-01
3.911475658258140253e+00
6.915595232445246321e-01
-3.203114307530239430e-02
8.965086958537713535e-01
-2.298873473031215031e+00
1.176290774558438335e+00
2.308891611341388206e+00
5.136742228838221402e-01
7.445392766759180603e+00
3.315117678907449905e-01
-9.557067292576472417e-02
5.456713136561982397e-02
-1.648861952320918312e-01
4.560959734471703442e+00
3.937626452556541423e+00
2.406500350349742856e+00
-2.065782562014310819e-02
2.880498188431870887e-01
1.405950625639759588e+00
3.735877694384004410e-01
5.410460356998633813e+00
5.267917060697414833e+00
-1.775226344559447111e-01
1.219062155935866976e+00
7.607514169223796863e+00
6.389811418475891180e+00
6.369522337358872299e+00
-1.195762489524769545e-01
5.493793465840917101e-01
4.199793360310371426e+00
4.329137986807913840e+00
-1.698396305889875446e-01
-4.252068006832663838e-01
5.272857393810285176e-01
8.362149450845447474e-01
1.372050323217286039e+00
1.231156816750148542e+00
2.956756589748865238e+00
3.052161517119256207e+00
2.995499397883898851e+00
-1.997603712352890304e-01
1.553723722414322717e-01
1.246810035611649603e+00
-1.284742730033251679e+00
7.936864414896039888e-01
-1.115411353020328983e-01
5.684711902283276608e+00
2.554076673056828728e-01
4.472031204508821745e+00
6.468063026597937082e+00
3.708798489533906118e+00
3.651552484634204898e+00
1.056013309902927189e+00
-2.120619010291413531e+00
-3.741356814694021260e+00
4.095965388806810381e+00
6.278153677378919273e-01
5.924143384778366439e+00
-1.327361930403450074e+00
-3.733457088034211613e-01
1.079175908395747063e+00
1.954430146905849486e-01
6.808072393479585038e+00
-6.928732060809517090e-01
5.934349024661025873e-02
-4.540978398040801389e-01
4.247791054693658808e+00
7.640567893444593084e-01
6.071842755680924020e-01
1.595659776179970235e+00
5.703520212891151964e+00
2.659564378292680192e-02
-6.978736077321895381e-02
6.757409589751683043e+00
3.053254735308852386e+00
1.429997861153915695e+00
2.805322229256387856e-01
3.160987069781638681e+00
1.631789390409551066e+00
3.183556315136621517e+00
1.044753191841038431e+00
-4.232207567604740484e-01
2.434681636310362052e+00
1.260766286866159547e+00
2.455738202094574607e+00
6.645663289364510673e-01
8.246451596482430313e-01
7.243201072849574373e+00
-1.020209266203507409e-01
-1.201613752608258867e+00
-1.046638466507404663e+00
-3.498900638568363530e-01
4.569794145308900823e+00
3.042302257868115256e-01
7.532912826533022077e+00
9.510570772118623895e-01
3.773538512341742646e+00
7.272998732545006284e+00
9.490875874917032995e-01
4.967499474914956359e+00
-1.013874168668626785e+00
1.467171564860319632e+00
3.277574038743575446e+00
3.877214315514017073e-01
4.315933139916346972e-01
2.624859782778238060e+00
2.636035406874283282e+00
-1.323121125504723126e-02
-2.753663082464904432e-01
3.086656936816214891e+00
3.741565798875277515e+00
-1.833701620753713443e-02
-2.698126579570997441e-01
4.744499549515146519e+00
4.731314188899569118e+00
3.653296767181861138e-01
4.770898455660541160e+00
-7.647428245000292835e-01
