1.892577275506335033e+00
1.951753354401873031e+00
3.014738484370051541e+00
1.386527725007306922e+00
4.002400346706730616e+00
2.332871239500575733e+00
1.919907719976390315e+00
2.005562726207428259e+00
1.780825988393885284e+00
2.582727247027829520e+00
3.748299562331972368e+00
3.882247025710252597e+00
1.741050415743055302e+00
3.117473141898192690e+00
1.950262317389622080e+00
3.729687132952137940e+00
2.164174946662897892e+00
2.022570586239336166e+00
2.256053586460010862e+00
2.436521913963181518e+00
3.941955326143480765e+00
1.671227399522779100e+00
2.070665288543746652e+00
1.550471597701173598e+00
3.005918240588336676e+00
3.552872910117379490e+00
2.028649795285752511e+00
1.799236738017307768e+00
3.771464981963749352e+00
1.829477001553967863e+00
3.193433229810946017e+00
2.163345210577052757e+00
2.581630741934927809e+00
2.062130503305832363e+00
3.820718347432395134e+00
2.368614417045007858e+00
2.069887484680718703e+00
2.547266770956724713e+00
1.408170888175711344e+00
2.101916702177918150e+00
1.682223126191837670e+00
2.163578697810424778e+00
3.822783336040905144e+00
3.231942068101701704e+00
1.590754735102030359e+00
1.670511151039784981e+00
1.773698980579715423e+00
2.082939459653461167e+00
2.601716235679790490e+00
2.225837165995461664e+00
1.914672670573706714e+00
3.489710280334728854e+00
2.402202375444925764e+00
2.165687521941752625e+00
2.063032724454626265e+00
3.431891838663546856e+00
2.205912760314706400e+00
1.742956074683565948e+00
3.205037301621645351e+00
2.404496950846595649e+00
3.582619029819632761e+00
3.969021060953294988e+00
3.924618746922573287e+00
1.869883326962068937e+00
2.068872363211086807e+00
2.281994449423682791e+00
3.893208493207568122e+00
2.418681368862418246e+00
2.702257657246097455e+00
2.738555634142315842e+00
1.944912890251850435e+00
3.687759118705348449e+00
2.456015084586176567e+00
2.371892902237969558e+00
3.136384215143470655e+00
2.041795023062729975e+00
2.156832890285581783e+00
1.542468592536557770e+00
3.138751565543016486e+00
1.959343241699135874e+00
3.471632183706193420e+00
