3.644917868085862378e-01 4.189934435346475694e-01 2.909624680795470097e-01 4.196661132140148687e-01 4.929842120869944999e-01 1.191699533785956083e-01 8.013473123387246377e-02 4.037247578247100677e-01 -0.000000000000000000e+00 6.450783539326959692e-02
2.793476694315183417e-01 5.481111879072899651e-01 3.928953155427342137e-01 2.579337657658332672e-01 9.053347790640478565e-02 4.144843791113459464e-01 2.170597817980930433e-01 3.024553587523468035e-01 2.859721138350421188e-01 1.657090292633581555e-02
1.873075841692428412e-01 2.805564554606056471e-01 3.022879102045857302e-01 2.580886779517319041e-01 3.413384662367716649e-01 1.495518133512509402e-02 3.286195308143934346e-01 6.061059657129789224e-01 3.370543605365999840e-01 1.500656930328367333e-01
4.462659636411048930e-02 4.868380123376622737e-01 3.238757380344853831e-01 4.641657792535527211e-03 4.239625809674026358e-01 5.453459344915646545e-01 1.991150288021865111e-01 6.200405277870002507e-02 8.692348390620276144e-02 3.576125421854395303e-01
7.857848893661006917e-02 2.370652921238839139e-01 1.495955056180426901e-01 5.202351530386870732e-02 8.619032250078230151e-01 3.202083695487727977e-01 6.445381904577392185e-02 2.014066947345483360e-01 9.865854753860250903e-02 1.125929714373408719e-01
4.326216979865243895e-01 1.312960765055991297e-01 7.825119870371016750e-01 6.656947918174505041e-02 1.111111178876442313e-01 2.867725341555834584e-01 2.847882040120339742e-01 1.259438976848368044e-02 1.171719637773031755e-03 5.472496433076242534e-02
1.301071869592061898e-02 5.894956268707659541e-01 4.203970177748283521e-01 1.915182246100905483e-01 1.243649561285809224e-01 5.385975785498742230e-01 2.412327626948260195e-01 2.714015987186411127e-01 3.796215076734989202e-02 8.096405346857725796e-03
7.386466299422800308e-03 3.490570729188324783e-02 8.413363390720808577e-02 4.239597716420520079e-01 4.609541564339715292e-01 3.376503335767250258e-01 1.362570677333179159e-01 2.903899160255173362e-01 3.370615823718468573e-01 5.185724550562030855e-01
3.301323167590901053e-01 4.439333308432724112e-01 4.915553675704468217e-01 1.885812586776565714e-01 6.040820074835157039e-01 2.211198783145806313e-01 6.531090952095338145e-03 4.489026998491972564e-02 2.965496326745697617e-02 -0.000000000000000000e+00
1.122291892403387142e-01 8.720244630686045939e-01 1.177889966061919230e-01 1.027051807749284132e-02 2.328435472908534365e-01 2.210223541906946032e-01 3.397742786566509271e-02 2.898692831496293976e-02 3.255552815201859240e-03 3.285207890235777861e-01
4.578702581939772531e-01 3.489896573135372049e-01 2.549034672924934200e-02 4.502546597157070507e-01 2.119269811183978336e-01 3.054376240447118640e-01 1.040408296631987507e-02 2.950760310239760043e-01 1.854293692253384954e-03 4.896889772468946966e-01
1.130949286477445220e-01 1.762174230820258425e-01 3.536275888297702452e-01 4.779772943384772571e-02 1.670330367064669919e-01 3.751489432154733183e-01 3.823148652338322351e-01 5.268370994178398492e-01 4.446088432248896938e-01 1.969367626251948278e-01
5.590501993751757770e-02 4.558514126527190569e-01 1.189631947036142862e-01 2.829284638149074937e-01 3.491754322229910223e-01 2.974844647182367519e-01 4.437308015644251258e-01 4.733871744075811572e-01 1.222059143637872075e-01 2.202865069055618963e-01
4.429587909891492814e-02 2.509824268562149130e-01 3.535797360318311822e-01 1.456480257656889987e-01 7.448693363920597110e-02 2.321701439015202706e-01 5.659736197512748035e-01 5.177139478917921478e-01 2.930242205278881240e-01 2.348305270789352583e-01
3.787516173669382424e-01 4.702814737035209691e-01 5.379719463428182108e-02 6.233866947331559993e-01 1.987460455799300030e-01 3.874590516111085514e-01 1.213087758361069968e-01 1.511712529881462097e-01 1.098144613097622006e-02 1.287003194218938884e-01
4.927410934890923411e-01 1.575215713540797646e-01 1.702268944406307438e-01 1.639201255858413475e-01 1.044429928502596527e-01 4.108494638498997875e-01 3.657839414541427803e-01 5.084236293340722579e-01 3.231595886728723666e-01 1.076787067568201264e-02
2.149566678803057906e-01 9.358977553053250686e-02 1.614189514613909859e-01 9.520228880537089794e-03 3.801873056132398787e-01 1.181346946705079393e-01 2.925504515206556189e-01 5.913428693098662370e-01 4.801504896189605076e-01 3.075272838576537104e-01
2.416674362934256859e-01 1.417170439765464696e-01 2.391790846046146224e-01 2.539349474129652950e-01 7.307569899844108818e-02 6.465534421729342007e-01 2.830540347479074126e-01 3.000558480912525194e-01 2.688136616599684503e-01 3.661123366213364094e-01
1.286374260283356108e-01 1.618313954874852842e-02 3.381847667278282676e-01 6.464817769494102251e-02 1.636380275393815031e-01 3.043751498959251234e-01 3.349327093918839093e-01 4.163624748928429486e-01 5.969118250565104145e-01 3.215263630718267485e-01
2.480309445880260755e-01 6.702293027783796930e-02 3.019881083432973123e-01 3.703722235238803284e-01 3.534037333821964111e-02 4.975242131031441528e-01 2.314475520000528752e-01 2.780051670054200508e-01 1.576758166128805205e-01 5.487443720351969922e-01
6.261501282724319939e-01 1.013934286877070934e-01 2.782734270675253363e-01 2.030831063039879036e-01 2.919856302489298033e-02 6.464469509063812680e-01 6.527229373222163088e-03 2.025679059569338025e-02 3.992667232890845935e-02 2.412120298300257371e-01
3.093971212775765145e-01 4.201081854131952786e-01 4.461555938625388212e-03 2.101804968657711714e-01 2.574222048406148988e-01 9.725875529681453358e-03 7.243823445135526562e-01 1.995417625712996024e-01 7.006367328191151489e-02 2.185643808658131182e-01
3.108098455067972304e-02 6.466320038454290708e-01 1.832299966960902748e-02 -0.000000000000000000e+00 3.058203989302650250e-01 4.310922103817163564e-01 4.428637812655433076e-02 3.925753634000800352e-01 2.968466654161781015e-01 2.387551872246446993e-01
5.236840288252224695e-01 8.691603375512479968e-02 4.316939402729295105e-01 3.572276439299095219e-01 1.960516814834889210e-01 5.422309611117118733e-01 2.339099314582344380e-01 9.360560952326853201e-02 4.754873861606461263e-03 9.099583165446153976e-02
3.425734036568780505e-01 4.572863204801919657e-01 3.029700863969746472e-01 2.837834883305797584e-01 2.029811111151894887e-01 4.232070520026305627e-02 3.393982817234818539e-01 -0.000000000000000000e+00 2.853357481518014813e-02 5.849880431439403727e-01
5.787239689926836073e-02 1.365595292418209650e-01 2.975902225923304223e-01 1.770474744053916472e-01 3.896121612301505222e-01 1.664971091678688619e-01 4.178037905039371780e-01 4.971026723931388780e-01 3.793464641018627903e-01 3.361588824475345572e-01
2.143699449099882304e-01 1.799837589343799005e-01 4.584170439211456283e-01 1.983827145368509404e-01 3.235058186529068402e-01 3.446967790189034431e-01 1.683929727389605058e-01 3.462584983203090272e-01 2.377443697564523839e-01 4.938664548323176695e-01
1.791568537630994218e-02 5.421874521396718993e-01 -0.000000000000000000e+00 5.104466341936476637e-01 1.396504576355464544e-02 4.317677447787357514e-01 4.331410975459721868e-01 -0.000000000000000000e+00 2.033903902710917921e-01 1.719266105863617444e-01
8.266717757836120062e-02 4.579595494398194244e-01 8.954935879875947080e-02 4.211352808064210973e-01 3.194524556139622384e-01 5.582791959541461187e-03 2.210085658761949123e-01 3.642571160123883045e-01 3.240338595724264192e-01 4.576659945389884299e-01
1.423461111150147729e-01 3.494133762926231457e-01 1.764831984781824459e-01 1.226068899054455139e-02 2.211265755868495678e-02 1.043967229857230804e-02 8.502395158589901580e-01 2.954946860273318862e-02 2.092649471711538200e-01 2.412074902635084062e-01
5.060529345529486411e-01 1.400182798260001804e-01 2.604649012961133756e-02 3.068152074169550603e-01 1.686861412682168493e-01 6.151163043436091993e-01 3.191559036960222584e-01 2.008873885626289990e-01 1.840902338256176773e-01 2.157841225200028690e-01
2.673285828101631401e-01 5.330618617336646547e-01 4.106309033413201304e-01 8.128822355979296865e-02 2.213483502082955745e-01 5.449206113794398121e-01 1.577364477218773930e-01 1.186571273751459155e-01 2.117389985766282012e-01 1.985640882138193231e-01
5.530312728573992809e-01 1.807398322324934026e-01 1.725255440138315222e-01 4.711633942696219490e-01 3.441565414383769284e-01 2.968729426582692246e-02 3.566524455248010032e-03 1.570070516065041194e-02 7.948394663829848328e-02 5.327546587138142220e-01
1.919233840865798568e-01 1.064573991252962260e-01 2.305452299842615516e-01 1.255749323600439116e-01 2.938097864725606190e-01 1.418686588600847343e-01 4.597988479191550404e-01 7.285866794485680309e-01 5.516996367163422982e-02 1.765330229829362718e-01
2.654825344539774590e-01 2.790225017743375169e-02 2.609087853464056583e-01 2.676802720043581219e-01 3.300773675559134923e-01 5.903916478139835666e-01 2.986303464660406415e-01 1.492879492142329401e-02 2.248627092562745927e-02 4.915205128314974470e-01
6.645219283834565005e-02 7.998181858216316664e-01 1.920917688700054388e-02 2.105881746536951704e-01 3.671549151736910876e-01 1.803498636302041658e-01 1.639242959674487299e-01 9.775173656198327121e-02 1.878848966328941841e-02 3.271852911036036704e-01
6.016831267311300094e-03 2.512161928909186978e-02 1.369352970073985931e-01 4.459383912763216773e-01 1.067925996947733693e-02 3.118576548571783125e-01 4.404638840698366607e-03 7.968100353607799821e-03 -0.000000000000000000e+00 8.272050789569052043e-01
2.449582692530900552e-01 1.925335327927653883e-01 3.058019840181753768e-01 7.670831232206380343e-03 2.564664297877305432e-01 1.907132628845962519e-01 5.538315342571610289e-01 6.042999685899616003e-01 -0.000000000000000000e+00 1.878781290358162437e-01
6.174783808614892067e-01 2.440971683808849102e-01 2.354381482054446195e-01 3.377096333636060987e-01 2.364994796246755113e-02 2.665674066967154698e-01 5.387629644244391613e-01 1.655635275736753176e-01 1.907321709699963397e-02 -0.000000000000000000e+00
2.534029889020800730e-01 4.911759909576746685e-01 2.497509276052413685e-01 2.461428641486330948e-01 5.594724078486091878e-01 1.562449309359239258e-01 2.920289909223566238e-01 4.839665579542116493e-03 2.823545276404659243e-01 2.629086323098830946e-01
4.127572856033946413e-01 1.365269875744309219e-02 1.166352553640488112e-03 1.031727115178297932e-01 5.208254446522427861e-01 5.122285264055136400e-01 3.962424030262367558e-01 1.448745234691098741e-02 1.320083722372075996e-01 3.324420439486217016e-01
2.167334030580368442e-01 5.033150175884626432e-01 5.163384627749313394e-01 4.225778133088263500e-02 1.030053748209513835e-03 3.340681937820098035e-01 1.012587748348421357e-01 3.676429594732161243e-01 4.170928637399921590e-01 1.804814736796484659e-02
1.487713966760026429e-01 2.237737606914985966e-01 5.836263381206474588e-02 1.889753909848647384e-01 1.241448873808738002e-01 2.059607828651792150e-01 4.879483476104096717e-01 6.533177364574900281e-01 3.881465163138441143e-01 1.235609572648399684e-01
2.864551991456588675e-01 5.053321072093592825e-01 5.451101448330333658e-03 1.038914686092902440e-01 2.312281307362535135e-02 1.353549606681626050e-01 7.410561723689642610e-01 1.123097305696880814e-02 2.829192875691608489e-01 5.975274091176832614e-02
3.998178306209190618e-03 3.479134308634529438e-01 1.831635763609584452e-02 2.630735446190369253e-01 6.237896547830522609e-01 -0.000000000000000000e+00 3.931953134106013215e-01 2.105416000003980936e-01 2.379042845299643161e-01 4.058999612327071072e-01
1.059065006980372710e-02 2.373632757761078571e-01 2.323071581636781124e-01 3.337600262701716919e-02 3.147132853560263288e-01 8.468503246159821973e-01 9.920678691107547020e-02 1.404319500027534917e-01 8.733382855847909507e-03 2.064621629979969675e-01
3.222797972088008445e-01 1.826424101554784407e-01 1.649114706407112108e-01 3.924123865113509635e-01 2.526801182798772416e-01 1.882510760089987634e-01 4.093157851601070818e-01 6.139028954874511390e-01 7.304371919264093793e-02 1.804354075899547993e-01
5.229716481242548988e-03 2.284602493105843957e-01 2.306953514422137655e-02 1.466557190138152444e-01 8.023591174671142190e-02 3.960635655525284737e-01 3.102079587471415212e-01 4.740865064832625042e-01 1.854510469756955049e-01 6.380087989701077600e-01
8.670688299361266616e-01 3.273065048014006106e-01 4.349001488414403621e-02 2.366606673331016555e-02 7.845050660716403057e-02 2.960632820585529790e-01 5.615662207456552368e-03 4.164547998376137011e-02 1.273414117886142449e-01 1.637710785426167714e-01
2.122189968092285939e-01 1.336425889794740085e-01 1.051146843939800568e-01 2.133430872623837127e-01 8.673577553007527641e-01 1.334042627145944418e-02 8.148498796047181844e-03 2.924862398087427207e-02 2.766493729388474487e-01 2.249315180403382297e-01
1.170259290896637043e-02 8.039350956657695391e-02 5.683814748137961947e-01 2.530161149027950196e-01 2.863676362636523587e-01 1.346162669085124997e-01 3.200110814600916620e-01 3.782412887233434495e-01 4.167919242694905213e-01 2.949715957893774276e-01
8.623533861237957232e-02 1.361105963905065164e-01 4.338652378597245840e-01 2.999918594253480481e-02 2.681523200632233983e-02 3.436383094269263583e-01 3.094735024399099532e-01 5.650430101132009053e-01 3.945069892345656748e-01 3.088831740737206233e-01
3.339401020645007493e-03 4.645197282545215911e-01 1.387646078377186877e-02 5.230940301765053535e-01 4.284215173616751082e-01 3.419366304680497158e-04 3.538635852492863498e-01 2.320332653645599819e-01 2.615761012020523246e-01 2.817167132290196441e-01
5.366279663392004018e-01 1.603821498717544758e-01 3.593189883186585498e-01 4.226305107378435649e-03 3.609312444057466429e-02 5.540448792363509289e-01 1.808904159454448601e-01 4.156255531307969167e-03 2.017305814709411879e-02 4.645061717222861986e-01
6.651991611632072088e-01 3.180744303013259278e-01 2.671260588604473241e-01 2.130435899599181782e-01 4.447395836977363071e-01 1.107696400878685900e-01 3.305075955086380496e-02 2.322745138956096023e-01 2.694092091389310162e-01 4.366343180397859458e-02
8.959792161103684316e-02 5.799170322550984968e-01 9.127295829169837504e-02 5.484631336347735031e-01 2.932816997774974066e-01 4.414781108504836071e-01 2.557414665994518499e-01 4.036179128308108911e-03 1.328767677102080103e-02 3.501093082530778045e-03
1.825558093673073923e-01 5.235893453605418024e-01 1.341639833216455580e-01 4.291360173086001817e-01 6.536850615723914515e-02 4.941053158244850321e-03 6.784940501660677858e-01 4.510731515634875538e-02 1.538946929690506171e-01 -0.000000000000000000e+00
3.154928840550553226e-01 6.141980123571767480e-01 2.086587851891020806e-01 2.343412872380655765e-01 3.259125517612912470e-01 7.031838886159665070e-02 4.287860530086989863e-02 3.025469325290310318e-01 4.204525969602277979e-01 2.084548860367891054e-01
2.644373518548884250e-01 2.839881932795015884e-01 1.759878351870665103e-01 2.858797245062611458e-01 3.332291418912019521e-01 5.061254335461128767e-03 2.347220644620067742e-01 5.910825708418151157e-03 2.613330478037386717e-01 7.086840152162067197e-01
1.418520652234543829e-02 1.085994026899084475e-01 4.721624408458783284e-01 4.058016840627411415e-01 1.913500658047639913e-01 2.747217567776023550e-01 5.615440523977571763e-01 -0.000000000000000000e+00 4.153592543191781949e-01 2.122847274961226632e-02
4.077096003285186621e-01 1.127484288534936624e-01 1.608535946005840156e-01 3.778156654458593722e-01 3.847792415868820370e-01 3.437150634993794696e-01 3.532250889430240126e-01 2.131088115263775895e-01 2.610991928505311810e-01 3.845658467545602921e-01
3.354611805801194779e-01 -0.000000000000000000e+00 1.205864666956608655e-01 4.777190849882008150e-01 1.854543540127645274e-01 3.497582128545183577e-01 4.341896826803497977e-01 1.007481691887497088e-01 7.031147748506146045e-02 5.332639808979475760e-01
4.030103697218014036e-02 2.768934119865353871e-01 1.489268834209433179e-01 3.890202336194722825e-03 2.707163513924394360e-01 4.191932739200911473e-01 4.703186468338547144e-01 4.545491390507334084e-01 3.991056072922662401e-01 2.517962183654292585e-01
2.698000595122627687e-01 1.112076648546460045e-01 1.337814953817400773e-02 3.886440871839080824e-01 1.197958593894495266e-03 1.611294192380785528e-02 8.039285513511491565e-01 1.823156656328540626e-01 2.572223198723122550e-01 1.328648949920278322e-01
5.142782628098430120e-01 2.512411560733193161e-01 4.082074992790092893e-01 2.027195643826237847e-01 1.409969698436572827e-01 5.523084012860152159e-01 1.939451228466625154e-01 1.122887732977787163e-02 7.021443642002796019e-03 3.192997822987195256e-01
7.331302210717802748e-01 3.605507722553402683e-01 5.284980242134968975e-01 1.290983701139107875e-01 -0.000000000000000000e+00 3.350085185440487834e-02 7.611253263864338481e-02 1.449055737334420113e-01 9.212414692809700600e-03 9.245945181836448534e-02
4.908887724669704355e-01 2.156306178701403453e-01 1.579121254959768312e-03 3.850038234283383876e-01 1.813362521587625897e-01 4.785195784053483670e-01 1.634656068941379436e-01 4.382793100752641058e-01 2.379101970429180757e-01 1.643969848443039561e-01
1.161217428618527558e-01 3.131637531131494789e-01 2.802298850758155879e-01 9.233561204433518577e-02 1.133367873019974492e-01 3.746429724415026308e-01 3.661396373631697898e-01 4.984771934276922001e-01 4.404749056544932095e-01 2.676398284010539919e-01
1.950594991128057898e-01 5.258143309220676409e-01 4.311504518677095610e-01 4.416397291175674922e-01 4.012253563533670908e-01 1.916306146847000513e-01 1.755962564917844804e-01 2.715440235482169049e-02 1.506647187486755968e-01 2.292583157051347464e-01
3.071749585278557015e-01 5.339399316495380132e-02 3.779025039203655068e-01 2.107449368940831624e-01 2.140139120466561518e-01 4.561156101039383626e-01 4.793131869109208409e-01 2.706127289814174164e-01 2.384858990571837589e-01 3.191826856816478153e-01
5.048104114086970906e-01 4.228879718925836889e-03 6.569190384548831974e-01 3.778766106443305350e-01 3.206293078945274613e-03 3.144461924729818891e-01 5.662502501990152731e-02 -0.000000000000000000e+00 2.757388371721499615e-02 2.606948567873000888e-01
1.647103272050433886e-01 4.079206180918286684e-01 9.445735601363681316e-03 1.219942532521985611e-02 1.443599306946880545e-01 1.498628958133151334e-01 1.232671736107978783e-01 6.373088514359783741e-01 3.720929714704041547e-01 4.506928053455352967e-01
7.130625979151107574e-02 6.427876847110040037e-01 2.835275781457790578e-01 3.819050213414167394e-01 4.157262841159408695e-01 5.663855287496239593e-02 8.819817124611163683e-02 2.293845022416088342e-01 3.404740344287981446e-01 5.608094530929509658e-02
1.898331369579750183e-01 6.095040683842385398e-01 5.646727023512369131e-02 1.560435515043533949e-01 9.643673160318810833e-02 4.752633001045284411e-01 4.129026190226214865e-01 3.575626695822921586e-01 1.595775248193053719e-01 7.713727134980985500e-02
1.257298892056875339e-01 7.606813766961208201e-02 3.470656889613564222e-01 5.499399127958606859e-02 2.519593256098475176e-01 1.868251726901323795e-01 4.903569498609293698e-01 6.614621852091387977e-01 2.701660609090719353e-02 2.789758003931900876e-01
9.886388363672591467e-03 5.523757341376870356e-01 2.040828706609727761e-01 2.769555072494259695e-01 3.802657512239119852e-01 6.240456456660341544e-01 4.269938951693938098e-03 4.345275166397486073e-03 9.114795952531801193e-02 1.845238814321557841e-01
3.871275447727140495e-01 6.266542076343513124e-01 1.657339694089498827e-01 1.143223334424676579e-01 3.909295542489701729e-03 4.434955196503901909e-01 1.224552198190535235e-01 3.296540676389293073e-02 3.794284728498886761e-01 2.452506883533409343e-01
2.486536960434162502e-01 7.781870946619713581e-04 -0.000000000000000000e+00 1.888663370626347537e-01 1.477018297088432235e-02 6.296911801775466611e-01 2.619481139581602003e-01 5.970519942814596082e-01 8.146269392772693962e-03 2.839310478060252385e-01
3.500392707311403839e-01 7.279433501964928388e-02 6.251432162978667884e-02 2.779147827896559231e-01 5.723917459923720807e-01 1.573452395599648779e-01 8.441222300359629838e-02 4.331099031051863224e-01 3.775054272770680258e-02 4.924472322030011839e-01
3.491758182548471146e-01 3.690729423267344878e-01 3.112534908454667737e-01 4.567757869727837039e-01 1.961514195301655161e-01 2.947859255546204094e-01 3.603848640381397406e-01 3.743180674243342110e-01 6.465770457978364805e-02 1.918138425188685159e-01
1.096889781924331730e-01 3.413213076572379490e-01 3.714726794524850217e-01 6.832145401403842688e-02 2.162568967957674559e-01 2.122395118809176640e-01 3.843031611332560771e-01 4.331193249833214520e-01 4.841647370452702437e-01 2.594203203292475557e-01
1.237988960152583001e-01 1.767957433158571789e-01 2.736674478986127479e-01 2.085846126653928545e-01 1.458891263964121887e-01 7.443911738543718126e-02 5.766116951081452502e-01 5.482715388484924457e-01 3.019427394960176869e-01 2.897217997177828352e-01
1.943298290017740904e-01 9.716097775440982187e-02 1.797418737006534900e-02 8.634405071547837651e-02 1.899636806184420157e-01 2.900744128634810681e-02 3.914776011946239503e-02 8.010449273701111816e-02 1.348759730116755873e-01 9.391213227679475750e-01
-0.000000000000000000e+00 9.931115634452354624e-02 1.180710092501170705e-02 2.139999889537186895e-01 2.129156616073995048e-02 4.108215976456990048e-02 8.385446720442403176e-03 7.152966031824669821e-03 9.702541420552328599e-01 2.337168940149506741e-02
3.364412636361775455e-01 5.678963619458003986e-01 3.832941141007678021e-01 5.948668830672375618e-01 4.873366058455315744e-03 -0.000000000000000000e+00 2.159339956494018831e-01 1.296361377476740184e-01 7.180012974978748283e-03 3.419176345761195616e-03
-0.000000000000000000e+00 5.238843534860014861e-01 -0.000000000000000000e+00 2.965807680923007728e-01 4.685900525575364961e-01 5.541545663547076117e-01 6.701703048289951725e-02 8.758904939996076111e-02 1.547171953695698210e-01 2.735335023541473065e-01
4.007064024038852756e-01 1.713161556832973331e-01 2.959119650481401714e-02 1.636374924340833481e-01 6.960203697326255989e-02 8.323782535827719542e-01 5.725975635459475133e-02 1.614297947830254099e-01 1.017177680172077214e-01 2.122487285557162207e-01
1.508161701027962466e-02 7.751220663621929408e-01 1.619690547278119230e-01 1.593281199953278937e-01 2.805248026575237197e-01 3.542464799099290240e-01 1.403889743157059056e-01 7.005703353123236832e-02 2.234013545650367569e-02 3.435666389692801359e-01
6.774620360374162820e-01 3.875512155500501210e-01 1.592333991749761979e-01 5.322642977688001563e-03 3.003318797724752742e-01 3.683741000786407427e-01 1.232992027615447371e-02 2.635426008426437483e-01 7.804559836631233538e-02 2.527233243666636708e-01
7.033874404480560116e-01 2.909221104833011884e-01 9.652856698641883171e-02 1.423491963890541612e-01 5.636001361336386017e-02 4.297797136623149328e-01 1.890621922936733257e-01 2.806884212455572070e-01 2.521080638586414291e-01 1.582824836988837303e-01
3.303625551543713512e-01 2.206203485176896073e-01 5.073428518406487564e-01 5.646576155285859544e-01 8.494465489712594783e-03 2.599317766197958846e-01 9.463735026224581737e-02 2.292170760149286612e-01 7.263743984019720157e-02 3.626881219103640919e-01
4.618053721114648846e-01 4.176031529638475348e-01 2.888386106947376901e-03 4.829226583907899606e-01 3.438449921828305722e-02 2.665397618010961756e-01 3.900529818707146879e-01 7.277709171723606429e-02 9.786240343078195236e-02 3.740055427454693771e-01
1.987936166669017068e-01 5.036788701062504536e-01 3.916419812744532103e-01 2.263996894903118062e-01 5.219302741019113956e-01 1.564409117601479327e-01 -0.000000000000000000e+00 5.045627166820558680e-03 2.625862206969949986e-01 3.691699897516251827e-01
-0.000000000000000000e+00 5.467106510310281164e-01 6.498531593509163096e-02 2.845672537398925006e-01 5.082771073154935815e-01 2.278770199211185565e-01 1.009557754251615425e-01 4.354646233797877519e-01 3.252857052267281168e-01 -0.000000000000000000e+00
3.713178099501664858e-03 4.656751565878973764e-01 4.864299518782698728e-01 -0.000000000000000000e+00 4.923478240767318326e-01 -0.000000000000000000e+00 5.082692152368722960e-02 3.336836604057962230e-01 4.360429465895681034e-01 7.125338164022342741e-03
4.219368567847526785e-01 3.992724643870754764e-01 1.105170058104588265e-01 5.599971034774107181e-01 3.377514421076754925e-01 3.783566426253001658e-01 -0.000000000000000000e+00 2.544837432540454913e-01 7.848193421535633318e-02 9.267603977942751037e-02
1.354779141669709697e-01 4.724982966930902500e-02 4.899999407660812767e-01 2.401552537485960870e-01 2.736660269853609662e-01 1.447921371220065034e-01 5.450174574035949321e-03 6.265578331267140921e-01 4.387157947299216709e-01 2.654942591139689348e-02
4.029710015191855788e-01 4.753107305639350244e-01 2.547387294533150492e-01 3.538363518220868920e-01 1.721873978018464701e-01 4.983212063161143179e-01 1.243449421452419434e-02 4.601564512940196222e-03 4.992992248982344727e-02 3.754474455404561151e-01
3.811786780224861882e-03 5.425074373342261141e-02 2.604040306324152676e-02 1.853461297642119976e-01 3.361471429739724959e-02 1.587928345772995908e-02 4.393953178905539718e-04 4.792143267458342376e-03 9.800855040692598719e-01 6.179241311156881758e-03
4.988433564843114572e-03 6.577948315135705437e-01 8.719837343121691897e-02 5.717554018143580219e-01 2.869568185473202471e-01 1.642643500676179563e-02 1.777582645420166252e-01 2.212134456508778879e-01 7.990659587787819762e-02 2.514772010328363838e-01
3.474108746115844859e-01 4.996916474049573065e-01 1.061345971444858753e-02 4.792138123993097132e-01 5.332330913851329734e-01 2.842265732974971759e-01 1.694377825026616990e-01 1.887927681631595619e-02 -0.000000000000000000e+00 7.528316043334862262e-02
8.793480325848065937e-02 1.979525157571415395e-01 4.473752871872695436e-01 2.248693944148074109e-01 2.285038597856603182e-01 1.236087507417061582e-01 5.905285816625419626e-01 3.783890249510776793e-01 2.975835587134292304e-01 2.332809640191782219e-01
5.059624389784062037e-01 3.277222901294293833e-01 1.354638619033701578e-02 2.430590450049741613e-01 8.494611301068787090e-03 2.941194983528231943e-01 2.653430756165595095e-01 4.868278503258631484e-02 1.659336463364785019e-01 6.248596105547393753e-01
1.910677352389594241e-01 4.219065919962017297e-01 5.514384184215654905e-01 1.421232985513383451e-01 5.401688365743717579e-01 1.511986535134898259e-02 2.629968570931708327e-01 1.032848955062460813e-02 3.159636573022861494e-01 9.303078573369040830e-03
1.595445830884162364e-01 1.958424627458931477e-01 2.865177331310541087e-01 1.257761947918321910e-01 1.849057433781177429e-01 2.560028170823257510e-01 2.029260151921585542e-01 6.584372283632502487e-01 4.618383728691676793e-01 2.248074352389339836e-01
2.200739450260575953e-03 2.786993819848352927e-01 2.634862919177731119e-02 3.345246516149655985e-02 3.979936197256725428e-01 5.870605021764425668e-01 2.483727512644402502e-01 5.296222493031880196e-01 2.743424032894729581e-01 4.127252499721094023e-03
4.240624376752915592e-01 2.151951529101784333e-01 2.590604685071845048e-01 4.226770963719450047e-01 1.633384172417896851e-01 1.796181906861039068e-01 3.642952485995237244e-01 5.267843368734961285e-01 1.307435214906982335e-01 2.045606850414928568e-01
2.021320537254679139e-01 1.429241350930216814e-01 5.690194088684733531e-01 1.821131036861269037e-01 5.559524202489735112e-01 1.328056025026076170e-01 1.669555896451798555e-02 2.868288747164519648e-01 3.133037620148035884e-01 2.726496658200250334e-01
4.091376468721961285e-02 4.718871072959475721e-01 5.673180466513737252e-03 2.429027607063964089e-01 2.838145771730241629e-01 3.371986393298107565e-01 4.551266203994413506e-01 -0.000000000000000000e+00 3.978171303543495685e-02 5.600341273722146962e-01
1.775855952698569551e-01 4.393350695956094176e-01 1.097672189915162438e-01 4.318476549250722663e-01 1.890920986421640304e-02 5.976663835361781807e-01 1.486775341587642969e-02 3.898002276029563506e-01 1.419379723073610489e-01 2.168697623138728103e-01
5.623371734293918234e-01 2.548414492550059030e-01 2.641496671548273500e-01 2.091949891604179268e-01 2.435069980810876389e-02 3.990208004766281902e-01 2.609968658967825594e-01 9.637612321091468259e-02 1.668951338417176689e-01 4.901253781900197226e-01
1.313840919436893018e-01 1.289153210986015707e-01 7.064543755352643839e-02 1.086895794975700630e-01 2.121442436201802506e-01 2.114379030039166552e-01 5.452377533407334331e-01 6.089687356215467418e-01 4.218331650134727329e-01 1.163328980382484779e-01
1.482724507285292648e-01 3.773994885145968703e-01 2.005221285994258917e-01 1.867470354605592353e-01 1.840545541623187786e-01 1.123859416963632202e-01 4.282988735056247331e-01 5.786306996684665860e-01 4.206884296883010022e-01 1.369762088650484100e-01
8.050611730623481455e-01 2.503493497990592620e-01 9.543720048977390180e-02 1.649998836164945082e-01 5.430045375672890896e-03 1.274373130099102913e-01 4.747244385734870620e-01 3.374682423336991532e-02 1.843048118266182867e-02 9.877708413665399478e-02
4.131223075147216761e-01 3.543947744018415436e-03 2.306418445584091093e-01 4.872392831328734575e-01 5.179718830513598826e-01 8.670203931410588871e-02 1.371798199369117233e-01 4.037195564650146729e-01 2.049046515099314236e-01 1.977721043153538028e-01
2.438162210048925027e-01 8.837119117159987491e-02 4.362099993583431479e-01 4.713918139966788434e-01 3.205943798240131204e-01 5.538077471177009770e-01 2.477631507068221994e-01 1.212572273855338015e-02 2.218529396326504310e-01 4.319853752356273870e-03
2.683025024997909291e-01 5.238064818849380577e-01 1.409068224729485563e-01 2.378103596816966148e-02 6.411474611191225748e-01 2.069664693177083736e-01 9.365424607227798223e-03 9.481384426816376332e-03 1.109585624690832273e-01 4.084429821422670970e-01
3.996800760980855904e-01 1.352728308200954188e-01 1.313802586701372406e-02 4.408286029008562923e-01 1.357558799858553725e-02 2.776513206673919543e-01 7.378304254369757453e-01 2.866219091471465877e-02 6.817895024927703163e-02 1.778914133553343574e-02
2.068647390695010357e-01 9.837378504743440888e-02 4.750978334466985364e-01 1.579263070829374782e-01 2.252341128820689875e-01 2.051769960062215792e-01 5.356872286101501679e-01 5.459566424317691125e-01 -0.000000000000000000e+00 1.378892335291037885e-01
6.731648969696343299e-01 3.502521434595395888e-01 2.701225000793154862e-01 2.905607597771922221e-02 4.212780918032585920e-01 4.494630783285133262e-03 2.557551444852191325e-01 1.245072550822328783e-03 1.844610119285223782e-01 2.709769279703667655e-01
1.116739626735054614e-01 2.482011701850020957e-01 2.042193063143346241e-02 4.139933055120690875e-01 3.147676172559842889e-01 2.190743016233179519e-01 6.149550976294443361e-01 2.137483615908987999e-01 3.139193876143096112e-02 4.268510307037798324e-01
1.668274775446650371e-01 6.926548648476333891e-01 5.780983986341420300e-01 1.074015816763608869e-02 8.765781383474773036e-02 2.180618487007726647e-02 2.270631664972384400e-03 2.556093662767815466e-01 2.679357523187353984e-01 1.131125463691274452e-01
2.683957819963267433e-01 5.180422124318618815e-01 2.293479253073944513e-01 5.534391379899753494e-01 1.439952509159884465e-02 3.663052444108954031e-01 2.860018099854372831e-01 4.828608846813464694e-02 2.255306385132031105e-02 2.857910413116879766e-01
3.410538178464727066e-01 7.104676673840120138e-01 2.313194475026991992e-01 1.061362177157957054e-01 9.266895977171139831e-02 4.737636455153431125e-01 1.814862540456800011e-01 1.170155519054900950e-02 2.138790024014125823e-01 4.781695351551159406e-02
5.880621703040508352e-01 3.515516892236121294e-01 2.799116457331435673e-02 -0.000000000000000000e+00 6.040494984212162466e-01 2.723922014890169385e-01 5.823485701502375059e-03 2.966590896865463692e-03 3.011557184330443393e-01 -0.000000000000000000e+00
4.622751726962525676e-01 7.762768247308019509e-01 2.197787770649548608e-03 1.442868784280536554e-01 1.191884948999909349e-01 2.417499395767885029e-01 1.821658340770861834e-02 1.392980831614085580e-03 1.760323299539306163e-01 2.426980149060850023e-01
2.568181415473289042e-01 4.373353679540428196e-01 8.599011075728923287e-03 1.607039197199943981e-01 4.959746317643845548e-01 2.059084440435414998e-01 3.794601051601169672e-01 2.531440310355107526e-01 3.667189319175071516e-01 2.931531267747731762e-01
4.615250063063094932e-01 5.489667981487836995e-02 3.165281008044510958e-01 1.448180968705797302e-02 3.245289758425954352e-01 7.175240214553438856e-01 3.911722522352071435e-02 1.554471704533229859e-01 6.080629116295272613e-03 1.941404903674254778e-01
1.014732433697667496e-01 1.601516915394111951e-03 6.694367251687584064e-01 7.309789006638851491e-03 3.351528209157524363e-01 9.582610468865908337e-02 1.892353946824352762e-01 2.272475503140529984e-01 4.692806362299160594e-01 3.351354935414900815e-01
6.815178886867722568e-04 8.237339198889417902e-02 3.155864984449201389e-03 1.693760046491805116e-01 1.522614735454940089e-02 2.967804306362133247e-03 1.155247155278139176e-02 3.977340593670281553e-03 9.818946420764761429e-01 2.993157122807020391e-03
3.256903901986025595e-03 6.408293688754556072e-01 1.387956552094070720e-02 1.532413782946446257e-01 6.209867035588449991e-01 4.084987377566835082e-02 3.291344608985781739e-01 1.834847590618295457e-02 2.610159234097615411e-01 3.953327492213675604e-02
1.903943993568450455e-01 9.022839020985125025e-01 5.302349129164461716e-02 4.507054905846589500e-03 6.108874246372535122e-02 2.278654532050951656e-02 1.631180016904782981e-01 -0.000000000000000000e+00 3.405046034282223077e-01 -0.000000000000000000e+00
4.918391035795406374e-01 1.970508264913735375e-02 1.684700189576536153e-02 1.872476782707158671e-01 2.919373845573383086e-01 3.910317985256598350e-01 5.877149207181228130e-01 2.347509563265660348e-01 2.053458953384472152e-01 2.038220086092974725e-01
2.401371956558300338e-02 1.431611736828444087e-02 7.235701284645634779e-01 5.851693025070133294e-03 8.944241815020632924e-02 3.517276101141632028e-01 5.124210069642230747e-02 3.087264236160637276e-01 4.160495001698181761e-01 2.699689147723465799e-01
6.538502735964701884e-01 3.560847357552663905e-01 1.154233015547389413e-01 3.585694101227417385e-01 1.203408671632577587e-01 3.422444421423490035e-01 1.929651387998152778e-01 2.940431300130354475e-01 4.779155623119241136e-02 2.149297509153389185e-01
2.808155023059261679e-01 2.401209746918728238e-02 1.971193001982760318e-01 2.000991217757779883e-01 5.758201653897923045e-01 2.147657455761925183e-01 3.398743418444270109e-02 5.920791609676160361e-01 3.313178219236487809e-01 4.992824643917202071e-02
5.457451296701917309e-01 3.287257665204625368e-01 8.727551159807728220e-02 3.874930361904965204e-01 2.919565724492686476e-01 2.854659579153720830e-02 2.840766351443393695e-03 3.038811772497409525e-01 4.299011789809931150e-03 5.078482905118743007e-01
6.849169174547302674e-01 1.297853296236933518e-01 5.176071793507600743e-02 3.683262811234861434e-01 5.854215033015040121e-02 2.535271868026788833e-01 2.524192146730765141e-02 1.226636691510530610e-03 1.043872409962879055e-01 5.444837830259571243e-01
3.527397947198427919e-01 3.783116146450798412e-01 4.127548147475216811e-01 4.585036818156137395e-01 2.606077193671653136e-01 1.854397151593620008e-01 3.278790619313762256e-01 2.796652517881489941e-02 3.758613028421312063e-01 -0.000000000000000000e+00
6.949696332038730606e-01 2.355414974333135819e-02 9.484467602951783538e-02 3.115855895578030221e-01 5.980447900979932174e-02 3.770322701924042619e-01 4.105851495119139938e-01 8.650147836867547180e-02 1.256046763226614273e-02 2.973734591052386023e-01
1.664540501451617846e-02 1.068669613876136737e-01 1.427914420689377177e-02 1.458844168514627226e-01 2.176491184463276440e-02 -0.000000000000000000e+00 6.019819972661194681e-03 2.321286674235575453e-03 9.827733496831969617e-01 2.138764074986359773e-02
2.053343922021736434e-01 3.470516285155649805e-01 6.452701421480985244e-01 3.251071780574148473e-01 1.989486455089252773e-02 7.371408673890768141e-03 2.641781856364874836e-01 1.216206086179085280e-02 3.218103326787252749e-01 3.759982153423808149e-01
7.009685214509142615e-01 7.059358879983146200e-03 3.372168118986319536e-03 3.048282213400430596e-01 1.262117550152883905e-01 3.379330598370886701e-02 2.099656266289314233e-01 5.719711145203330016e-01 6.039304876730672289e-02 1.539689779140460124e-01
2.523744733978846022e-01 7.817521895564679690e-01 2.494909933932285828e-01 9.922951586936607990e-03 1.827393979785718603e-01 2.133546759627943656e-01 2.414380180031108769e-02 2.998105491653259291e-02 2.671919101287940079e-01 3.332254635557694300e-01
4.038915731446771074e-01 1.661944154980166122e-01 2.929250947318281506e-01 1.774227834523550706e-02 6.350468630284039628e-01 4.800374266406807686e-03 1.804433367628101303e-01 4.219439289736824361e-01 2.923708798901294981e-01 1.540984867303135386e-01
4.724989466080047884e-01 2.210530090200031085e-03 4.611671139380939533e-01 4.597709780607101004e-01 1.320830895780031322e-01 1.992814342028295382e-01 -0.000000000000000000e+00 4.627247819310222332e-01 4.602739900143501539e-02 2.815734751779659373e-01
3.923513638975604789e-01 2.053242769811988028e-02 3.567457812866468569e-01 4.049711204609138804e-01 2.159016599785088808e-01 5.433076948656060182e-03 1.732962608764524182e-01 5.307868024289199571e-01 2.395004433819910850e-01 3.722901215908162031e-01
4.133011193374591316e-03 2.374065634810658965e-01 2.932084165220882888e-01 6.178190187465910643e-01 1.109982013317489108e-01 4.412482793551639748e-01 3.093875531647779890e-03 4.737175975004515038e-01 2.106909661214166063e-01 1.096650376545033230e-02
7.596384337910316864e-02 4.980933345803221779e-01 1.119591348549286991e-01 1.785164216954804924e-03 1.982337923700218107e-01 4.142576334122624604e-01 3.114451550742526886e-01 4.008865932149804912e-01 4.336380355132624653e-01 2.773776766373157177e-01
3.739978691738066741e-01 2.033726871857587659e-01 1.366499056610202822e-02 1.377097055271820358e-01 6.072594463704944837e-03 3.606851158595650308e-01 6.887787518931751674e-01 1.198150360706315282e-01 3.334840830424644631e-01 2.636292362766166630e-01
3.911408975820788170e-01 1.992167821218709944e-01 5.877666436147317708e-02 3.202389988561353262e-01 2.181842889825918730e-01 4.548223961066940046e-01 5.124648031674939874e-01 2.992880978730107500e-01 2.557126975942914937e-01 1.710656003230492106e-01
1.283097744878260726e-01 3.968628614808815125e-01 3.238559581100047269e-01 2.372919683392184231e-01 2.235277809485293754e-01 3.029974878723118437e-01 4.663906415811986395e-01 4.178042078585746388e-01 3.373057402085176681e-01 1.312189603573557795e-01
1.144592887774109613e-01 1.690224386802922571e-02 3.640922325900554646e-01 1.926114462763218321e-02 1.595880775942188079e-01 4.026853974704384248e-02 3.661259271996493148e-01 6.246374970285888395e-01 4.778554226273362127e-01 2.720722842190038682e-01
5.280988407176439026e-01 9.045415632237392700e-02 2.115541388013654489e-01 1.650653890290502968e-01 4.886186348418515291e-01 2.623224427347015664e-01 3.829586434662196615e-01 3.448821707177580076e-01 2.297389954891064512e-01 1.224158859280532335e-01
1.920348148744323025e-01 9.794318795674689104e-03 1.762535825518916077e-01 2.973326600087763949e-01 2.305740612557827945e-02 8.508771324490680410e-01 -0.000000000000000000e+00 1.805415757678857994e-02 3.745469578920686271e-02 3.424942624055793416e-01
2.385799120971628662e-01 2.164563022354901445e-01 2.080787419142453298e-01 9.627340296155276200e-02 2.037206652396255091e-01 2.858834168154378852e-01 2.879073204423128751e-01 7.253814189450287220e-01 3.332593471866397428e-01 1.728889105319712446e-02
3.988203528969304079e-01 2.315878300610439700e-01 1.103229425799446325e-03 4.212497904646860247e-01 -0.000000000000000000e+00 6.208828083264125164e-01 1.400015919172535074e-02 4.330470623645401584e-01 8.099662226007296739e-03 1.912327668514405277e-01
4.016479021530525162e-02 3.738872540110902420e-01 4.966020509384530546e-02 8.407217141265085902e-02 2.446656154479315282e-01 3.374358518653491346e-01 5.926167949987866113e-01 3.686842868530660344e-01 4.335361233793265101e-01 1.613344571487153670e-02
