-1.226391573310293026e+00
-1.216303625967031010e+00
8.304733003780305767e-01
-5.781394779418327357e-01
-1.333057003369651605e+00
-1.879235358109736964e+00
-4.235992806684514833e-01
-2.508074372830461751e+00
-5.300117724343157422e-01
8.306081966080055556e-01
7.028940742226056360e-01
-1.123864144015677136e+00
-1.240056797168149316e+00
-2.013080806140102874e-01
-5.228734578086813301e-01
-1.386323259144144615e-01
-4.938723108147327623e-02
-7.556656245661441673e-01
-1.504577994690347920e+00
-7.337193583510910611e-02
-1.088518417598060894e+00
-4.013682498531697118e-01
-2.201408356813451928e+00
2.407432636391770298e-01
1.763215891078108999e-01
-8.409869307615738809e-02
-3.137763944004920980e-01
-1.812862531713118397e+00
6.184827775840257003e-01
3.603253808788999812e-01
-5.829083679768265469e-01
3.941397015039549423e-01
-1.417945108421636569e+00
2.206127587025887016e-01
2.193043125987481357e-01
6.725703422902176154e-01
-4.407975965788471506e-01
1.153033483372288698e-01
-4.863852178183162289e-01
2.691181214430826349e-02
-6.200267213379290210e-01
-5.115310049705369400e-01
-3.440411674901381889e-01
3.477107729250825674e-01
-4.030770849170982606e-01
1.719653909281939064e-01
-1.441123125030678631e+00
3.826680564453349143e-01
7.124410711516296901e-01
-2.725722582436254648e-01
-1.559393556783850721e-01
5.754992839429287077e-01
-1.468877810765207570e-01
7.397412851124313127e-01
2.008201332657127136e-01
7.599306951447313274e-01
-1.531581811357800138e+00
6.773074340649692937e-01
-2.363108475742631942e+00
-5.918904469101630150e-01
-1.561193148840374911e-01
7.439131927171975800e-01
6.919037142951075525e-01
6.189018658458884659e-01
6.200279133562049960e-01
6.285085290890298770e-01
