-6.105063205573389995e-01
-4.249727877118847919e-01
4.226952303440514869e-02
-4.559016185526612586e-01
-1.656678546134924823e-01
-1.162592783666044793e+00
-7.708784272780020430e-01
-1.507283173273093801e+00
-5.156648502137293200e-01
-1.562886221457976399e-01
2.910324539321552106e-01
-1.059051038688989532e+00
-7.082145285373671051e-01
3.325401152682553457e-02
-4.338903220645625169e-01
-2.736242919786351924e-01
-1.134455733624447835e-02
-1.428064209215520464e-01
-1.171266009191888058e+00
-1.238018488062371247e-01
-1.005607256428282970e+00
5.574845565448052070e-02
-7.149944635331874077e-01
2.363018269560713813e-01
1.835489544044212606e-01
3.455505966417643515e-01
-7.526109679808190567e-01
-1.357755038864183916e+00
8.242317200617911913e-03
1.552438041144928171e-01
-4.960838662817485534e-01
5.123604984511424820e-02
-9.608819410505720082e-01
1.514948663145073149e-01
5.569266746261226642e-01
1.895398791108834913e-01
-5.534656648275677604e-01
-4.884776657325353155e-01
-3.257335618649526698e-01
8.385761324374485515e-02
-2.406301082360585708e-01
-3.299766343156423365e-01
-2.652884140653029021e-01
1.041156145266264182e-01
-6.046092454359573987e-01
-1.736941429879990673e-01
-1.143369718481563435e+00
-8.268195851532345042e-02
-4.084668776600427487e-01
5.525441332595884721e-03
1.299747183334405420e-01
-3.197986796825459388e-01
-1.106631584804426971e-01
3.406796086357595787e-01
8.816491068170582979e-02
3.596192545795006135e-01
-6.404223988773871667e-01
5.484724020081206408e-01
-1.873305244854077456e+00
-4.293857544479723343e-01
-1.078945710235859751e-01
1.703604820209387027e-01
1.378055528820915365e-01
3.176253011642946600e-01
-1.703537701476866006e-01
-1.183532446167030044e-01
