-1.091792780685197695e+00
-1.037822627881192394e+00
6.876689032967679971e-01
-5.038927575167967410e-01
-1.159844882826393642e+00
-1.724168028657749874e+00
-4.181214693050255282e-01
-2.326389976801972903e+00
-4.329690711375194234e-01
7.366994449626969033e-01
6.153328097558377063e-01
-1.080461779857994520e+00
-1.039436971694733591e+00
-1.226996764450874189e-01
-4.410270974605028926e-01
-1.175638549353483081e-01
3.579875314186233698e-02
-7.192549887047369195e-01
-1.426051500301428909e+00
-8.031389883468657842e-02
-1.057984870977030312e+00
-3.478447446031756596e-01
-2.009051844474037285e+00
2.348453252647059730e-01
2.366942566465558839e-01
5.802857529149686722e-02
-4.165513863496266844e-01
-1.649456457576415236e+00
5.387193046811552533e-01
3.178356149357332017e-01
-5.794798561271807813e-01
3.963295983740193762e-01
-1.328211809833303114e+00
2.032983302193196451e-01
2.529659860391463289e-01
6.250833091533256614e-01
-4.808850501023156365e-01
-4.225699749275314138e-02
-4.881658573684796165e-01
1.045842984907598278e-01
-4.928666607095422703e-01
-5.145745120716583854e-01
-3.141334918041859825e-01
2.812709657920653417e-01
-4.248245629356564579e-01
1.441939143211453944e-01
-1.306947339009271625e+00
3.139403837812944076e-01
6.051708982598261732e-01
-1.918915003686261500e-01
-7.754605370524751684e-02
4.754200166906094038e-01
-1.396151584013547997e-01
6.960649376664438392e-01
1.415823651714378517e-01
7.250844802060896210e-01
-1.342846453060051903e+00
6.194309310062925400e-01
-2.232020316510395119e+00
-5.266851293476007001e-01
-1.237880432294092697e-01
7.022212655780613044e-01
6.126970741796137210e-01
5.451961294542467806e-01
4.827661449623160128e-01
5.084065587281633158e-01
