-8.562603593768890464e-01
-6.983004750856428577e-01
1.698562974390416258e-01
-4.231787285856125624e-01
-8.672803013900232116e-01
-1.402324810041584824e+00
-4.574092282085256422e-01
-1.608029732119200084e+00
-2.866400626596167234e-01
4.214768112609229012e-01
6.014459867377170976e-01
-1.122043416270201543e+00
-6.047186322618999244e-01
3.779973802874280614e-02
-3.720826651298673737e-01
-1.214727912164070833e-01
7.203701059424973130e-02
-5.853704993989499172e-01
-1.280550974757680205e+00
-1.762968694771561429e-01
-9.890752472113389926e-01
-2.401288147781147075e-01
-1.639656067443725052e+00
2.589419893291846630e-01
2.224922942143269244e-01
3.043746818995947678e-01
-6.360604194479505535e-01
-1.426511864774390403e+00
4.104876862727895315e-01
2.587802871437824836e-01
-5.611121446399286450e-01
3.508533953907062020e-01
-1.058918833286855099e+00
1.854389240061564414e-01
3.308273916959444949e-01
4.201391245807559738e-01
-7.330601980116333571e-01
-3.917501669772056050e-01
-6.203083960629872662e-01
2.235494243877212961e-01
-2.816780240879344643e-01
-4.913908137194067938e-01
-3.807642731506536982e-01
9.615701539245173624e-02
-4.488590636041683846e-01
1.014902182315669671e-02
-1.161366481408547369e+00
1.224973278894245649e-01
1.990846557637810932e-01
-1.479159389508145350e-01
3.530849708424608352e-02
2.708677273403937713e-01
-1.552222780552181547e-01
4.357970558039975240e-01
3.222552137372112352e-02
5.302032244168850550e-01
-8.857044158646534271e-01
5.486359068323751753e-01
-1.808376060214523351e+00
-5.159282864744925146e-01
-2.042167047554996062e-01
4.311382062695056083e-01
4.485277593731142320e-01
3.004038092291619888e-01
4.981889566547568343e-02
2.047381291012993765e-01
