-1.167424829314473556e+00
-6.614975582749272887e-01
3.729412805599359726e-01
-4.944525542710736521e-01
-6.802109675850034343e-01
-1.345434253782773260e+00
-4.976878335157143285e-01
-1.525388360219331219e+00
-5.404229268776121753e-01
2.984610511287526524e-01
6.502033038678212140e-01
-1.134234416583298044e+00
-8.318648911864439111e-01
2.421581803217505782e-02
-5.140283959153911786e-01
-1.602409226118428620e-01
2.711833643530798810e-01
-5.600080382382249811e-01
-1.381250198471883239e+00
-3.424439561957588057e-02
-8.861308593578790527e-01
-1.972629508290623113e-01
-1.180093404156280057e+00
3.077928744640774372e-01
2.221302525648599369e-01
3.330032236737838769e-01
-6.730565512100121772e-01
-1.438538725299655319e+00
3.307563030180505903e-01
3.771784868263314827e-01
-5.911456010528384208e-01
2.312623565645834933e-01
-1.072140995107655703e+00
2.244581319315536450e-01
4.687695778502121713e-01
6.453981319644301884e-01
-6.316431273874834051e-01
-4.510661212700005640e-01
-4.506468206320589642e-01
7.948624714295407512e-02
-2.931023218408845832e-01
-4.661799987567565307e-01
-2.926902012247251661e-01
2.394226052108705816e-01
-5.034064029533813489e-01
1.627215619268824742e-01
-1.116386248125259550e+00
1.490944089975100306e-01
1.221069937635999164e-01
-2.588389985765758225e-02
1.231078558999999240e-01
9.171592106581090420e-02
-1.334487706127019946e-01
5.456033969044304932e-01
1.056270446574258809e-01
5.596099397265174025e-01
-8.209439284169245399e-01
6.250510902908480437e-01
-1.780205339209765203e+00
-3.564866910243981168e-01
1.029324437829615135e-02
3.660022431933460108e-01
4.565905232415229387e-01
2.556673761740128059e-01
9.845183587756778376e-02
2.100427024504170903e-01
