-9.842114471391869568e-01
-8.239144465331517120e-01
2.691798250320244779e-01
-6.273272478262275076e-01
-8.229796049862057039e-01
-1.623289530826173666e+00
-5.396057431309113639e-01
-1.863722986675256932e+00
-4.596625758346392088e-01
3.729840421747045998e-01
5.048098795842932418e-01
-1.145986826392594526e+00
-7.788379981233238825e-01
-1.488088455126201082e-01
-5.214230281759595353e-01
-2.272896788069813656e-01
-6.203661967161185065e-02
-6.760802193629512624e-01
-1.397129608955516966e+00
-1.571726524237693767e-01
-1.084451130026973686e+00
-3.174798434150520876e-01
-1.666085593697549161e+00
1.077993983959687346e-01
6.678592994661958215e-02
2.127978833869454134e-01
-7.706827995885042748e-01
-1.630647637218096468e+00
2.254920208715615049e-01
1.591640869452124463e-01
-5.870315925291076375e-01
2.046784499703535321e-01
-1.212181997754930185e+00
1.279293705401476910e-01
3.658967354932409766e-01
3.726732267870404569e-01
-6.838745013127306427e-01
-3.604879821745129442e-01
-6.254703808958156364e-01
7.690616217061249649e-02
-4.613536892859314009e-01
-5.400132541136551945e-01
-4.091902430910643873e-01
8.406431026686018992e-02
-5.691386740776681608e-01
-2.939565665815330880e-02
-1.322581734760157168e+00
2.440283682255547579e-02
5.886269182131437933e-02
-2.137898806524390627e-01
-1.151246218101978219e-01
1.316653416597899917e-01
-1.962779838830423784e-01
5.023132851514136021e-01
3.407139165529974451e-02
5.364406856893452202e-01
-1.034282797493958350e+00
6.089837067999788189e-01
-2.077634084812494564e+00
-6.293532958332155314e-01
-2.080301439776282013e-01
4.220321933280805626e-01
3.766751414475662529e-01
3.063711645177078502e-01
3.422924551113051134e-02
1.182407191624718495e-01
