1.044866411767324088e+00 1.476105009539040169e-01
-1.078427407849339992e-01 -1.378316094633332156e+00
6.634727776139077715e-01 -1.395048025622940502e+00
-1.654372865481344435e-01 -1.218196893936737579e+00
9.658696032752791538e-01 -7.392076734929141635e-01
-1.313867487836441021e-02 -1.184527628196153648e+00
-4.220774208800259775e-02 -6.899222506392649334e-01
-1.087935427889954454e-01 1.948056178958674362e-02
2.176115110308125544e+00 -2.074051817950738119e+00
-2.857283548951294883e-01 -1.847149009649341700e+00
1.667132947983981095e-01 -1.353970789902620098e+00
2.845989830995399039e-01 -1.111268459990379487e+00
7.515190047873822332e-02 -1.569280864886751781e-01
1.963439982962828234e-01 -1.573564316263734275e+00
-4.505377864595603854e-01 -1.420481744587398731e+00
-1.070176002723489450e+00 1.257898368236823328e-01
-2.329434982263061116e-01 -3.314903229730494227e-01
1.293465883255160653e+00 -7.029172146659191656e-01
6.592017532815424019e-01 -1.217406491801158452e+00
6.939532732145675675e-01 -1.070716031403337265e+00
5.412919655670103136e-01 -1.325737472127811234e+00
7.404190847342038140e-01 -5.456452725301536022e-01
6.677680787562417786e-01 -9.138342285709128987e-01
-8.997922484450334712e-01 -2.552089044932849937e+00
7.422637039453261129e-03 -1.758262457542471013e-01
-6.032044004314852659e-01 -1.368046350050576176e+00
1.343866882171860677e+00 -7.578439568775934276e-01
1.654252887010163042e-02 4.732177983088866474e-02
1.560652922374540452e+00 -1.128621234357740782e-01
-1.331736497204628611e-01 -1.492375471861580705e+00
1.582971057500901280e+00 -1.081703224552181597e+00
8.478598645776111997e-01 -4.872148212365629005e-01
4.584892368100453031e-02 -1.228844582014478881e+00
7.768635516327218049e-01 -2.377792872452872963e+00
3.639496698900543392e-01 -8.838712988284507244e-01
-1.306400427676233988e+00 -2.496430008122895394e+00
1.310649203823594178e+00 -1.423127809680737599e+00
5.797996283927583927e-02 -1.482601366965263123e+00
7.272452023793213316e-01 -1.191709736793501895e+00
1.024417525204220913e+00 -9.460114093245333144e-01
6.191876945828334033e-01 -1.479118048647517281e+00
-7.497474717852106174e-01 -6.672747202537050448e-01
9.565306115901428541e-01 -4.680431066027662679e-01
1.469610343783595452e+00 -6.373451105748405565e-01
1.213552303981185077e+00 -1.415608344051514589e+00
5.144734404102894176e-01 -6.239723150671802054e-01
-1.957554090652363910e-01 -1.768486451338095344e+00
2.158999916547046816e+00 -6.302919734247321992e-01
4.776394048648316959e-01 -1.239288396124097469e+00
-9.705339973116290375e-01 -1.248494309144595027e+00
1.139056990206802844e+00 -6.708409529929821868e-01
6.004840391695059898e-01 -8.113613984909475718e-01
2.184517578967418050e+00 -2.102302882463792155e+00
8.648143319503508453e-01 -6.488407363434401942e-01
1.274016377049597970e-01 3.449060060649046244e-01
1.634993904470343429e+00 -1.361772982968737278e+00
6.849937235727588947e-01 -7.231003046472376239e-01
2.349209350615750314e+00 -5.579729260420837056e-01
1.273569673525220214e+00 -1.091079772092476974e+00
8.943385072542534564e-01 -1.522685061661196659e+00
-3.143270953103665111e-01 -1.236778296497158536e+00
-5.879162244032419826e-01 -1.245051692585974923e+00
2.624321024760076226e-01 -1.476419106468568554e+00
5.957963652520958941e-01 -9.180723500390391978e-01
2.770868595037108140e-01 -1.194728528253625299e+00
1.274820355818143236e+00 -1.231653348752176580e+00
1.124633567432834713e+00 -1.473448122868752597e+00
-3.301456389794270030e-01 -1.064935708532295466e+00
2.350245132523915703e-01 -1.804522733508091115e+00
3.344980570052790703e-01 -9.456508439280285616e-01
8.833122809611458903e-01 -1.210099517656050727e+00
4.312696340754245683e-01 -6.486733817986489736e-01
1.583468854188365915e+00 -6.657482565056562773e-01
1.601361740462428906e-01 -5.765543171422923135e-02
2.363692063872240290e+00 2.721713967777585896e-01
9.896132136692056824e-02 -1.782729450263764948e+00
1.241166419673370713e+00 -1.147997961751983542e+00
9.957141703133391974e-01 -2.016677738416558785e-01
1.310001869044509437e+00 -9.272780791563648428e-01
-4.551661282403609565e-01 -1.324241519873867068e+00
-1.165149871703383910e+00 -2.459204702520744856e+00
7.203486133868473029e-01 -9.489633889649012888e-01
1.306590170940861384e+00 -5.560540386357785136e-01
2.107856330467823558e-02 -1.248747312769991957e+00
1.132698456853034941e+00 -1.091218060459891781e+00
1.620356845474338447e+00 -8.978517530766551014e-01
1.697474021774094399e-01 -1.685813960770051967e+00
1.359949809391553410e+00 -1.177783875504154976e+00
8.280997516219295029e-01 -1.150220567642902258e+00
-7.309419713071989635e-03 -1.650793830892277381e+00
1.034661798327655813e+00 -6.864322238863664882e-01
2.419786675678080867e-01 -1.536514942259060268e+00
1.085290489957544846e+00 -9.953775720777097158e-01
2.262468853620912546e-01 -1.115244317089660653e+00
2.379674612517533316e-01 -2.027237627728124547e+00
1.147655733275260381e+00 -4.491644713388385779e-01
9.042022325258683990e-01 -1.108257949738182813e+00
-1.152074764946340452e-01 5.429543177374110963e-01
8.930720008231848306e-01 3.244368372479838336e-01
2.096922437882504653e+00 -8.363662428052651698e-01
-5.741105395362552238e-02 -9.202127634737551354e-01
1.921062440066078070e-01 -1.262476354233760478e+00
5.229183083344458582e-01 -1.299754714196337035e+00
1.197155061752321226e+00 -1.648333486060858055e+00
1.805088652553682171e-01 -1.546700964885706187e+00
2.863410921157525171e-02 -1.667809027397689770e+00
2.371403231069811879e-01 -1.863292267167831362e+00
5.335158394099683843e-01 -3.788557917230949701e-01
1.122356647992294620e+00 -1.067828297370975843e+00
-8.236845694991844213e-02 -5.561455771329123360e-02
1.825593903464413970e+00 5.162016269106013411e-01
4.514820553115331814e-01 -1.803627663196450071e+00
3.149287390614839005e-02 -2.167033021556255434e+00
1.909581558214777930e-01 -5.479107631418669300e-01
-3.065121864478290159e-01 -1.503464703720747586e+00
6.430431796878015582e-01 -6.636626446245745825e-01
1.110498447236111241e+00 4.077748122446885337e-01
-1.854289395450237632e-01 -1.264069828309380528e+00
-1.131666205400196495e-01 -1.470288734441347112e+00
-2.627709086201193700e-01 -1.002107227929637912e+00
-6.563263064940529912e-01 -1.237978551122390636e+00
4.498020462391100760e-01 -1.187130144983963520e+00
6.445093747250025817e-01 -1.460482896585374002e+00
8.118140225263612564e-01 -1.481199600538527950e+00
7.959977492724501502e-01 5.874865561006641784e-02
1.702601916875535970e+00 -3.969626526911795850e-01
1.999857026143053718e-01 -1.537837621557864853e+00
1.372235527141594524e-01 -1.482129579915187234e+00
1.807069652879003785e+00 -9.117998766284284295e-01
2.689970882595700274e-01 -1.299354545864447985e+00
-1.474572190804684491e+00 -3.498689324006085677e+00
-3.042587493306269653e-01 -1.742941871399049436e+00
1.737790587875326143e+00 -1.602417426295444258e+00
-4.275474150355170616e-03 -7.945489013371231923e-01
1.678008756953574432e+00 -2.142686005513189662e-01
6.880201674991980321e-01 -7.577506326172647189e-01
1.266714639533406572e+00 -1.368509827334734696e+00
9.898132599462745596e-01 -1.093407948426704523e+00
-6.473190898684675343e-01 -2.413881151914921142e-01
2.560721063657541707e-01 -2.749427963821487464e-01
1.231800841866900864e+00 -1.460843545002365129e+00
3.609189927558586475e-01 -1.339829875066082643e+00
-2.495162926234161527e-01 -1.290306533894996832e+00
1.331792926164685031e+00 5.898447344034833673e-02
5.988231079282176905e-01 1.803582720126964967e-01
-1.106137934068277852e-02 3.221760045064148148e-01
4.583974956559183078e-01 -8.907928066977509607e-01
2.868169660870543147e-01 4.262118944785949631e-03
1.645289559362098919e-01 -4.084861743517056443e-01
1.437186660905744429e+00 -8.399729469135175375e-01
-5.845793956520176637e-01 -1.395331031993402915e+00
7.707805673202379193e-01 -1.727653818647597594e+00
2.426358986941266616e-01 -1.776555904882743120e-01
-1.793388732322313550e-01 -1.818078260980905858e+00
9.814998378411966540e-01 -1.686900039485148550e+00
5.507947271593549576e-01 -1.228880481620983955e+00
1.666784101865438794e+00 -8.515776216731416604e-01
1.029962664757485769e+00 -1.144290262768063782e+00
4.594236286205642394e-01 -8.472637218255304470e-01
-1.004923938833587327e+00 -1.509293821786816814e+00
7.282836704348639723e-01 -1.359245558325176573e+00
9.753838730535233092e-02 -1.717358166207256120e+00
1.592604294116703345e+00 -2.060826077108159904e-01
6.374692098066221668e-02 -1.681838942215228450e+00
-3.641542295141698138e-01 -4.782166566832223714e-02
1.090581268408139071e+00 -1.053779875319805104e+00
3.924237865458929386e-01 -4.145373752625365338e-01
-1.664547897159506518e-01 -1.585276655283224034e+00
5.059851316184501568e-01 -1.171895014287599235e+00
1.769033032699913521e+00 -1.075554322856118405e+00
1.518843516940711291e+00 -2.431073582192987637e+00
1.147478045360177612e+00 -9.096489313594298132e-01
-6.886182887109724149e-01 -8.199565409796261140e-01
1.397337711008904249e+00 -1.538250753231480417e+00
3.778147273805708140e-01 3.341177386441416819e-01
-4.249004546840942087e-01 -5.216652547084568159e-01
5.325334881306305057e-01 -1.218241613033446580e+00
1.511152245838930375e+00 -1.089316165143739967e+00
8.001342384234686467e-01 -1.129353774640115216e+00
1.031768365327654813e+00 -1.140143512625050315e+00
7.799155843393492660e-01 6.930578269750981013e-01
2.237286404225470593e-01 5.333552781332767667e-01
9.826983372192281685e-01 -1.347664149887587870e+00
