7.818020952243881884e-07 -2.853467128600887040e-03
8.141512094617901994e-07 -1.920390999356947140e-02
4.278322393300964778e-06 -5.127781402558324875e-02
1.279626456624206358e-06 -3.127766330535758366e-02
1.933314405412279559e-06 -2.053422659782416781e-02
2.293826913616550865e-05 -4.567705934188748818e-01
5.883148720817143237e-07 -1.780489732566401667e-02
3.164610164741175189e-06 5.649398388533700271e-02
5.288074044115023540e-05 -6.216466704928954590e-01
1.341833242107478676e-05 -1.502369322055603917e-01
1.958708282233552563e-06 -3.692011182340622366e-02
1.373164463164584205e-06 -2.427783177183284041e-02
5.040467855625183402e-06 -1.134609142426323547e-01
5.280370140002908690e-06 -3.765834413846786549e-02
7.322194870164699402e-07 -2.322244668068517218e-02
-9.318336675967704598e-07 1.571817268204977677e-02
-9.007688824738112845e-07 -2.057202984829388862e-02
2.213644114237704983e-06 -2.848148813850357244e-02
3.479764809542249582e-06 -5.839829212845477902e-02
2.803736826903178432e-06 -3.354445933265479129e-02
2.649114913225423383e-06 -3.897230772349295075e-02
2.203858499415179655e-06 -2.906288295861829060e-02
2.758479540561343979e-05 -4.928245772568713989e-01
3.381456237682690203e-05 -5.582571258823432192e-01
1.708149069696616430e-06 -7.050398229551585461e-02
2.302940904952508187e-06 -2.260941834604208306e-02
1.728254920619031147e-06 -4.446490873635704916e-02
2.715415776557165913e-06 3.002148553821541721e-02
4.606111229772136566e-05 -2.136037853089260419e-01
7.565201939846585025e-07 -4.298597779462952351e-02
3.848473082989481925e-06 -3.477629798062902705e-02
9.053305360310408523e-07 -2.733356655100570992e-02
1.917883004753286368e-06 -4.676063567345396105e-02
4.856729159813459292e-05 -6.248751626009875215e-01
5.501135500121211017e-07 -5.427087376905651711e-02
1.746871677488825232e-05 -5.743348809353508999e-01
5.380682159938323972e-05 -5.355194524782680432e-01
4.037163095727131759e-06 -3.490656686605463771e-02
2.627546902726710572e-06 -3.434986449084442839e-02
3.418773390164767836e-06 -2.103826349389916958e-02
2.392561707563660910e-06 -3.113012657165006511e-02
6.532202386430521787e-08 -3.587417542606234980e-03
1.876933703098721847e-06 -2.351818040638363819e-02
1.779339196297958390e-06 -3.482797651930800986e-02
5.860014601087518550e-06 -7.360679448939691505e-02
1.714058674907428982e-06 -1.835060103887112964e-02
2.593090954234911255e-06 -4.853316078988744592e-02
4.904638947831243948e-05 -4.682047483584552139e-01
1.861915247546376753e-06 -2.387662397124790462e-02
-3.540260662510755187e-07 -1.757433068906585558e-02
2.208560603131921823e-06 -3.008967121525896876e-02
5.242853872729953284e-06 -6.353563726428328173e-02
6.428938625083645741e-05 -6.387924665143994707e-01
1.098935248729353323e-06 -2.544289941832323168e-02
-2.419996579856022610e-06 6.961845536786043925e-03
4.884333111826835613e-05 -5.686618717733011863e-01
1.826488881852363759e-06 -2.423332677166413832e-02
3.116783749456884090e-05 -3.577590167307949653e-01
3.521442521989589703e-06 -4.975222467432971474e-02
3.786396472528110839e-06 -5.674401075664524396e-02
3.329237316401957450e-06 -4.207896818593521993e-02
8.115768564731108837e-07 -3.851529174306923820e-02
2.294882531879579860e-06 -4.012882299920856460e-02
1.018008480921314441e-06 -2.255529375565865080e-02
2.829043741234365650e-06 -3.073848440692113215e-02
4.063278598831075054e-06 -2.537734829054784369e-02
3.917548899951968266e-06 -3.512024687232633696e-02
7.306214317251482577e-07 -2.438213684737565445e-02
3.178630463699732661e-05 -5.232353888062302172e-01
2.042585413785425765e-06 -2.098129988274083021e-02
2.420420224655425448e-06 -3.407409625206955783e-02
1.445417805952178178e-06 -2.351190161282154870e-02
3.025548027469908050e-05 -3.864125721658133172e-01
1.068470744390812981e-05 -4.852343000852561011e-02
4.387171787240838259e-05 -1.715561664916159246e-01
1.673799645822061836e-06 -5.371448372906696689e-02
6.551752045213156795e-06 -5.636288563196947821e-02
2.345896976484845786e-06 -2.047402103333531911e-02
3.830776633122366176e-05 -5.089573426907477716e-01
2.105053192511156595e-07 -1.444511590957213605e-02
3.046946463817330641e-05 -5.295374393821642434e-01
3.377629271205022599e-05 -2.653721604721627769e-01
2.106200486100353621e-06 -1.347751802063410463e-02
2.684582913624286417e-06 -3.159352755398394524e-02
3.017195655133500975e-06 -4.748978509693597277e-02
6.092666647293660342e-06 -1.007051828673377336e-01
3.810206087882706032e-05 -5.613146841019014399e-01
5.143057304007327916e-05 -5.027526311665574399e-01
8.356144234815403546e-07 -4.224890010050707384e-02
1.933019593141918028e-05 -3.062091992789555128e-01
2.753945078985307529e-06 -4.401252420051617736e-02
2.136364875647725833e-06 -2.909978140158988105e-02
3.484414734813001623e-06 -3.263024249877734956e-02
3.293454981637346934e-06 -1.933498222206092923e-02
3.905652112727096798e-05 -5.975972927536750134e-01
1.718141204006460193e-06 -1.102336357511820436e-02
3.373187998510500440e-06 -2.023204325067391035e-02
-1.191779515497800505e-06 1.822113405980533077e-02
1.234804866262591531e-06 -3.603683395026611135e-03
4.472318302799923565e-05 -5.103574751011957789e-01
7.243499393858057345e-08 -3.000589711370290832e-02
1.469180459032471433e-06 -3.384770124524149465e-02
4.310481580451524288e-05 -4.731917151685382517e-01
4.274068262033060270e-06 -4.873709990130085934e-02
3.273409091601437690e-05 -5.755315053659723068e-01
1.394430192051764918e-06 -4.324793830011686158e-02
3.563889690154366208e-05 -5.169440823638283833e-01
1.008405478087027893e-06 -9.071657919804142906e-03
3.422982392501515249e-06 -2.933020350917755342e-02
1.226612576903165527e-06 -3.680639762291736984e-03
4.431966658439059582e-06 -3.273164541866875610e-02
2.456741146191607842e-06 -3.635809862162884404e-02
2.074995649865641657e-05 -4.071214984158368355e-01
1.072144500630081693e-06 -1.395276539674089426e-02
2.609644057330764600e-05 -4.475322366517063832e-01
1.420445935542965551e-06 -2.864587058756774135e-02
1.052593749244986596e-07 -1.348691154417065025e-03
1.382965358455300419e-05 -2.303246116265519339e-01
1.755553207209393910e-06 -3.584350835726438089e-02
1.451664705622411526e-05 -4.458921710941742833e-01
2.424220136178970017e-07 -2.610748416533461777e-02
1.085094505282206337e-05 -1.283612271565346130e-01
3.166965364345722486e-06 -2.829053052453183933e-02
3.501517208569616965e-06 -4.004133429030650587e-02
6.094254102679246716e-08 -9.375895266922059518e-03
2.367204195977104557e-05 -3.769991786086943630e-01
2.684289276912874014e-06 -2.787782404873860587e-02
7.595793599694200831e-07 -2.393490672781203865e-02
4.439396481802234361e-05 -4.449779249296886841e-01
2.261549303412306930e-06 -3.219010740256953579e-02
2.489843085767556800e-05 -6.056088537768935520e-01
2.627847018278547196e-05 -5.669463173930816557e-01
5.921627604081036440e-05 -5.777791345711811299e-01
7.703685434133361875e-07 -2.889156168344972006e-02
2.713240542009385994e-06 -1.302316669575709351e-02
1.609370349778749081e-06 -2.551543504835892748e-02
3.921659900864853554e-06 -2.462549698414574773e-02
3.274386659118777244e-06 -3.535543986048155646e-02
-4.822869235447606849e-07 -9.423094392602651692e-03
1.347529922366790179e-06 -2.515923256540274905e-03
3.838749445773466321e-06 -3.984269213182840136e-02
1.868750821872612087e-06 -3.357191749653427176e-02
1.224250443891456847e-06 -3.312143140426809101e-02
3.213846542958514022e-06 -5.034954119909267750e-03
2.266350677425755323e-06 1.748094751462840905e-03
-9.808987235037100875e-07 7.441159482234869366e-03
1.607063090935388202e-06 -1.902089459097255908e-02
7.318992269460404916e-07 2.579326104175902554e-03
1.513678429790493714e-06 -8.943555097829736233e-03
4.538122855907149474e-05 -4.537567206917841878e-01
2.718746837938351864e-06 -1.855798112143517906e-02
4.730143834959138661e-05 -5.683648006755274151e-01
1.441576453907486237e-06 -1.564359417590015927e-02
3.245844627844967403e-05 -5.878779253156475315e-01
4.195513258485875552e-05 -6.122254600473394648e-01
1.743125778682027332e-06 -3.395990228546350714e-02
4.245577928341278252e-05 -5.450924367077613075e-01
7.726058966364003131e-06 -8.172249942334863793e-02
1.248166054519636997e-05 -5.224465481040020398e-01
1.090832469274004381e-05 -4.083402005731044393e-01
2.681608680735024293e-06 -5.021545161738914104e-02
3.408237860202312155e-05 -4.052475714326105871e-01
2.341145653656849305e-06 -1.064539090517596133e-02
3.594105938800563546e-05 -5.671337021569924364e-01
-2.307821472078355757e-06 -1.774794496235712355e-03
2.460356994526489254e-06 -3.062709688925946763e-02
1.901188533445219911e-06 -1.483535999717428520e-02
3.727536344834562261e-05 -4.729386480296119966e-01
2.032612412169315059e-06 -3.011241515395131699e-02
5.511428908650932321e-05 -4.545110072207106944e-01
4.403469213734526603e-05 -5.874036994086199170e-01
3.009660881285043142e-06 -3.283405439406125725e-02
1.675727258092925540e-06 -8.572578891028756823e-03
5.273778552921268791e-05 -5.371275365722432138e-01
1.768115550355586639e-07 6.285833862199614874e-03
-2.238335976698214637e-07 -1.005055424018186892e-02
3.330322683931053451e-06 -3.120249184520781580e-02
4.340343706410316181e-05 -5.354425273529076490e-01
3.155741988413108952e-06 -1.514497147461182913e-02
3.040447517600018695e-06 -2.852430900005855502e-02
4.198279359845964396e-07 1.200213038502401935e-02
-9.566864821746784920e-07 3.366831018416783106e-03
6.764773652309656337e-06 -9.713768087214186275e-02
