-9.138237603851286917e-01
-9.274645252988070743e-01
1.199297370510962191e+00
-2.365914347649156202e-01
-1.054505581797913649e+00
-1.559317022215925386e+00
-6.866469150492854334e-02
-2.249978536594592349e+00
-2.289310533193103514e-01
1.175283773610980020e+00
1.024281705267694242e+00
-7.862202660919669350e-01
-9.748196762706284879e-01
9.731064427196600697e-02
-2.072945443702157164e-01
1.754353044715570575e-01
2.455502584333492666e-01
-4.195503613397039144e-01
-1.133506287150956915e+00
2.383644741194785033e-01
-8.102004069867482228e-01
-8.744952377171767710e-02
-1.915712342087250830e+00
5.090052523926261729e-01
4.625969562348977715e-01
1.948628332264015217e-01
-6.053875289688374212e-03
-1.497684872757955477e+00
9.396917010940050163e-01
6.689353390766926699e-01
-2.986858704918448071e-01
7.363763757086976280e-01
-1.123185463195817801e+00
5.344060820533412803e-01
4.683505726367763744e-01
1.018759109239591565e+00
-8.700689695092669873e-02
4.403914934025745520e-01
-1.501427262191609158e-01
2.876295732529552951e-01
-3.212437838242256927e-01
-2.032992330767275924e-01
-3.157800238243485547e-02
6.695838545427470478e-01
-6.068307962816190532e-02
5.594586540376330630e-01
-1.128347679925079117e+00
6.822556919638300688e-01
1.059327236904344050e+00
3.820807407891431418e-02
1.717286596368186313e-01
9.009936201672872347e-01
1.824109679073821488e-01
1.103611051305432023e+00
5.031214085118085322e-01
1.105741422607003033e+00
-1.264462266303807203e+00
9.463000243074209950e-01
-2.052630733028098398e+00
-2.738335578168015205e-01
2.006086481571976998e-01
1.066539458396702944e+00
1.013186057107598126e+00
9.418509090407254369e-01
9.788614626866694035e-01
9.704898857695050118e-01
