-8.677094010915613609e-01
-8.789569600855002829e-01
1.119045461368596062e+00
-2.321212801193807407e-01
-9.949926806016449188e-01
-1.454834557560928276e+00
-7.370624895328807547e-02
-2.046561478625111175e+00
-2.264828409544350496e-01
1.094982816984561902e+00
9.579570779194503949e-01
-7.497346898976170460e-01
-9.234716553044165499e-01
8.134800885718126984e-02
-2.048414657850552156e-01
1.562983623986057558e-01
2.214336868889682786e-01
-4.065111982544647451e-01
-1.069821551498015166e+00
2.152221206909497864e-01
-7.714953874913672571e-01
-9.292123115598534266e-02
-1.767762808919896012e+00
4.699693965759130787e-01
4.280826415167531263e-01
1.744786825771973138e-01
-1.738744091946389791e-02
-1.399577651270171419e+00
8.757966686491052144e-01
6.233899609915696249e-01
-2.925543793877484200e-01
6.858379841362378659e-01
-1.061676642279850702e+00
4.970533796942555038e-01
4.318695848530006987e-01
9.503557015657948526e-01
-9.126231473276122386e-02
4.067480613310942572e-01
-1.521681501471903453e-01
2.616138130501974857e-01
-3.137670038169167452e-01
-2.024862957778264250e-01
-3.983355876222814673e-02
6.229933116626746870e-01
-6.592417388451946025e-02
5.200259233689035199e-01
-1.064670566288499653e+00
6.353172991340589881e-01
9.880649639172889298e-01
2.423460112513328366e-02
1.523184957321543909e-01
8.406960447600918540e-01
1.636603650954468747e-01
1.030854691927277189e+00
4.660014640939940112e-01
1.032715288146261345e+00
-1.190030481174828791e+00
8.824005000260231046e-01
-1.881913422359072330e+00
-2.686244302649149485e-01
1.800337553984938666e-01
9.962097358368741107e-01
9.463165376719669952e-01
8.781247746243082686e-01
9.153704802665340035e-01
9.063520407537194457e-01
