-5.972410506995796675e-01
-5.982990502605727290e-01
7.218038900243853861e-01
-1.715277227600956189e-01
-6.605489051179745941e-01
-9.394866348160435532e-01
-6.481660058966509652e-02
-1.228426615374975883e+00
-1.759695006959305641e-01
6.973380319473885258e-01
6.298643975837343589e-01
-5.242203033389125633e-01
-6.273709236270672562e-01
2.903603366074037836e-02
-1.548547203750500478e-01
8.709278539134297781e-02
1.243602158024811888e-01
-3.001597636216670195e-01
-7.194904729553928124e-01
1.238366621896485054e-01
-5.361622336001428124e-01
-8.690959446898596785e-02
-1.104463274279071205e+00
2.889294098577795400e-01
2.736629492017918497e-01
9.765757760204626936e-02
-4.181429711127550297e-02
-9.083633773852926030e-01
5.601769396952623881e-01
4.064612610250307734e-01
-2.205409215539038958e-01
4.426646284087432104e-01
-7.226351398373016544e-01
3.279264208482694509e-01
2.660586376651876694e-01
6.097883676098277972e-01
-7.954776674258270952e-02
2.565304498730119898e-01
-1.267527222446333257e-01
1.546512421561851980e-01
-2.343887787689016011e-01
-1.601913435202090841e-01
-5.037455715344207885e-02
3.999185706991110756e-01
-5.826743745520458068e-02
3.362690236024728496e-01
-7.158352453384758673e-01
4.104968850599283181e-01
6.329865451081949645e-01
-1.610601158540483913e-02
8.226245569325622842e-02
5.442404127580826589e-01
9.765624067629613547e-02
6.695148363645891942e-01
2.950408494539157878e-01
6.710517093325745197e-01
-7.956542189531972120e-01
5.686140232815420914e-01
-1.143429542022718737e+00
-2.027921004701256635e-01
1.040447754816371667e-01
6.480976185797143740e-01
6.165066701754634559e-01
5.640186518012565431e-01
6.039788627356256212e-01
5.891237067600164634e-01
