2.424299543023196793e-02
-1.637465746390925070e-01
2.779437267791428301e+00
8.617428861679207186e-01
-3.069288484756831914e-01
-8.600148370674932652e-01
1.111666067909133693e+00
-1.555309189718212304e+00
8.955771419346311157e-01
2.788289337379611155e+00
2.660060779938879794e+00
1.490233333359511636e-01
-1.524741510576221870e-01
1.374935788398137460e+00
9.774128906114130100e-01
1.480155235708530581e+00
1.621899305961982174e+00
6.111574468143057270e-01
-2.648349651721598752e-01
1.652259194164909406e+00
5.457413996380561932e-02
1.145127509881830097e+00
-1.222831907992096623e+00
1.956850067539027460e+00
1.845464671852121707e+00
1.583314117909730756e+00
1.268258084244926254e+00
-8.860323873969936370e-01
2.469742263349683498e+00
2.174175838773994673e+00
8.763909538201904992e-01
2.260137665519274197e+00
-2.382873552797600547e-01
2.008638164585170749e+00
1.837115233044168239e+00
2.593510719296200140e+00
1.092730987894727779e+00
1.960766665220782690e+00
1.022575280772539674e+00
1.728285129296923905e+00
8.361154378714994451e-01
9.810946116474915657e-01
1.261427883001078110e+00
2.198539108220278759e+00
1.145148794895850974e+00
1.960666087586335982e+00
-4.005664901538862344e-01
2.148263827619348199e+00
2.763169665067914504e+00
1.358913345523776295e+00
1.418698737009473243e+00
2.407003089106589222e+00
1.460950109313439160e+00
2.765497721177618384e+00
2.004034248107222194e+00
2.734583779933108083e+00
-4.341457387352162800e-01
2.572745215896803384e+00
-1.329744462674655292e+00
8.366458084905058490e-01
1.490203369867757699e+00
2.645328198656871077e+00
2.595190429991599324e+00
2.504785641859730294e+00
2.596632840317398827e+00
2.486071729128359387e+00
