3.644465464329001980e-01
2.610710824255114471e+00
4.028755638784645932e+00
2.585441559598229411e+00
2.656685112234616231e+00
2.109292318499536911e+00
1.180279854802497530e+00
-4.976539972426388680e-02
6.986694268246181672e+00
2.835448829889737787e+00
3.309159244011380618e+00
2.577654837005312949e+00
3.197852024472399024e-01
3.430306662496855452e+00
2.514205547241324723e+00
-1.310378127792381164e+00
2.827089825393599432e-01
3.271656510098066128e+00
3.648378766116867400e+00
3.141617972727898334e+00
3.856079285137291368e+00
1.624373884293456527e+00
2.452336529239436569e+00
3.480197293447091056e+00
2.422034996683646857e-01
2.255083469058527079e+00
2.654887767576679991e+00
-2.713267459136152124e-02
1.285875755971535916e+00
3.450601216962218665e+00
4.122071169348445530e+00
1.408490420945926136e+00
2.630218644731930677e+00
6.838920356703232173e+00
2.025058250919865799e+00
2.504836461966609473e+00
4.745771698894929003e+00
2.947293944441005120e+00
3.202803409514431543e+00
3.577801972143896503e+00
3.889147619352762764e+00
9.696319479651045736e-02
1.583951773403601937e+00
3.571106881654580345e+00
4.464009074761753126e+00
1.657741733726094679e+00
3.743000284630447538e+00
2.915211894061389586e+00
3.167308303438340022e+00
1.087880407451432996e+00
2.707899321570868434e+00
1.946175070423270759e+00
6.919472618329978175e+00
2.242289885728004251e+00
-4.286131288187332022e-01
5.854994778651639642e+00
2.240068916615619798e+00
2.917729523547353043e+00
4.066357672970073445e+00
4.465735771401466714e+00
1.642788835112373835e+00
2.092206003044807527e+00
3.825110827910153777e+00
2.649988039103341908e+00
2.757531592962323419e+00
3.752068391771045786e+00
4.107565076720390174e+00
1.445033507670966166e+00
4.848581440528564990e+00
2.091834406296523063e+00
3.697534850917660432e+00
1.578893635370051340e+00
2.522270608409449721e+00
2.215181817229120997e-01
1.059941585830144195e+00
4.111227244062846786e+00
4.022825976179665197e+00
1.482163844578164191e+00
3.095661596063143950e+00
2.431437800278273720e+00
2.908518603956830706e+00
2.309591578450472582e+00
2.117194076208452458e+00
2.723666448242849203e+00
3.368603468409067769e+00
3.822397092336530022e+00
3.877115697995912047e+00
3.693334685396819861e+00
3.711544456344361809e+00
3.507091235017931297e+00
3.011002844956992774e+00
3.826119796173624188e+00
3.025482778796744210e+00
2.683093785478821047e+00
5.804468552081164745e+00
1.350111686964145186e+00
3.325941766464128868e+00
-1.018027542452391243e+00
2.538972029164371369e-01
3.124441936047648305e+00
1.709267410156700473e+00
3.158390772802511126e+00
3.450427041203049772e+00
4.471395608323493143e+00
3.815962255661756064e+00
3.641500890202333807e+00
5.672242671127293967e+00
1.064162097704300480e+00
3.577866403158253217e+00
-4.760473487691761763e-02
5.504503645937350864e-01
3.911324012405926531e+00
5.544538915357404285e+00
1.294237949652950581e+00
2.372452222796289423e+00
1.852724599803486916e+00
9.382716937137038082e-02
1.873006735338437645e+00
3.420160945764295857e+00
1.461794010447641234e+00
1.659897597031674721e+00
2.584544577359669582e+00
3.930618923700785139e+00
4.009977775094582420e+00
5.879065166358229400e-01
2.027994071901195294e+00
3.619056092497346722e+00
3.314097358863161258e+00
4.535022470402665817e+00
3.594569563596102579e+00
5.540373101874392248e+00
3.410033781603372116e+00
6.400530670116088672e+00
1.250642279777175903e+00
1.555625663419553772e+00
2.261863707078198615e+00
4.045231146403907907e+00
3.801087931768215800e+00
-1.048587965954279194e-01
7.848199064139234071e-01
4.252271630431983418e+00
3.699415131823699632e+00
2.509872641666578197e+00
1.245013911760404879e+00
3.637701605582038811e-01
-6.450432262173168008e-01
2.722535577669399576e+00
3.633777947025053634e-01
7.580457342909565632e-01
2.940211269545518036e+00
2.383457341464204404e+00
5.543348935440663539e+00
6.825156533810381454e-01
4.472527071647703245e+00
6.236458436872109878e+00
3.468892140758388365e+00
3.436332263118896169e+00
3.230647754705143981e+00
1.980514558591855989e+00
1.482344154425260907e+00
3.527296221700563450e+00
4.060032458603552108e+00
1.200888467218606204e+00
3.754040819051609468e+00
-2.608650131378756898e-01
3.208400163185171294e+00
9.346713713676004787e-01
2.686377575112560034e+00
2.788265824744219579e+00
4.074168986252781011e+00
6.920129358039668332e+00
3.320833796736896382e+00
1.015340347397127418e+00
5.808584958950575583e+00
-2.739958097987514329e-01
3.573161731341472080e-01
3.462171130018779852e+00
4.572446473454355065e+00
3.188605817608147763e+00
3.835818551868711790e+00
-4.981265533383418820e-01
-8.657642826424264415e-01
3.927539867304677745e+00
