-1.070650412765218551e+00
-1.338920264062002596e+00
2.009481127004631773e+00
-1.062866245443064572e-01
-1.505540614469438543e+00
-2.283077523335928838e+00
1.784030238368809473e-01
-3.582117164550405519e+00
-5.814742926938063633e-02
2.021851753458089096e+00
1.864352734465659855e+00
-9.071913806820658399e-01
-1.318806377192476731e+00
4.782535422655869728e-01
2.963493486865711665e-02
5.950406981036939769e-01
7.438452315328416553e-01
-3.754605773251591949e-01
-1.431505132590366269e+00
7.973275374795466552e-01
-1.091393520857616650e+00
2.333480297522495528e-01
-2.852011085005962343e+00
1.101287963339777853e+00
9.854437720370567977e-01
7.110394983839164462e-01
3.712254037213389424e-01
-2.344029949597338902e+00
1.663903458304317962e+00
1.332090359539771951e+00
-6.274079929298793934e-02
1.439579612673592024e+00
-1.425631751692712834e+00
1.159202574723154244e+00
9.923895528258124266e-01
1.799120727885147986e+00
1.863233851067667701e-01
1.112780025790744975e+00
9.443621091600457040e-02
8.637501422568364395e-01
-1.297199575117440051e-01
4.783270449695739557e-02
3.596147821897910934e-01
1.383328247235563913e+00
2.390830805421746419e-01
1.105141426169213625e+00
-1.639903393409824162e+00
1.310397261028118043e+00
1.977213843347774169e+00
4.636665676613513365e-01
5.265867494093786627e-01
1.598282114106231111e+00
5.728465937014572962e-01
1.993364590801449898e+00
1.162489976578923612e+00
1.960362974082598742e+00
-1.682422757752382481e+00
1.762554430026874952e+00
-3.168303468154040736e+00
-1.356270441749461986e-01
6.142835230001222335e-01
1.858164578544913237e+00
1.791828750469933951e+00
1.704113484871511153e+00
1.804116789080809413e+00
1.680502296779599281e+00
