5.653474772154503114e-01
2.722049914830782402e+00
4.024745260410293568e+00
2.950769536446662400e+00
3.127647843973740738e+00
5.203125480324834129e+00
1.564925683224381636e+00
-8.315744091418286743e-02
6.893185697014377666e+00
4.836443937884880029e+00
3.517248184151073875e+00
2.825013544210335237e+00
4.285665035451975968e-01
3.853217865099325401e+00
2.775628453266409945e+00
-1.480304853237029983e+00
3.200666885044382015e-01
3.299646864079151865e+00
3.941229208964497577e+00
3.461277760246658008e+00
3.734517612399878672e+00
2.325677161486671807e+00
5.422910179059606151e+00
6.073578666721370922e+00
2.976951635443466082e-01
2.869810567814524038e+00
3.229330758692120718e+00
-1.895037518740527727e-02
2.443735951084626823e+00
3.478748868815553674e+00
3.930343151378413946e+00
1.814519304052179205e+00
3.197104898993324618e+00
6.797216036782586457e+00
2.655680072452540230e+00
5.439568766750791262e+00
6.568292612918740225e+00
3.659295468071192658e+00
3.670835401407661180e+00
3.521230369697179619e+00
3.690956940129546116e+00
1.275276517209228133e-01
2.285341869747839816e+00
3.562781490775873472e+00
4.375271807993257767e+00
2.544794518266827676e+00
3.789979804928502283e+00
6.045249908942693651e+00
3.225733794242389596e+00
1.371156947308041385e+00
3.145322348535309676e+00
3.283241206447916394e+00
6.949089612584740117e+00
2.687567966637002481e+00
-6.698167595661044249e-01
6.534472219652823988e+00
2.699480640768793016e+00
5.670075610395164389e+00
3.992845589825106511e+00
4.259460499734245786e+00
2.677296635968536176e+00
2.643880035830147968e+00
3.758300256752818758e+00
2.772696459102927502e+00
3.347364177075791591e+00
3.805547458138626382e+00
3.957754382473051891e+00
1.961385197242466294e+00
6.212738314774410853e+00
2.825675643755132693e+00
3.567449870820601721e+00
2.188801179536453922e+00
5.425021082903215053e+00
3.343589241921388622e-01
1.875056790097430426e+00
3.989105207765899053e+00
4.385034883026001751e+00
2.235689534879718110e+00
5.973469623983318932e+00
2.461268264775670733e+00
5.874991165454481745e+00
5.103789650365377462e+00
2.815692006862556607e+00
3.372299200798595464e+00
3.677045807764588226e+00
4.509021806140706801e+00
6.227970800446531285e+00
6.408209322560892041e+00
3.586243378718507735e+00
5.394498957464215927e+00
3.384419148971424374e+00
3.627573733420861313e+00
3.519466075699717589e+00
3.345413450232104235e+00
6.545107941854819700e+00
1.971035748697515411e+00
3.393900717623468122e+00
-1.381015950935385428e+00
5.432739116780020971e-01
6.155852062287109128e+00
2.091913972258372389e+00
3.195815441646326249e+00
6.124439221836652791e+00
4.213628198853737850e+00
6.101987066245863289e+00
3.489615970185841576e+00
6.345104334776629607e+00
1.627283087808450324e+00
3.672207172243453055e+00
-5.744063735874335719e-02
8.356237666905536043e-01
3.846552462910144854e+00
5.991617062793102022e+00
1.706247891500421554e+00
5.455738927288796170e+00
2.426053023820351928e+00
1.911870836526038397e-01
3.715216834592240946e+00
3.472309367270036251e+00
2.571430582975877677e+00
1.864137112089282233e+00
4.269468619836124468e+00
3.738823072796218394e+00
3.921321698796337518e+00
7.109643444960657144e-01
4.577035168464045789e+00
3.701254691455034607e+00
3.163607340254156686e+00
6.204661806907608046e+00
3.515732896568278143e+00
6.260513808148484571e+00
6.031882160006314386e+00
6.784139000408535125e+00
1.901053087851466650e+00
2.217963440393993402e+00
2.554529325924762340e+00
3.891643552090363833e+00
3.825858496030514644e+00
-1.691867760048507419e-01
1.168542379363623152e+00
3.993252943096354812e+00
3.585257326442988113e+00
2.863922961250619625e+00
1.947847520081667838e+00
7.977016721005872890e-01
-6.839464353800543961e-01
3.006615064068955068e+00
5.071224478111747702e-01
1.083685524560839220e+00
6.114773165046598180e+00
2.990752985899743255e+00
6.616568143979346672e+00
8.490834436347758363e-01
6.295618075214698628e+00
6.549248212692646121e+00
3.464588278884675798e+00
6.200012155545140402e+00
4.397077359174113909e+00
4.274466292116434474e+00
2.540384091791453525e+00
3.748822854254625803e+00
5.970540812011268628e+00
1.829375905617468323e+00
6.198063692306723382e+00
-4.220963748140442173e-01
3.487129449884220911e+00
1.281332843061622428e+00
5.902976801079421243e+00
3.317132814369437188e+00
6.360759251916037194e+00
6.797413065507674546e+00
3.535784894333676931e+00
1.369955118065714572e+00
6.589002826539981150e+00
-3.481973093817571363e-01
5.559340587270309442e-01
3.605640829163268890e+00
6.337337396193675865e+00
3.458964798625540293e+00
3.701421039510464084e+00
-4.289531537490725577e-01
-1.090402575124832296e+00
4.472356897357385286e+00
