1.562210843497958246e+00
1.482555994619232376e+00
3.427987099358187795e+00
2.075052168259104768e+00
1.405312781626690821e+00
1.130586392112774341e+00
2.231415009439004837e+00
8.716557270281369840e-01
2.091792997911730456e+00
3.449016747154830309e+00
3.341679429196636075e+00
1.610343318141328250e+00
1.482070840847968807e+00
2.399866052596231203e+00
2.117317524359580982e+00
2.459080560157072881e+00
2.577638230755928461e+00
1.877573094109789231e+00
1.390825541036244006e+00
2.570686552601226804e+00
1.630894841632139158e+00
2.231569743944997963e+00
1.001149781749610224e+00
2.845354521740689258e+00
2.758803733000306568e+00
2.531329699737904004e+00
2.323694290822389874e+00
1.168324879994053322e+00
3.194459493830649865e+00
3.006970329708794853e+00
2.044985264807595016e+00
3.032583452052719508e+00
1.439973680334633910e+00
2.858664725030578779e+00
2.721801753907951760e+00
3.294699485038948161e+00
2.174680414062323930e+00
2.816388739617111892e+00
2.156318749652131217e+00
2.642706278543669018e+00
2.040247874369091274e+00
2.125042622783831270e+00
2.308249330428201240e+00
2.985978467168113770e+00
2.222854384449291842e+00
2.827457562887360165e+00
1.359924262626489799e+00
2.976096586630062824e+00
3.434703265874676337e+00
2.379871286075039283e+00
2.438949125226335557e+00
3.158690355025393970e+00
2.451880132937637402e+00
3.407686315896542251e+00
2.855367950331081150e+00
3.374269270635946061e+00
1.323468778809448576e+00
3.299193064349772886e+00
9.611174749277541229e-01
2.055804996035462295e+00
2.468330486124928669e+00
3.325396980019031279e+00
3.297201751504426070e+00
3.239585502487432933e+00
3.286232032298648242e+00
3.228227194382272458e+00
