3.914091785299061987e-01
2.639787413810173344e+00
4.057333390037507037e+00
2.723032110020031205e+00
2.851290368923850238e+00
2.584181444239159298e+00
1.240851440592530386e+00
-5.891227656969955789e-02
6.996727523440762653e+00
3.459129024049655499e+00
3.419698902916005423e+00
2.639220307057418058e+00
3.368873008883798703e-01
3.613696653702880290e+00
2.640107557141688766e+00
-1.334754570258848805e+00
2.805856510588433106e-01
3.309068387699974245e+00
3.795356103225296707e+00
3.312463161418293112e+00
3.844875849303316162e+00
1.763174714059319248e+00
2.869070676073786963e+00
4.224411629967575799e+00
2.467547561056313010e-01
2.439685672994822863e+00
2.854769971819778540e+00
-2.444066285147914949e-02
1.441357168296750313e+00
3.486612379856846022e+00
4.090384339158558369e+00
1.479408844365354136e+00
2.789843303367023797e+00
6.872483519873397562e+00
2.142706234959997236e+00
2.949491178309163963e+00
5.984643595371834657e+00
3.231369783910861937e+00
3.490121891890240136e+00
3.583868623091682082e+00
3.846972811022347116e+00
9.886349828420223917e-02
1.780049735391977972e+00
3.618387716414861899e+00
4.461559129954116187e+00
1.886419152374653629e+00
3.846577992570538118e+00
3.666080724806110691e+00
3.215485686377338670e+00
1.140764713452994572e+00
2.863646566218746692e+00
2.248918032082132257e+00
6.999244318715315494e+00
2.348850725768875769e+00
-4.785206792655745112e-01
6.248370900241877024e+00
2.336446945439262457e+00
3.684658567879046664e+00
4.075248829155814434e+00
4.432434106077198344e+00
1.862529776453215824e+00
2.220347350886908711e+00
3.845343432906872749e+00
2.709501788352492113e+00
3.017537319383089223e+00
3.797995397042826848e+00
4.101301113779290297e+00
1.566079570176070135e+00
5.526060725430303577e+00
2.288106388158619442e+00
3.684790376155783864e+00
1.705977015513920891e+00
2.955497238197162702e+00
2.440011230549149757e-01
1.174737246051761108e+00
4.116306684452830211e+00
4.241011705949250477e+00
1.666413320392156727e+00
3.951041845706292133e+00
2.485380434532009630e+00
3.591250653092600498e+00
2.710245827445724398e+00
2.395236620844771736e+00
3.022052797821243697e+00
3.502432319645196745e+00
4.221708768411846613e+00
4.810244515828966172e+00
5.047474034167892754e+00
3.704545191373355806e+00
4.281180537554999610e+00
3.169688794566969392e+00
3.794086948077632471e+00
3.227154265204982941e+00
3.009781872140704362e+00
6.287849651077035418e+00
1.460141738324552962e+00
3.350217712336992282e+00
-1.099779524620684512e+00
3.016880682589900275e-01
4.001748759752238094e+00
1.800639342568579160e+00
3.193190483358054887e+00
4.813193781949992811e+00
4.421701414301139721e+00
4.925741213376700678e+00
3.622130302023268023e+00
6.035278139583064139e+00
1.150112575035685980e+00
3.651644893840715778e+00
-4.730475101325768567e-02
5.972868652187609539e-01
3.934760020319907792e+00
5.830522845354140671e+00
1.381141742313323428e+00
2.966173180479963367e+00
1.969284034682634799e+00
1.075525314582927439e-01
2.099265673199548932e+00
3.464724498943897224e+00
1.632265825410450510e+00
1.686796078162509094e+00
2.942981240222416250e+00
3.901235206785309551e+00
4.018518246954576156e+00
5.991772271457672661e-01
2.309069702610307750e+00
3.720479826452448346e+00
3.293754892248926591e+00
5.422976132138169092e+00
3.592364741620708291e+00
5.944003699448729527e+00
4.747474622163814217e+00
6.667526957858862957e+00
1.415331468620684818e+00
1.667142926287817239e+00
2.325829263284102222e+00
4.043876778273411077e+00
3.861499072539053667e+00
-1.097369321703007133e-01
8.849068596704332545e-01
4.200423695649418754e+00
3.698490213963264939e+00
2.606809701159785941e+00
1.373763433379493248e+00
4.616982720083417369e-01
-6.251393464371263198e-01
2.858594329254914967e+00
3.943213699133744088e-01
8.310900475147234845e-01
3.926542005014577175e+00
2.555983601634730817e+00
6.254394548629065298e+00
7.182369432288967515e-01
5.577423790271241799e+00
6.398374855119286053e+00
3.498223348442162095e+00
4.447387624302164610e+00
3.653696604070004739e+00
2.217721928391988673e+00
1.627369618109439475e+00
3.667835193155816853e+00
5.069510220532807310e+00
1.303404697013809121e+00
4.935173922888092868e+00
-3.074667146207060164e-01
3.343540735731164837e+00
9.891137308543734852e-01
3.359555615167846288e+00
3.024518867969622882e+00
5.390785667947540993e+00
6.922147719469832872e+00
3.428880700361787603e+00
1.079789403240817736e+00
6.256355147063589861e+00
-3.065493174526026654e-01
3.924876442046822400e-01
3.563257071865041148e+00
5.510140067996503355e+00
3.332981113171234799e+00
3.821164372157950240e+00
-4.832774358892453770e-01
-9.268108955133930182e-01
4.152686816436813366e+00
