9.319775779299140916e-01 3.625159227342862889e-01
5.453081373049546432e-01 8.382356681679686838e-01
8.186355804895733002e-01 5.743133172376377882e-01
5.672532251304008843e-01 8.235434284718436970e-01
7.488283569410186802e-01 6.627639789857431296e-01
7.191319848528641145e-01 6.948735052954458924e-01
4.565070614790057157e-01 8.897197889334615972e-01
6.901527338304780379e-01 7.236637368186398245e-01
8.432034103773378142e-01 5.375946509481160929e-01
6.452677677586428073e-01 7.639564829830153281e-01
6.793205951805504350e-01 7.338416238968343830e-01
8.228660992606815494e-01 5.682353233366527201e-01
6.959440077644631906e-01 7.180960507179640073e-01
6.046501362695965165e-01 7.964911880925981125e-01
6.292394687755789029e-01 7.772114840473134389e-01
8.157115668436184380e-03 9.999667301785454265e-01
4.513629957981332153e-01 8.923404316874443687e-01
8.675986494682780270e-01 4.972651037835049692e-01
7.230520533361346480e-01 6.907935495981412100e-01
8.163576123503248905e-01 5.775467502788641516e-01
7.410864792855396121e-01 6.714095845459489009e-01
8.358644852136211112e-01 5.489358453941302063e-01
7.201528322703808493e-01 6.938154640629946579e-01
5.551807392787909690e-01 8.317297317842228255e-01
4.189149836008487227e-01 9.080254602788958573e-01
5.056242478633343751e-01 8.627538003234974662e-01
8.949464540615950092e-01 4.461735585650247193e-01
6.652040220754051880e-01 7.466616429244936626e-01
8.778090424486758581e-01 4.790107357829662682e-01
5.808315131966642619e-01 8.140238038765654771e-01
7.561938323870897039e-01 6.543476811754788125e-01
8.298056730124794278e-01 5.580524572442148168e-01
8.067859776900069280e-01 5.908437917104485404e-01
7.319612992071375945e-01 6.813462089591452164e-01
6.270810416227304840e-01 7.789540212601456792e-01
4.988641622307006251e-01 8.666801876366282409e-01
8.176759984752147714e-01 5.756786964249768213e-01
7.227703389425165215e-01 6.910882990942039950e-01
7.025381743289819125e-01 7.116460592250202222e-01
8.415813384780060913e-01 5.401304015935115554e-01
6.886787418451341125e-01 7.250666110990100499e-01
6.747494380977321349e-01 7.380468791254352068e-01
7.743516607589303602e-01 6.327554863293455290e-01
8.833809460508136313e-01 4.686556349329106808e-01
8.412974572814571061e-01 5.405724635714947990e-01
5.489275818297524312e-01 8.358699120715739062e-01
5.517445425616618326e-01 8.340131652158870867e-01
8.905066642001696620e-01 4.549701979416743147e-01
6.412864640262743166e-01 7.673015515797410036e-01
1.784436036453789787e-01 9.839501411748722282e-01
6.315407814947601173e-01 7.753426605759468071e-01
8.134682570731500695e-01 5.816093145182350543e-01
7.978328106438891121e-01 6.028787658062541022e-01
8.070079948247104173e-01 5.905405119794916446e-01
4.908491019227744778e-01 8.712446035078815765e-01
7.787099753669731728e-01 6.273840723703207889e-01
7.536043432718406709e-01 6.573282998637878238e-01
8.732195249661304226e-01 4.873270577527226699e-01
8.971494127550166953e-01 4.417272135530351251e-01
7.652747728538519256e-01 6.437037533162948133e-01
5.004108355474018444e-01 8.657880778035413893e-01
6.460577390599933079e-01 7.632885416411606672e-01
6.267452527426902176e-01 7.792242220083390736e-01
6.896822317354063259e-01 7.241121592878201341e-01
7.024574008225275001e-01 7.117257899146686162e-01
8.221725620396682643e-01 5.692383316583028430e-01
7.997559836263598010e-01 6.003252174062271296e-01
5.804690470916464839e-01 8.142823130637899531e-01
5.493481624431070243e-01 8.355935593459188349e-01
8.200244536692382624e-01 5.723284855609296340e-01
7.748235139121762982e-01 6.321776034381380027e-01
7.414410270617881604e-01 6.710180350702660279e-01
8.103448007228470917e-01 5.859533291495568896e-01
7.231468709153380248e-01 6.906942906129710513e-01
9.032969823682930333e-01 4.290158058211092085e-01
7.205954902891635871e-01 6.933557091240541981e-01
8.310978958681433104e-01 5.561261434994266839e-01
7.730862563381184493e-01 6.343009067162943548e-01
8.457214286521941293e-01 5.336246481549477005e-01
5.377590204095967774e-01 8.430985920804938694e-01
5.505971357792429632e-01 8.347711028010575962e-01
7.695197317877467968e-01 6.386230362187965692e-01
8.653024033026488482e-01 5.012501878689523682e-01
5.821709003755525247e-01 8.130664442442072648e-01
7.983594612435630511e-01 6.021811775893429752e-01
7.945606094581773027e-01 6.071848465644131831e-01
6.600890187678654097e-01 7.511873849460444230e-01
7.977031660992502937e-01 6.030502954109480118e-01
7.817079190593828608e-01 6.236447139837307807e-01
6.113443199195774946e-01 7.913647215425193560e-01
9.042016817875945245e-01 4.271057464521937352e-01
6.751276892780371242e-01 7.377008900429077309e-01
8.490928521983557298e-01 5.282436259394536204e-01
7.781520975214973879e-01 6.280758816599265604e-01
6.628338072267135894e-01 7.487665483963207302e-01
8.669016498421010519e-01 4.984792167192562684e-01
7.415753342162775263e-01 6.708696025920508621e-01
9.973082675575488665e-01 7.332270767886789331e-02
6.990617227380666598e-01 7.150613314971565604e-01
8.566271587625403638e-01 5.159359561713229292e-01
5.484377334266170578e-01 8.361913970819569997e-01
8.062892411377531321e-01 5.915214785834119748e-01
7.412574429829872358e-01 6.712208304442907059e-01
7.487003282756796718e-01 6.629086048920239671e-01
7.041132398885194821e-01 7.100877026210861143e-01
6.896370522512892398e-01 7.241551878997709579e-01
7.238521893764123805e-01 6.899550767513595861e-01
7.840677322589467702e-01 6.206752703550486583e-01
7.560257617514828388e-01 6.545418608218195322e-01
6.315567308723104567e-01 7.753296690375519606e-01
9.959381044068973399e-01 9.004050305499300411e-02
6.274930644600720253e-01 7.786221510171079663e-01
6.987325180675603153e-01 7.153830220203485357e-01
8.213909321511599915e-01 5.703656165827745150e-01
5.360397636320716197e-01 8.441927338026979921e-01
7.913546773254307443e-01 6.113573216010120825e-01
9.979234195764665749e-01 6.441155688858493655e-02
5.728502216754248755e-01 8.196600658360859715e-01
6.584657361927200858e-01 7.526107056507894688e-01
5.309017080679656608e-01 8.474334052717752419e-01
5.182467066993104998e-01 8.552311681617542627e-01
6.732932595212504090e-01 7.393755383316723551e-01
7.369060961011196786e-01 6.759951224151009574e-01
7.549425789315287183e-01 6.557908984700935306e-01
7.661856498647487967e-01 6.426192884915086223e-01
8.407175577743788430e-01 5.414739033876740937e-01
6.953894178070184617e-01 7.186331175238280800e-01
6.174144051240246789e-01 7.866380694737236112e-01
8.502779708410573845e-01 5.263338981126087779e-01
6.331206642536010287e-01 7.740531147764210251e-01
5.541648433577324173e-01 8.324069475841127108e-01
6.071551368936962678e-01 7.945833120218401824e-01
8.138481003403985614e-01 5.810776794649100685e-01
5.214951250368435876e-01 8.532542613798111963e-01
8.691765773637514236e-01 4.945018476833374921e-01
8.581951400214955505e-01 5.133235837592946549e-01
8.138385774253108496e-01 5.810910168763121497e-01
7.692686103464942970e-01 6.389255082836916566e-01
5.581675913792518706e-01 8.297282325761156097e-01
7.077617582263083795e-01 7.064511968936033615e-01
8.616322218643057695e-01 5.075331656603140340e-01
7.738534879801122202e-01 6.333646494248114101e-01
5.740192550344753730e-01 8.188418008685597327e-01
8.421987743579064656e-01 5.391671581894060816e-01
9.857840594123242761e-01 1.680172259280553193e-01
8.111043905438395374e-01 5.849014170272684998e-01
7.872825270656477192e-01 6.165924282515377053e-01
7.594732039093541331e-01 6.505385865140212998e-01
7.179956774412808995e-01 6.960475610011404024e-01
7.949601932849923447e-01 6.066615952013838520e-01
6.067057034080034494e-01 7.949265308518768114e-01
7.169245738961862457e-01 6.971507407611151619e-01
7.307156906352429981e-01 6.826819021033587731e-01
5.696182639026329264e-01 8.219093827354391202e-01
7.504144630959320716e-01 6.609675737707896293e-01
6.766985052537664025e-01 7.362602345552272665e-01
8.034862493053349652e-01 5.953233131477760898e-01
7.474930487404694013e-01 6.642696305602705520e-01
6.590083856212956004e-01 7.521355912871120486e-01
4.928588938180384349e-01 8.701092522117320760e-01
7.428433797684591555e-01 6.694652441569858281e-01
7.062098675812583659e-01 7.080025585623697104e-01
9.208151198116861780e-01 3.899993783664149616e-01
5.640579029712138315e-01 8.257352372859696477e-01
5.304098849397580473e-01 8.477413249088384672e-01
8.600229987094840656e-01 5.102552711053035539e-01
7.415963669314921125e-01 6.708463524191004002e-01
6.628344922678282014e-01 7.487659419738924571e-01
8.235632424437153709e-01 5.672244579490505201e-01
8.610718015276872528e-01 5.084833847962618725e-01
7.617262259436475835e-01 6.478990328049942793e-01
9.570274426097163945e-01 2.899973691120421027e-01
7.548770364459218563e-01 6.558663429744070461e-01
8.044845710498486069e-01 5.939735473425908907e-01
1.000000000000000000e+00 -0.000000000000000000e+00
5.880079237062091346e-01 8.088551672943141702e-01
6.604407491676929087e-01 7.508781637781302143e-01
8.165381112069659553e-01 5.772915320239508929e-01
7.266647515632902454e-01 6.869922407389050800e-01
7.465002594391595414e-01 6.653851235617367355e-01
9.933322216485611644e-01 1.152870219700980192e-01
8.029512267892103816e-01 5.960447360707937792e-01
7.538143302128759160e-01 6.570874793858983987e-01
