-9.641512717635236651e-02
1.958425293585192573e-01
2.600229767451740504e-01
2.211464512655155201e-01
1.221986463996861394e-01
7.001848650215145575e-01
1.079748131095416896e+00
2.289826475311443066e-01
-7.728541166347162594e-01
2.886926373350301445e-01
4.516818637754501653e-01
-8.177513171378587575e-01
3.909373508092904292e-01
3.789610157957962189e-01
-8.946604607755705985e-01
2.000720011751448424e-01
7.956159334267961514e-01
3.369491216916109533e-01
-3.390374963901987004e-01
-1.337551373413488065e+00
-1.551389378683408482e-01
6.865775569544249057e-01
3.702968784247207684e-02
2.286683326904699054e-01
5.808449184039817803e-01
5.093222843100475399e-03
5.493458886080987424e-01
-1.234558085884473799e+00
-1.365278389568335138e-01
1.300964146262623411e-01
-2.664320726714368148e-01
1.245527255301915881e+00
-2.052454703485522003e-01
2.810516403236312244e-01
7.293556174080517707e-01
-6.316254470101621832e-02
-5.149857646249210441e-02
-1.552349438952986382e+00
1.077971681932544668e+00
9.194418625112660282e-01
1.200703587046924314e-01
3.692678950688478290e-01
-2.880568804838168351e-02
8.483200054402533219e-01
-1.354550138789152036e-01
5.877531261491077824e-02
6.153910887339950619e-01
8.607999278445306324e-01
-5.803966449891500012e-01
9.009385535230910458e-01
-1.264623682766863322e-01
4.215598394586467790e-01
3.086587729040606853e-01
5.740483974179276527e-02
-3.940747117690642787e-01
-1.160690512457793755e+00
-1.740428837021304811e-02
8.476510334747469622e-02
5.671467444696647320e-01
-4.119841245347318770e-01
-1.404755576931161765e-01
-2.437548843240745278e+00
2.011965559433691320e-02
-7.339242980384634574e-02
-2.360252143881120368e+00
-1.742429707382294191e-01
-2.532253592222871164e-01
3.024858673725858704e-01
3.548687399154836775e-01
3.728958210617590585e-01
-6.499080995029916930e-02
6.715639087048975719e-01
-3.034279268228511905e-01
-7.492737112304044544e-02
2.011077165633845878e-02
-1.816439178787796704e+00
-3.714770351450297770e-01
2.462641165412994548e-01
1.218158640829809097e-02
4.833520094780157095e-01
