-8.053015364154335332e-02
1.075674448706405023e-01
1.473658426464712623e-01
1.296574413522290081e-01
5.231266674878306405e-02
4.517480874785430034e-01
6.793442465197394586e-01
1.384283160013018710e-01
-5.164500692752642674e-01
1.668919933970979541e-01
2.839487990863676092e-01
-5.364428265956697750e-01
2.392942502655714676e-01
2.310894992781652446e-01
-5.901695702790465958e-01
1.073022001228484124e-01
5.145887658264888254e-01
1.973202149462783828e-01
-2.457454662310080973e-01
-8.400438778851967436e-01
-1.238782530134491661e-01
4.288735251654028913e-01
1.223404881085712187e-03
1.183205652336691144e-01
3.639196837863238887e-01
-8.526031336970874702e-03
3.410517817831300591e-01
-7.800110914212260438e-01
-1.324472686327761162e-01
6.548328600819629253e-02
-2.019401566738048825e-01
7.711662373331795717e-01
-1.518094887162786677e-01
1.752582457512911474e-01
4.753132775482231676e-01
-7.071130694405544648e-02
-5.741964469051463044e-02
-9.616245885437993968e-01
6.729494048549741203e-01
5.959209811876130525e-01
5.022204555950302018e-02
2.256056769127589845e-01
-4.872171450120622860e-02
5.391448841588255547e-01
-1.113929640542349470e-01
2.232476988690631700e-02
3.823085646232835533e-01
5.313981699235396094e-01
-4.029644436203619340e-01
5.607638160487531387e-01
-1.044057934107241598e-01
2.708665101619812110e-01
1.724722776080001296e-01
3.693494833924633198e-03
-2.856144291437100469e-01
-7.439570754443081135e-01
-3.907394467710547520e-02
4.126034946685840782e-02
3.643161813456252118e-01
-3.021908037002632996e-01
-1.128011751573635840e-01
-1.305226733537115269e+00
4.281697780505468957e-04
-6.318989554523930796e-02
-1.260891925429257654e+00
-1.308648543526832742e-01
-1.991648636956657448e-01
1.764787457198661036e-01
2.107878840202886406e-01
2.283703491787829054e-01
-7.055250457287315369e-02
4.313496686848807271e-01
-2.238804171883245209e-01
-8.024058140071606282e-02
-1.119202322581943493e-02
-1.066136966446058709e+00
-2.514417077375202814e-01
1.390726643664578488e-01
-1.950510960794294910e-02
2.855012029737044599e-01
