-1.000623691998729775e-01
1.776100913707378826e-01
2.382622336291425058e-01
2.022885924190670481e-01
1.064543089583909197e-01
6.593017792889117601e-01
1.015315768714080358e+00
2.102662293962357098e-01
-7.404272513837488745e-01
2.654962669528897479e-01
4.221155884255646251e-01
-7.811102103230108673e-01
3.637745538750426499e-01
3.524171992307617574e-01
-8.537026698964720328e-01
1.812925263835000467e-01
7.494384511878149357e-01
3.117831758895296956e-01
-3.314939822855741403e-01
-1.260837646921316724e+00
-1.568485149167459791e-01
6.441973172631623168e-01
2.616469602835114899e-02
2.074651303003190450e-01
5.442976076114610651e-01
-2.712691930140299999e-03
5.142695320745571674e-01
-1.166126118537342826e+00
-1.417375745540934706e-01
1.152501899257632884e-01
-2.630595913531321717e-01
1.168302975950458400e+00
-2.036660366307505854e-01
2.603091862320373595e-01
6.874717739867692856e-01
-7.007292107893423050e-02
-5.820937030448721655e-02
-1.456474468398812450e+00
1.012790565685047772e+00
8.670607599977576685e-01
1.041451952432205091e-01
3.430931699902121101e-01
-3.766485639685974302e-02
7.980694703721498140e-01
-1.381207316181693456e-01
4.792215832695205513e-02
5.769240348533188900e-01
8.075307098113229110e-01
-5.605374940189069566e-01
8.464383916588368306e-01
-1.294778171793416754e-01
3.943991601410204439e-01
2.837389999289636755e-01
4.406924964192431016e-02
-3.844353056165532023e-01
-1.099710825680281667e+00
-2.666650437113166072e-02
7.276782904325948542e-02
5.326739370248134708e-01
-4.020396866560789761e-01
-1.424845528421927188e-01
-2.198787154756134399e+00
1.149027142863968780e-02
-7.798570451320045727e-02
-2.133141547154791429e+00
-1.739562418975124924e-01
-2.513236523960036273e-01
2.789355408802709491e-01
3.288749181198306615e-01
3.469363796837814373e-01
-7.171681346833139181e-02
6.317382954768212544e-01
-2.980127349434402162e-01
-8.152739677503061111e-02
9.788059906719751360e-03
-1.684801045494609406e+00
-3.600176810248928438e-01
2.253614783354369600e-01
1.826524633396470632e-03
4.497737376860236891e-01
