3.072947524041712342e+00
4.928606628980207738e+00
2.311753464352532372e+00
1.320442530601166897e+00
3.304112085828905698e+00
7.274130247430631080e+00
1.766485610363760228e-01
2.799957217253895791e+00
1.050056644964621366e+00
-3.940985025904745198e-01
3.650929960213689096e+00
7.135380092589578283e+00
2.879555941220647064e+00
6.768706220331847767e+00
2.415656517325475594e+00
5.182229287094616943e+00
3.640059782688970902e+00
5.396729075337863835e-01
3.769849853136105544e+00
3.801601441843972307e+00
4.516337350953293139e+00
3.877890578927753573e+00
4.074955964094526983e+00
1.603727405431466302e+00
3.160232428925016546e+00
2.247935276844231556e+00
3.538883794542803329e+00
6.352474795962968379e+00
6.008533200844923705e+00
1.422478607770629955e+00
3.985467346082577134e+00
3.375282925744708340e+00
2.503041671281494462e+00
3.226738443264785428e+00
3.798340469000666797e+00
4.134696160750641170e+00
6.982903609879058671e+00
7.190319626792113894e+00
4.424777224966900846e+00
4.657578928553891551e+00
-1.396773451444729419e-01
6.572558902458459862e+00
2.791070676161238120e-02
3.969822091087168214e+00
2.845310736277128161e+00
2.553390145766139874e+00
1.669132539065962151e+00
5.973918402626727797e+00
6.485386688318496518e+00
6.963402882182988307e+00
8.627797365800924378e-01
-1.090260630742831832e-01
2.279434469917711661e-02
3.311591633068081464e+00
5.343020788220240291e+00
4.139638100620052441e+00
-2.703025111902027447e-02
1.372694526772714640e+00
2.652479912324311240e+00
4.139539743345756584e+00
2.744705745872411562e+00
1.029977751922682261e+00
1.280449065311384249e+00
4.839038703341869585e+00
-1.564356687341109220e+00
7.463935331900916070e-01
3.728807806508716460e+00
5.647451532511768235e+00
2.868037785357792302e+00
7.018679504220466825e+00
1.589678203793063238e+00
4.475249807198226293e+00
3.886781643614612758e+00
9.305158042412636776e-01
8.543134145835730164e-01
4.552757733656113359e+00
6.204557134468201562e-01
1.302977605234296288e+00
1.415398903954665499e+00
2.789715004752250760e+00
3.849413487141210677e+00
2.267260177036658053e+00
3.061383538539183213e+00
3.405963556333412079e+00
4.533080185548931773e+00
5.728859437888818462e+00
2.943150778928959266e+00
5.027835014440379169e+00
2.331820521674925040e+00
4.386515630223156492e+00
1.461800090198844382e+00
5.348464131763212670e+00
3.357845824426338499e+00
3.479262384635787519e+00
7.041686846964783086e+00
3.739909065810857136e+00
4.657360208838683846e+00
8.078064198065392221e-01
1.627245915518724217e+00
5.060793546719634384e-02
6.589957611247125868e+00
-2.958348255267516436e+00
3.568961452625805553e+00
5.848815722302898479e+00
6.565270729480747747e+00
-3.328959936750194859e-02
2.354724515882192115e+00
2.079313938308466891e+00
3.531553462006035371e+00
5.754945011210317318e+00
3.078201240727153287e+00
6.613603287814061815e+00
3.224203365819429123e+00
3.144594821370284343e+00
-8.495160509489463330e-02
3.138905036154722161e-01
3.897513111997653823e+00
4.567775315874881947e+00
5.572605425576957039e+00
3.607547045191745294e+00
1.869545409594170593e+00
4.800486198975228547e+00
1.118959248750497348e+00
7.018255650448419480e-01
4.641809191689090675e+00
3.874035226502484885e+00
4.975076532880193803e+00
1.353416997300610936e+00
3.674558972616162933e+00
5.059428373193994410e+00
4.399591693986076635e+00
-8.937953922975955257e-02
6.635265125820152932e+00
6.780772046792267638e+00
1.736053874790703055e+00
2.961698760997357738e+00
5.380205423104663431e+00
2.662656025963082929e+00
2.688514255526220254e+00
6.009884750148069443e+00
3.873985401206767598e+00
2.274380235721605859e-01
5.808716119938131861e+00
4.531592724225942170e+00
2.640307056619966897e+00
3.558082715192097734e+00
1.518255353372078176e+00
6.015926388800683533e+00
4.049757181428132569e+00
4.767081775613007388e-01
2.344843850949487774e+00
4.642644070024460667e+00
6.434345657638326443e+00
7.093616700144573350e+00
1.418198525786309672e+00
1.416486247180850588e+00
6.625383503649228345e+00
1.584774695902415598e+00
1.113859427794175794e+00
4.248180069714210916e+00
3.259891709016031314e+00
6.583430975490696113e-01
6.995577885559611797e-01
5.244243171606516540e+00
3.166081908934013978e+00
1.238954248114966461e+00
7.191609991168253835e+00
