1.864739779340454540e+00
5.089908758352643225e+00
1.285563904480669928e+00
9.064924413908961309e-01
2.255438462509353759e+00
7.398914618884362859e+00
1.423682717866015801e-01
2.230328965309320122e+00
7.087646752257786842e-01
-2.705562437218658189e-01
3.198740458616582405e+00
6.986096341426796918e+00
2.063651389944918702e+00
3.927326873971882293e+00
1.306047207567901935e+00
3.110412949017276052e+00
3.335364286856544958e+00
3.201396058027933256e-01
3.080204286290931126e+00
3.829624481341557640e+00
1.625404236028380023e+00
3.802233253598770624e+00
4.351661648377778135e+00
9.339760019477237885e-01
2.453016992171979993e+00
1.404732874991756031e+00
3.284811796315425525e+00
3.546249025265741484e+00
2.126721596920311708e+00
8.177450549567260030e-01
4.055647306195242940e+00
2.221043637990292030e+00
1.583422649055881815e+00
2.111165793758597253e+00
1.793100322851116424e+00
3.769754445362319295e+00
6.102100376425034334e+00
7.317107027513333861e+00
2.786828515254633487e+00
4.605143304230019830e+00
-9.628033617840495162e-02
4.068320320459757333e+00
-9.384738516657978660e-03
2.935738769629152145e+00
2.041984030375904702e+00
1.743984473340416175e+00
1.326949244747451573e+00
5.739990224409532438e+00
3.558304635344237354e+00
6.807502645272983877e+00
7.322772063607385640e-01
-3.552255752090802826e-02
1.324480081724021922e-02
3.088262031765974580e+00
5.489796890824023556e+00
4.105761262244524978e+00
5.840420561694714685e-02
1.092422666854248048e+00
1.931986374574797161e+00
4.098554954513740967e+00
1.930426515293919953e+00
6.378587224564381541e-01
9.377000861342796867e-01
3.376456045755515945e+00
-9.416431551800789057e-01
4.493798062755359202e-01
2.182025035129764756e+00
5.384730988409264008e+00
2.192971757988060322e+00
5.943016579101875863e+00
1.082270470004563112e+00
1.678647392143659767e+00
3.599249308701858219e+00
5.690025460571855875e-01
5.253421874328139118e-01
3.029463140818297262e+00
3.432221490614684178e-01
1.004242927200963420e+00
8.576559762557990352e-01
1.805506811937761746e+00
3.433895231728731900e+00
1.601351991855857193e+00
2.157427126101819859e+00
2.833082669437446910e+00
2.473349503443591502e+00
2.159482430822396548e+00
2.354921937179555336e+00
1.672841647643795948e+00
1.238810385140452164e+00
3.860507314971855841e+00
7.865551422726524411e-01
3.653510967181367697e+00
2.458134966974388824e+00
2.411043089272308482e+00
6.006322263088745395e+00
2.446759220674052937e+00
4.359619056203091425e+00
4.154260252162702560e-01
1.104037940535740780e+00
1.227107707592211584e-02
4.403298809228149757e+00
-1.377246899186517659e+00
3.379990067751814653e+00
2.257018901041096814e+00
3.941390524368824977e+00
-4.178893509808169482e-02
1.476816426161096318e+00
1.087480359532647434e+00
1.415982510849177034e+00
2.697353659207470056e+00
2.318050240713666721e+00
3.629058146145313746e+00
2.593941436610890161e+00
2.112707966157450823e+00
-5.016963611720017674e-02
1.875250377032505467e-01
2.820040577860637221e+00
4.834714759241547810e+00
2.143098561807733393e+00
3.614652232459838022e+00
1.317419348339786023e+00
3.539825938271421890e+00
6.937050898651850872e-01
4.816769410745177504e-01
3.282261299255429421e+00
4.009012936005097671e+00
1.993737790150760913e+00
8.434745692512739534e-01
3.143250352859842778e+00
4.638694260110447054e+00
1.849410612846348778e+00
-4.717097707452008737e-02
3.165480876331625559e+00
5.045376262562360381e+00
1.044732157611508727e+00
1.698997418324456943e+00
2.437034837500461126e+00
1.767684830597067602e+00
1.235262540483287763e+00
2.439511841775033218e+00
1.802225561204471305e+00
1.243269643402505620e-01
2.113300182479266542e+00
3.433122607765768830e+00
1.831573253560605297e+00
3.216931300391604687e+00
1.160056150810545361e+00
2.673802839665770037e+00
2.689386767444663651e+00
3.424347987843320285e-01
1.919820776541290464e+00
2.424047220568873673e+00
3.340237455768673147e+00
6.839117962582217380e+00
9.001835644427057526e-01
1.026753556955451563e+00
3.521424696724467562e+00
1.401677944341244819e+00
6.153282910058841537e-01
4.475450139663454507e+00
2.230140880010841098e+00
4.478241040150126584e-01
4.420840232030174843e-01
1.857158567621338241e+00
1.930259061365062756e+00
7.533127305243374483e-01
7.267254600865079794e+00
