3.685403930502417769e-01
1.025805743318400909e+00
9.688241406001087963e-01
9.907260976608729397e-01
7.255857731022448132e-01
1.817654938750281834e+00
2.896670218756288939e+00
7.715042280526148710e-01
-8.553073626774165827e-01
1.264842373559254440e+00
1.434254301049504798e+00
-1.232688659511450124e+00
1.245214226414997016e+00
1.304603229678683363e+00
-1.417890419438644800e+00
8.957918919343339503e-01
2.347866176136202299e+00
1.102402955124000661e+00
-1.424756490287142352e-01
-2.313621715143761026e+00
1.900671026623931281e-01
1.877292051795151684e+00
3.484614101978620315e-01
9.519211384911503426e-01
1.804796860588747220e+00
3.299969371116116545e-01
1.700678887511541726e+00
-2.120542450396995182e+00
5.699341829339853449e-01
6.650136283361777201e-01
3.746785144606613188e-02
4.093340736161367843e+00
-2.176490321979027420e-01
9.719032678145164139e-01
2.149062228690690191e+00
3.749756344685216125e-01
2.311618212074841305e-01
-2.424093085120474722e+00
3.412579042977035293e+00
2.492582767389528442e+00
6.489109127399274035e-01
1.247839369467157011e+00
5.061834926148345293e-01
2.472618310472505243e+00
5.523081994967983244e-01
3.344276513203184864e-01
1.754395018639751003e+00
2.578968036386273699e+00
-7.942401567641341753e-01
2.703396465055688758e+00
-5.765410071806437858e-03
1.259625532120905778e+00
1.264980065501817519e+00
3.922881926007771858e-01
-3.736587407202612288e-01
-2.366813347201529805e+00
5.462225225171041254e-01
5.144831187896028446e-01
2.085869676615781820e+00
-5.511334794296054440e-01
2.595060011803105304e-01
-3.806143205538663477e+00
3.693552494832694211e-01
2.783401491207577738e-01
-3.988635041075920373e+00
1.445406746989317259e-01
-3.326965508196312593e-02
1.130208974683839740e+00
1.372306369739359155e+00
1.521998600104221833e+00
4.531129489291816914e-01
2.245449195087180438e+00
-3.219043433335500581e-01
2.444899149025603069e-01
4.690595992439446915e-01
-3.336600472862651934e+00
-6.624819829460605325e-01
9.896088308416433055e-01
4.514426073579534959e-01
1.717930552109599995e+00
