2.187857392851311644e+00
5.096081635956945632e+00
1.453983037462507788e+00
9.577871903028606360e-01
2.688543271134181012e+00
7.435159248104417529e+00
1.478858587030367211e-01
2.357611702456515967e+00
7.798514222474212110e-01
-3.040739064050102525e-01
3.381641790169941153e+00
7.178576707685371261e+00
2.256104214023040733e+00
5.902731200050544302e+00
1.553505006410084599e+00
3.988451714754214894e+00
3.511227790881477517e+00
3.602196546156830048e-01
3.451932367395480483e+00
3.871311007342746358e+00
1.899978985112584562e+00
3.887815135993238247e+00
4.303528531165396132e+00
1.054569675899857062e+00
2.643073548892892699e+00
1.573201263098453540e+00
3.429536118596894223e+00
5.066343167066567510e+00
2.700789759478882335e+00
9.096568214705433864e-01
4.082320519641365664e+00
2.541121782441351673e+00
1.749590490649586050e+00
2.555044796088077774e+00
2.053845353553713782e+00
4.062058897792126366e+00
6.817166009589582742e+00
7.332299895277218482e+00
3.243800174592152530e+00
4.683546145819516227e+00
-1.010384256895007909e-01
5.531560437299800626e+00
-1.787908945775633753e-03
3.339560289489110101e+00
2.266770345972999312e+00
1.902716593346005958e+00
1.354337864623837540e+00
5.964258760745461352e+00
4.965747077625713324e+00
6.959251274713665225e+00
7.648129816115054602e-01
-5.080851941542025713e-02
1.617618805750104666e-02
3.222040819271628997e+00
5.487482315828134283e+00
4.281882692649426225e+00
4.056522098710682589e-02
1.152753385936872377e+00
2.110512897411156441e+00
4.224499014768506200e+00
2.154067564381461075e+00
7.236877325087842650e-01
1.009448247758204520e+00
4.160956594192724012e+00
-1.073441311370975537e+00
5.411664420817543508e-01
2.497187532101446283e+00
5.613466054173559705e+00
2.356002810271237813e+00
6.716271552780086473e+00
1.156316914070700363e+00
1.954691398873130259e+00
3.757876593208529403e+00
6.307469198625503815e-01
5.990720198147054809e-01
3.650371406910309702e+00
4.003593460129634685e-01
1.079940680364463113e+00
9.502703494369596493e-01
2.046246044009634169e+00
3.680273631931705314e+00
1.739038524795688101e+00
2.481824435363300108e+00
3.104035381354750545e+00
2.888275285548661753e+00
2.663693166521593714e+00
2.506426255126877223e+00
2.033164020759196777e+00
1.385760343632043146e+00
4.165224007010856155e+00
8.986558643687496684e-01
4.479103563041984870e+00
2.812903478980323335e+00
2.907258969663171655e+00
6.768965865884093880e+00
2.802980027294950105e+00
4.564890531925338557e+00
4.942480778317601131e-01
1.193459589470117432e+00
1.738765137136947039e-02
5.665490555499006042e+00
-1.593992675957966565e+00
3.500723924129259146e+00
2.774694996422619298e+00
5.176031795412733061e+00
-3.909316196067637306e-02
1.623428118049462743e+00
1.243103969661402797e+00
1.680739160300582347e+00
3.383171853688538455e+00
2.554908619100199729e+00
5.485180658117769781e+00
2.774159558685882043e+00
2.569906891557299122e+00
-5.892244796582314648e-02
2.108124836065535801e-01
3.162003664370849343e+00
4.785931333848006730e+00
2.787572406782122592e+00
3.682115003379911045e+00
1.440312499275879565e+00
4.083567123571516078e+00
7.653409000324074007e-01
5.160767880276001529e-01
3.885294118998080748e+00
4.022527571896228338e+00
2.336263868823671874e+00
9.520378694230776651e-01
3.396509053654102051e+00
4.943684604149657602e+00
2.146707911999573337e+00
-5.585721022472721342e-02
4.665161460075693434e+00
6.236389833307106834e+00
1.164565673798995338e+00
1.917535035969887947e+00
2.946676371547258366e+00
1.983859641583998634e+00
1.416289373146639718e+00
3.001904035261457881e+00
2.050486140464462093e+00
1.596842046879039245e-01
2.601285088304925885e+00
3.958702694623879026e+00
2.001746403097356186e+00
3.394520046638446864e+00
1.243475520027826686e+00
3.573213570882643353e+00
3.239946205148923841e+00
3.606945351386733889e-01
2.007658981842842305e+00
3.008611537224543220e+00
4.768428266623542022e+00
7.100200978678368635e+00
1.016765446797466499e+00
1.129820323563100359e+00
5.284912353470207158e+00
1.438853613022144540e+00
7.136736920483300883e-01
4.453040086239265172e+00
2.571412934997288513e+00
4.754689739120535052e-01
4.965283530283534641e-01
2.252312479542668111e+00
2.236250302873299400e+00
8.606579899927511157e-01
7.318778563355953004e+00
