2.321595584876543050e+00
2.729990691097070155e+00
2.699089432620329632e+00
2.728023499109205385e+00
2.579070035505061309e+00
3.147842726545198921e+00
3.678998714995886044e+00
2.581774103633593942e+00
1.747147867767642859e+00
2.800823124070724646e+00
2.919438664783324811e+00
1.644997774490456921e+00
2.795313596933970857e+00
2.866007735668860690e+00
1.570459808993498685e+00
2.614940491720787463e+00
3.427439023214492675e+00
2.761338708008144849e+00
2.099640596025485806e+00
1.348411904253598470e+00
2.250269004463911759e+00
3.208044327635370507e+00
2.343564525876465243e+00
2.670455314337615960e+00
3.115636616739140496e+00
2.325875412633847450e+00
3.064849146853966921e+00
1.345021900908734747e+00
2.457711111295549866e+00
2.565161124379767621e+00
2.110126310207302680e+00
4.306705883813244817e+00
2.070807575941896239e+00
2.667858276192158318e+00
3.290347474698788410e+00
2.293828489385371316e+00
2.288215883249981264e+00
1.309117814885884856e+00
3.941040064657469699e+00
3.507511950317372840e+00
2.508210168756793479e+00
2.841860726413713234e+00
2.433297202037101759e+00
3.456992034992187435e+00
2.400029043594463118e+00
2.360740483709606874e+00
3.118094430439144027e+00
3.572375955332019792e+00
1.777549089421537998e+00
3.628297908042792841e+00
2.174155015690727222e+00
2.836021838984147614e+00
2.851055316765029879e+00
2.389829963796881618e+00
1.928368742582070583e+00
1.329800149901629647e+00
2.407009881354778447e+00
2.414464014728848529e+00
3.235050541088743792e+00
1.949479575791207342e+00
2.265860160375943178e+00
1.026021810658680256e+00
2.376871757454644296e+00
2.321387526111909239e+00
1.064030316530125697e+00
2.180174508923433230e+00
2.093635565982678415e+00
2.752868115946890182e+00
2.830589034962206707e+00
2.920865823553821627e+00
2.350663766144372779e+00
3.389307080570440611e+00
2.023483406881638302e+00
2.256716453206814244e+00
2.390176567884357173e+00
1.198436112230261585e+00
1.851949240488752091e+00
2.716077925251620062e+00
2.399792785080482993e+00
3.054641583383249426e+00
