-0.000000000000000000e+00 6.121325015566073668e-01 1.086550781371225247e-03 1.827262616359700553e-01 3.935282563108283282e-01 4.471153544206594305e-02 3.446981389172794619e-01 1.965436914002779423e-01 7.013313870165187314e-02 5.221831446829124923e-01
2.152479713493068297e-02 3.494665305986169312e-01 3.128507282532291822e-01 2.635432769423108890e-01 1.252937245440360892e-01 1.291741371394103666e-01 4.528590905705659475e-01 3.042484004575174428e-01 5.799521430731930938e-01 2.090497109426926181e-01
1.292596689247448583e-01 5.066297640140486891e-01 1.590356272166991436e-01 2.054102845886794093e-01 5.279630020242833677e-01 3.251586466508987749e-01 3.502968214921259316e-01 1.865045837392181605e-01 3.923227132137268452e-02 3.400418113275587295e-01
9.799694880028974459e-03 3.128233829383103015e-01 1.836686057677417577e-02 1.740755482356868417e-02 1.530622684459201702e-02 3.350074162935665623e-01 7.915468277250595763e-01 4.029650340053659852e-01 3.130305670991748602e-03 1.971054756592057963e-03
1.219335411172661060e-01 8.406137389823441219e-02 -0.000000000000000000e+00 1.524407436250614367e-01 9.309075189197355688e-03 7.127302751495715773e-03 1.117002159984740832e-02 2.771706866913960839e-03 3.342730947211181025e-02 9.764427390106152904e-01
6.583971615332072369e-02 5.498658756508897211e-03 2.009799268966701857e-01 1.733528253070788783e-01 2.257744059374360845e-01 4.582144058953096510e-01 3.977688284960957943e-01 6.134454878297757562e-03 5.358493120268038590e-01 4.678291158805628069e-01
3.030241690937308108e-01 1.456136459095592472e-01 7.377184549805285152e-02 2.935302713129732677e-01 6.697440189407043443e-01 8.381019539925552153e-02 2.357448237503959876e-01 4.001714897249819547e-01 1.264188174818038357e-01 3.287779697876684892e-01
4.477071289095504447e-01 2.303258734883404102e-01 5.633014482921372412e-01 3.068064190136569613e-01 2.567137526957835036e-01 2.475545461138895648e-02 2.693872230288339997e-01 2.984302005114766732e-01 1.164543334697646162e-02 3.267861048864885709e-01
3.118927690100603001e-01 6.983242377399925260e-01 2.786569499890134138e-01 1.054379946706645310e-01 1.549056352241470758e-01 2.030202057812772742e-01 4.386344546612961914e-01 2.214024823605496017e-01 2.565132881951363159e-02 1.378734878990282853e-01
6.544077619206785101e-01 1.581423304145072317e-01 2.134007051094657795e-04 7.783333307010104063e-02 5.640872282181000896e-01 3.569875797136413675e-01 2.536705593587064711e-01 7.701531986944387068e-04 6.021844841137604515e-02 1.645395719376062382e-01
4.030224084125521578e-01 2.564865922703545853e-01 4.792032204174346277e-01 5.203263980255732474e-02 8.994491628726199867e-03 6.488631137849937107e-03 3.004271999812343497e-01 1.250835865237195921e-01 6.628602048128023200e-03 6.583123092838288892e-01
5.205786388489254402e-02 2.395720113369920190e-01 2.716979485212115963e-01 1.896676974476861621e-02 1.641717043003472210e-01 2.235603517542146257e-01 4.729014453836190013e-01 4.348641512818632870e-01 4.088254694545412904e-01 4.570593677482369110e-01
1.119985885422482563e-01 5.330212208648448247e-01 1.006738803832758350e-01 2.398812082384713662e-01 -0.000000000000000000e+00 2.357101670490463485e-01 2.725536957216514455e-01 5.771179617373569659e-01 4.136897052997466351e-01 4.021636585057394159e-02
5.309889987396047006e-01 9.413691235318183415e-02 1.790949764472695993e-01 1.254541384903495871e-02 2.165660906842211686e-01 2.049409490844708026e-01 4.804496057314723290e-01 2.742890315625671760e-01 3.766453784189945919e-01 3.743351775341106635e-01
1.979134985422062731e-01 1.895391330085338111e-01 2.309998692345249516e-01 2.457045291700537815e-01 1.607320736156195862e-01 1.815199786375934488e-01 5.701016421532931755e-01 3.725185726981500300e-01 7.726366049728710002e-03 5.371624899929814401e-01
1.457721820412120721e-02 1.063237887005761967e-01 5.638798612488851170e-01 3.287907885543843722e-01 3.101676679028676498e-01 1.024925721566375403e-01 2.973877357798872523e-01 2.791689958293999130e-01 2.007129788403147763e-01 4.990487682043566742e-01
4.947651068719380874e-01 2.429164100708849916e-01 3.357384472270878439e-01 2.191526540556749947e-01 -0.000000000000000000e+00 6.261602100251273395e-01 2.483606718879556030e-01 8.288682066341744592e-02 2.580270659431387892e-01 9.079147678008328559e-02
2.132543775272193187e-01 5.730703185071017725e-01 1.515002493674496020e-01 3.972629029598330197e-01 5.118694949750784984e-01 1.241053380163162217e-01 2.687466661668033718e-01 1.494703228633854075e-01 2.465493881457027359e-01 1.121497984274243825e-01
2.711413938339349294e-01 5.113653033758778221e-01 3.945965186336632957e-01 1.547165554315791183e-02 1.082637276796159960e-02 2.652099610009844843e-01 4.419815528550702366e-01 -0.000000000000000000e+00 2.138373571716907853e-02 4.927307534863018534e-01
5.528177972150407975e-05 2.854905448673726864e-01 4.426767694170571921e-01 2.355448345929367360e-01 7.022324319430248152e-02 4.765778869098774573e-01 1.191126312908936946e-01 3.033219858019690907e-02 5.550985970828110627e-01 3.342917207874811503e-01
9.932954386157517856e-02 5.367652782531603384e-01 1.572565870418280998e-01 1.627579522647246979e-01 4.266964928114969080e-02 6.742801938383957694e-02 1.139568760959067117e-01 3.103479781721850683e-01 1.002184634972867056e-01 7.246267164726587495e-01
2.286244756321516858e-01 6.078239690310963672e-01 4.328470299387388587e-01 9.123328860020100267e-03 4.805121596700962817e-03 4.052704331352283695e-01 3.129109940712997417e-01 7.855732162267839436e-02 3.498237096269770086e-01 1.061609068164570159e-02
1.695062336529278187e-03 3.402455783581574966e-01 1.608046817591834987e-01 3.835697804441423608e-01 3.141047336529124122e-03 4.010722817477034852e-01 2.414649651421353627e-01 2.617712404597095227e-02 6.458816825608066914e-01 2.724400678664745667e-01
4.236646543097331852e-02 2.188310806980723611e-01 3.088853488261850133e-01 4.924920435964443288e-01 4.807846168789138841e-01 3.202527617627896062e-01 1.212881427614500088e-02 3.460574183934554404e-01 1.863293345448550908e-01 3.521680335936367978e-01
5.473293822908840145e-01 1.719214589448955499e-01 3.182952521423745851e-01 6.343099534592502864e-02 1.408365246243505065e-02 2.840083590930899127e-01 5.216593848951669998e-02 1.506198119885545916e-01 4.998735152062471626e-02 6.758496541487220011e-01
3.775854223661381879e-03 3.910330628014260235e-01 2.667967595728637509e-01 1.855435264422756469e-01 5.743604002568036826e-01 4.940764205867014258e-01 2.236690396388174018e-01 1.924347717041806904e-01 2.614128898095335884e-01 1.098859282279429639e-01
8.778083500473274695e-03 5.038865376658675510e-01 5.230256984289483047e-01 1.201873412617355912e-02 1.314942476645403202e-01 2.928010193376026082e-01 4.072636532688804212e-01 2.285949815995278189e-01 1.180750030153441127e-01 3.704547771383152610e-01
2.468420769198751974e-01 5.198408913408163190e-02 6.798645312554274511e-01 1.510457433431456331e-01 3.317791159653731836e-01 1.337432556111725623e-02 1.668676430685808038e-02 6.136255659980082572e-02 3.794416050724872536e-01 4.393859904538100492e-01
5.725777445558722506e-02 5.735721398138630966e-02 2.677573235579600031e-01 9.897817936283737073e-02 4.693828445601930244e-01 3.983251086656890982e-01 5.429836167541124414e-01 4.286391686492382891e-01 2.177416451127875685e-01 8.356863657330509954e-02
3.184786878682095007e-02 4.331006463221461211e-01 5.004398708022265163e-01 5.402206368242313816e-01 3.320646259553095003e-01 3.496769462259988748e-01 8.387720235369247601e-02 1.107062235726137545e-02 1.196740622472469706e-01 1.229245102009876023e-01
1.334074361381458159e-03 1.366962442758747898e-01 3.202588986864961518e-01 1.719135049702275042e-01 5.381257731382001197e-02 2.143865228468321282e-01 7.189498664674434658e-02 1.566661686890973362e-02 4.986596312395684127e-01 7.390935036887326115e-01
2.513102134224584061e-01 4.390491536249791493e-01 3.331013782243917309e-01 1.090006375826033623e-02 -0.000000000000000000e+00 6.243086246093241393e-03 2.847310240544979054e-01 6.500321688416069721e-01 3.301752380524141661e-01 1.426023745557324918e-01
2.547543126113291923e-01 2.186707373742614868e-01 9.558437711997333497e-02 6.045598136893574059e-01 2.102714031690284535e-01 7.813692558057842852e-02 5.933569544842124399e-01 2.106928388415731102e-01 1.932121551020821726e-01 1.689380968332875044e-01
3.337981778698976276e-01 1.000114032883488158e-02 2.461979043160482106e-01 2.732326875747583261e-01 1.055014057069759287e-02 6.447603171418757606e-01 5.470996866996885588e-01 4.140866281897109813e-02 5.331655478400436701e-03 1.905804315072071320e-01
8.987923301471231752e-03 4.716030684543523477e-01 2.681577131288266913e-01 5.059204745996478403e-01 1.778060567746588549e-01 3.326953968868306272e-02 4.171804589007497843e-01 3.423564053118434147e-01 2.880305567666972544e-01 2.066755332754224295e-01
4.097311549162581668e-01 9.020510278194779352e-02 4.404906556318182731e-01 1.370258196761668379e-01 1.563034640024140061e-03 1.218873316452947705e-02 2.771909071044457162e-01 3.630637531728259648e-01 3.064168524359260903e-01 5.554124085458541638e-01
1.837259445539528302e-02 8.258617737499689138e-02 3.709218234645774714e-01 2.324672333857148374e-02 1.830978959207896217e-01 4.259462263836475970e-01 5.968093698710333905e-01 3.781005099098234123e-01 2.410888300068706747e-01 2.872251573873636499e-01
2.742585630017178588e-01 2.200663857633440579e-02 2.361308330527613075e-01 1.352169900811622527e-01 1.870754730492216189e-01 1.605099167598769694e-01 4.085059037966833340e-01 1.033459396411846587e-01 4.174896961085478586e-01 6.615442348968649799e-01
4.134012112927240579e-01 1.946525021559777635e-01 9.731785447127952460e-03 2.175516483445291971e-01 1.452898470560028653e-04 2.947574290979883549e-01 2.374910555272579660e-01 2.592954783128479518e-02 1.975200299574673968e-01 7.488764559675613608e-01
1.949644954290001841e-01 4.456945298327916194e-01 1.700511537836101039e-01 2.454600144392427852e-01 9.264564195448340977e-03 3.248144863270257532e-01 4.189553194049986384e-01 1.642250308410229953e-01 3.717698520384679628e-01 4.773685075838025038e-01
3.544405257072965054e-01 2.919490566268647669e-01 1.165064811848896542e-01 3.054768129917229680e-01 6.865053852996750861e-01 2.585775114120639206e-01 3.711683644620842881e-01 3.938987767000925316e-02 3.342205787672620360e-02 6.050862740808390233e-02
2.320918897916454116e-01 3.854686050360985328e-01 4.219376047291346077e-01 2.038667939636177040e-01 9.363576294432319862e-04 1.404790010771009984e-02 3.737971759851067555e-01 1.371619456054991304e-01 6.474439847225096356e-01 5.885197173328778411e-03
2.207755809831962179e-01 1.938229346144806908e-01 1.049048283203816712e-01 3.570174141763752806e-01 7.126864340225809169e-01 1.150496334565188072e-01 3.353532573611416878e-01 2.967759813502673372e-01 1.335338698568584032e-02 2.309759319873284922e-01
3.656087356486610318e-01 3.751194396269395548e-01 3.172027307079997582e-01 3.974436356180219843e-01 -0.000000000000000000e+00 3.570330106027597150e-01 2.551634554098658469e-01 2.799401755437233574e-01 1.649025741234007025e-01 4.109699771233031318e-01
1.101058716852132552e-01 7.209972322193834715e-02 1.330355586365140202e-02 5.934698683722980928e-01 9.446728319272157046e-03 7.223173886552144984e-02 4.099726722943294321e-01 4.161614262536182940e-01 3.920907531886587138e-01 3.605344774445088940e-01
1.635538324814298037e-05 1.721495817265536743e-01 3.540303694148314029e-01 2.779802839785576740e-01 6.218072375941369190e-01 1.219069616532689748e-01 2.638324321488201285e-01 -0.000000000000000000e+00 2.319540204718494904e-03 5.446425432802386446e-01
8.792106561307282131e-02 8.885071716743478398e-03 3.158871403627550589e-01 6.237205847878670717e-01 4.413185887473403124e-01 7.743002419169064390e-04 4.984156797913583126e-01 4.544227570681524248e-03 1.360137603011322693e-01 2.041509471327863368e-01
2.839537629740430114e-01 5.200073648297918322e-02 1.252885962761815797e-01 1.500295652152554282e-01 1.890425450325644574e-01 4.557660607759924654e-01 3.444456074205062279e-01 6.886559443578002017e-03 5.361348575745414902e-01 4.784030815496428390e-01
2.471484329020023352e-01 3.385282151253637406e-01 5.979345842705251213e-02 8.506561054921953427e-03 2.833793121318958427e-02 3.719856767050220281e-01 1.650474539353522785e-01 5.698093547166743073e-02 7.561206463823331170e-01 2.815783682457311810e-01
1.149303901654497723e-01 2.195314662225122393e-01 3.961718928667291029e-01 3.035361949680621119e-01 5.492998390838805395e-02 8.618977280066786317e-02 4.400757491719359260e-01 3.450003518516586154e-01 5.629937496732477786e-01 2.222851780383838516e-01
1.541509874240293010e-01 6.464089478127455282e-03 7.488393520216077293e-02 5.851047825478624675e-01 5.775548043668145004e-01 6.582519994715640976e-02 3.469273807323552394e-01 2.183511769287998783e-01 3.489312558867750935e-01 2.343296852030735122e-02
3.961778606766792055e-01 3.063400685530044409e-01 1.737124949677690822e-01 3.369790552290008456e-01 6.283416325439478145e-01 2.990074299154690807e-01 9.011162692420647546e-02 7.465406202892563292e-02 3.265527605334134775e-01 3.031930917165908193e-02
3.182593800399391437e-01 2.300405552108618634e-01 1.352713501801509621e-01 4.277388322420909161e-01 6.333865756550786097e-01 4.710355121105921916e-02 4.226419389769997537e-01 2.056241168449839951e-01 1.359370186072710318e-01 4.183067525599629133e-02
5.603932470479893180e-01 4.621823785319247313e-01 2.466690663572244369e-01 1.236264918524925815e-01 4.134658701614182114e-02 3.245782479787944763e-01 3.632453528224123263e-01 6.544551256652595024e-03 1.329150856691703186e-01 3.734979290929804074e-01
1.111459788965525781e-02 3.217869226549173733e-01 5.183212764625892977e-01 2.527781164594554708e-01 3.442159237860970260e-03 2.899160415004601865e-01 3.194260183383673124e-01 2.785492244516138416e-01 3.238145815778114556e-01 4.418531722998090272e-01
9.593429776677726579e-04 2.373844777556069485e-02 2.081314134819884920e-01 3.904408510229082641e-01 2.965454019495361582e-02 2.295634245088160608e-01 9.625400148751215440e-03 3.554570322810083338e-01 2.471911419501525431e-01 7.500321685912545444e-01
1.202204476824124196e-04 7.945513181476231424e-01 2.804705377447587189e-01 1.405903279061565259e-01 2.067033015194821577e-01 4.343497163496398000e-02 1.213115995748633054e-02 2.769188218128131318e-01 3.330736095473760261e-01 1.946194893126354519e-01
3.045307031351755511e-01 4.269770387261732636e-01 3.840511203910265681e-01 8.009151286840886924e-03 2.685974340717752762e-01 3.398668093205998164e-01 4.536525423182114804e-03 5.558452088749062936e-01 2.631642411943200810e-01 1.072302469804717051e-01
7.255885540150892599e-01 4.519574921738920593e-03 4.041375485694755909e-01 1.939548677825611023e-01 1.473947464509040885e-02 3.391949178830397371e-01 3.154453545426787464e-01 1.021662779189933395e-01 4.733119299018965359e-02 2.123694152126798518e-01
4.056302803830826031e-03 3.526725219364927610e-02 5.509301950636834588e-01 9.770684746737331658e-03 2.054289615190899587e-01 3.678944829293749885e-01 2.910571700288266395e-01 3.511886658558180385e-01 5.560916448850518057e-01 1.694519561763056445e-02
-0.000000000000000000e+00 2.466563606424386490e-01 2.134498305465460932e-01 4.765052387027504666e-01 5.408051775016536888e-01 1.585092620048353385e-02 4.891481791864490947e-02 3.626664689305463679e-02 4.797683981339112003e-01 3.740794437980329290e-01
2.572401508915864166e-01 6.144147804503363730e-01 4.069671572054394670e-01 2.919658627363232450e-01 1.737568760784908573e-01 6.434715590910851379e-02 4.218152110618529280e-03 3.187687720883793374e-01 1.425137380101764994e-01 3.862410561300478329e-01
3.973825769338125702e-01 4.804080348433375502e-01 3.269124201873337132e-02 1.280571847391504502e-02 1.244325481839768897e-02 4.113765009194124758e-03 5.681894110189693592e-01 4.061457662096026322e-01 1.969714681029933745e-01 2.886163487630267754e-01
1.125946082186413399e-01 2.099190649189333346e-01 5.261423618957259407e-01 3.649779470981624474e-01 1.548553945937561176e-02 1.264487971644469855e-01 5.910868962620410838e-02 4.693403154958082357e-01 4.103956988652481819e-01 3.532617368349406650e-01
3.442910975996169021e-01 9.312731673914281805e-02 4.355172492318603594e-01 3.569194197337505758e-01 6.457976167357694086e-01 1.119361103951777708e-02 1.284510351949791872e-02 3.639404673237337517e-01 7.695647358019329365e-02 2.092475378086065818e-03
1.074701633042274285e-02 3.682039540757865437e-01 3.162860933755967663e-01 3.937477098108058127e-01 6.148156360839944767e-01 8.165618743031999305e-02 8.772861732795059209e-02 6.292774195656832860e-03 2.799683719458691544e-01 3.720913867378607409e-01
1.563844831825764517e-02 5.860668906547144008e-01 2.253274858037578043e-01 5.792232120220976166e-02 6.426588054375276422e-03 1.031479538107579925e-02 1.273489609029521685e-01 1.201602301062929395e-01 2.173711585962608828e-01 7.239471058654105562e-01
1.489763068384168110e-01 -0.000000000000000000e+00 2.104118969000030592e-01 3.226767096621812048e-01 1.819251915508643402e-01 2.151051137458255269e-01 4.726841988206362810e-01 3.611481850202066801e-01 5.715168185074291918e-01 2.637343591759396255e-01
3.610552415856438935e-01 2.512989387539722452e-01 5.539356989432205891e-01 4.668969541221771324e-01 1.979985313065329156e-01 1.526772590713044719e-01 1.335475264827823971e-01 1.905156760734826316e-01 2.908046176162635832e-01 2.836162503259674894e-01
2.171536882233996227e-02 1.150802166914508123e-01 -0.000000000000000000e+00 3.870399935873835573e-01 1.593106351407003879e-02 1.469189366068955893e-01 4.751023168320664958e-01 3.876481509829907135e-01 5.526213420818989475e-01 3.650512415874220262e-01
-0.000000000000000000e+00 2.194579947343013593e-01 3.381511538245436932e-01 6.068626726220802681e-01 2.981809202064010234e-01 1.894617180819514399e-02 3.519387683369490927e-01 4.681328000410331924e-01 1.915172457043011756e-01 1.583645023497755669e-02
1.806053731547661856e-01 4.240022469911531311e-01 3.954345168566514301e-01 3.417137566357293377e-01 2.915302124588371995e-03 2.360758201967523909e-02 6.206371442849503151e-01 3.333914306774353187e-01 4.609777406440332403e-02 1.242413479241655100e-01
1.740858739736747818e-01 4.437083318703821111e-01 4.136283018989014293e-01 2.371939667902605575e-01 5.226673023437946285e-03 3.933111427542361760e-01 4.272995372619383669e-01 3.270229082829808620e-01 2.854642448621242945e-01 1.404563611652789035e-01
2.855234336426558384e-02 5.366323698535445663e-01 1.654661775363773513e-01 1.406894095943135928e-02 1.492318686110455650e-01 2.944036844183774426e-01 2.967594944118542299e-01 6.975004345009364615e-01 9.372849227250200366e-03 5.374787631758055385e-03
4.867671501808212842e-01 5.396845244409161912e-01 2.971848564421779026e-01 -0.000000000000000000e+00 1.796069867975250423e-01 1.477217164597094956e-01 5.623200333867810485e-01 8.179288666455906964e-02 8.065499434071993212e-02 1.307510742753403496e-04
1.861248122673621677e-02 -0.000000000000000000e+00 2.521874838197343122e-02 1.278199262104370570e-01 1.462632759039547876e-02 3.257069527938183211e-03 8.171553625057587089e-01 3.036563318554803548e-01 4.714999380328642742e-01 1.388786746264788347e-02
3.476070423429820921e-02 3.263656369599557405e-01 4.073989548233079017e-01 4.765732300950325517e-01 5.849596754221073613e-01 2.718437352795739503e-01 1.954869496018432906e-01 1.828726423831969206e-01 1.048306725335555467e-01 2.138582327500147817e-02
1.520842519827012365e-02 3.135900483284086437e-01 4.300818372929430256e-01 2.199649486967221457e-01 4.950503932951181851e-01 5.130879865371676951e-01 -0.000000000000000000e+00 5.315701555212277996e-02 3.961252047460817605e-01 -0.000000000000000000e+00
1.830088636188852147e-01 3.167735158708336884e-01 1.904719040163780491e-02 3.482426439878986701e-01 5.455518674812634972e-01 4.277704403545743994e-01 2.045828953784064042e-01 1.827884116540454962e-01 3.543012943608234155e-01 2.512309683742439126e-01
-0.000000000000000000e+00 6.926194062901021020e-01 2.162539077401674226e-01 2.620072166514503254e-01 7.273398012904452870e-02 5.846669113571532073e-01 2.111579899042489994e-01 -0.000000000000000000e+00 7.330703166516994163e-02 8.819057289034402947e-02
2.611689763371664585e-01 1.106955087002731847e-02 5.684599745114664593e-01 2.859810365402157273e-01 3.424334694701828274e-01 3.217301499762359462e-01 2.763334075315041494e-01 2.968416557096929531e-01 2.038088021872356270e-01 3.161522038698786896e-01
4.628475811926687777e-01 2.802388309629930685e-01 4.563823199927251606e-01 4.092432195404103745e-01 2.852508955257444887e-03 3.818302427545552380e-01 -0.000000000000000000e+00 3.518449838223420834e-01 4.566308939812711853e-02 2.445219785605790563e-01
4.992036273110133093e-01 1.734314281672556801e-02 3.012739589450846855e-01 5.645118917874449860e-01 9.985612605384285717e-03 1.317514857643989623e-01 2.591881280680514710e-01 2.502602912760525933e-01 2.959734888593577584e-01 3.258651682522605286e-01
1.551437039334787049e-01 7.056138616537806045e-03 1.348417574302115604e-02 4.572262140544130493e-01 -0.000000000000000000e+00 4.276801360133296315e-02 6.146853846635979002e-01 3.932656314953411614e-01 2.259478113505706542e-01 4.257528775565033730e-01
1.783155089139878968e-01 1.174483205338472114e-01 3.345987045217084233e-01 3.752232039800056373e-01 2.180543694231044383e-01 2.232706835823317915e-01 1.958969468253063950e-01 5.074807413496836839e-01 3.468449773520277390e-01 4.336467044835440321e-01
2.195250218762744565e-01 4.015096010318672803e-01 2.311066424160537758e-01 2.118376767926310189e-01 4.094781380328405551e-01 3.588810366816735931e-01 3.292830350521566696e-01 2.752180931712824852e-01 3.806495984177544201e-01 2.584162278139320867e-01
3.829349604931686635e-01 1.323563708103809022e-01 5.784248086698151603e-01 2.360744382833748420e-02 8.811152704719190168e-03 7.566321913977398783e-02 1.564007592185487905e-01 4.828516664492187305e-01 1.446958339802202793e-02 4.869200952784373260e-01
8.262971333950860919e-02 4.253793311247423825e-02 2.844382266509844492e-01 1.000838089143678972e-01 5.202833082088773597e-01 3.205372557513479492e-01 5.553446656354559252e-01 3.626436006756587060e-01 2.433956625829762077e-01 1.668610220585892701e-01
2.569852152882391438e-01 5.795967230257204755e-02 1.699871156029079955e-02 5.035406684647990572e-01 4.577143637407269372e-01 3.032645794473757817e-01 5.018487648752124608e-01 2.040045031274868026e-01 2.838781095359982909e-01 3.504952807636119855e-02
1.447941297503856084e-01 4.996364884174290255e-01 4.787607179653359801e-01 3.064936751395277992e-01 3.704954260951422683e-03 3.298069876576648768e-02 3.795084324545574539e-01 3.654865488011679320e-01 2.629813686429882669e-01 2.416197847348458827e-01
1.802604377777286826e-01 2.036811466633211831e-01 9.206973879363958280e-02 2.166667938454542308e-01 5.268542426804136980e-01 2.397208030132187140e-01 3.600145530371919311e-01 6.094142126577141161e-01 1.514046977621729406e-01 1.078787689464345279e-01
2.966194969479981070e-01 4.081888849920101148e-01 2.897009682625529825e-01 3.240423098786576750e-01 1.693464468755026195e-02 1.565228815090227432e-01 3.107170268735041097e-01 2.525654833638285024e-01 5.169722611594002037e-01 3.226263023759547433e-01
1.262734532297550387e-03 1.577356679106159953e-01 1.472753693145344711e-01 2.396449274386944495e-01 8.142075813769591996e-03 7.833658390377756450e-03 8.369712389863717128e-01 4.551600190079516106e-02 1.004125262045838830e-02 4.395191591279333787e-01
4.203985542636730077e-01 -0.000000000000000000e+00 5.306150762947701160e-01 2.801691169221351974e-01 2.600643217571220189e-01 2.655503898828014964e-01 1.704209986442886959e-01 1.382769061496746943e-01 2.315019587849525551e-01 4.725574301736961691e-01
2.050849844753462048e-02 8.728145396400964484e-02 8.437550498266338517e-02 1.915351405741586299e-01 6.919419623369220396e-02 3.177875067766595674e-01 3.837955849942661923e-01 3.086007002167731259e-03 8.089682106715940790e-01 2.015974621275096745e-01
4.019759163799320745e-01 1.234272690841136354e-02 1.204260452645564416e-01 2.664420542009883763e-01 3.348511967421104463e-01 3.903847944207050058e-01 4.469848423706182343e-03 2.739017738737710705e-01 4.014583476014541019e-01 5.020285263892240168e-01
1.222909357323718332e-01 1.654357838837928751e-01 2.774633563524137037e-01 9.894133954637390760e-02 1.337958366159952908e-02 5.168073021705889003e-01 2.585371245560778020e-01 6.144098324121518573e-01 2.340162793097925464e-01 3.233068494520739411e-01
1.125784917091515215e-02 3.916174119681222199e-01 4.812649590743901529e-01 2.193263224655460086e-01 4.886355136609809580e-01 4.925012192529674704e-01 7.942877115554927703e-03 1.587144970226792851e-01 5.286996723870270032e-02 2.396212353737734169e-01
3.019308276441376448e-01 4.121246151360139498e-01 9.673163928395037137e-02 3.155577137118241171e-01 1.663034828915257168e-01 3.866361339299326794e-01 1.037723515446945834e-02 3.019477099405733500e-01 3.251425163853240985e-01 5.058807025418141645e-01
3.422860349140393610e-01 2.740220405800192216e-01 8.408372441782196657e-03 9.413245481119267288e-02 5.814304564550445420e-01 3.078982045809937618e-01 2.570083085255712163e-01 4.883472922371507874e-01 1.249828200339614809e-01 2.140113032888490419e-01
1.422398069202190640e-01 1.096852099060328656e-01 2.093763888833393705e-01 3.149773220744706559e-01 7.997330810490237835e-03 4.220822756637348204e-03 5.320580622761238165e-02 5.360060137642949640e-02 7.006064651525727438e-01 5.727588781236586657e-01
4.214032540372117941e-01 6.349880581970244187e-01 8.858176523218214138e-03 4.284997923362185990e-01 4.758610203687409501e-01 3.056562813717948138e-03 -0.000000000000000000e+00 6.508887504635904597e-02 1.975253045456810269e-02 6.662692183907110988e-02
4.779658814598498617e-01 1.261382554514538581e-02 3.591625120514420066e-01 1.566377169270612157e-01 -0.000000000000000000e+00 2.344590900591766221e-03 3.783866629822546512e-01 2.149184494924722133e-01 4.465871484341458336e-02 6.530621092707414865e-01
2.861130122548965482e-01 3.138062426487062129e-01 3.898882917850104990e-01 1.382571799358018050e-01 3.755294966961809644e-01 3.976321483847261584e-01 2.647407461424962638e-01 2.004970614332277357e-01 7.741918578329129441e-02 4.828279874464235233e-01
1.277634968881105337e-01 5.124158292957599337e-02 1.937686391801945185e-01 7.079457387290113424e-01 1.490368972362872239e-03 2.038524106953197024e-01 3.717846344540669534e-01 1.474352200046432360e-01 4.566398329330106920e-01 1.796619393373742324e-01
3.956583731928582925e-01 2.439385949219663452e-01 1.105701226890380973e-01 1.917500420878773537e-01 6.502540186131371414e-01 3.723029234317717928e-01 2.442376551992214706e-01 2.372881283720307544e-01 3.617972359264252924e-02 2.371669600862927607e-01
3.454020428347703842e-01 2.757856392444500426e-01 2.150294365615091352e-01 5.952565880867520809e-01 -0.000000000000000000e+00 2.737475393967656601e-01 4.629239032131265974e-01 3.384710191195616225e-01 1.133243027579655324e-02 1.201397069274353843e-02
3.304951968236069515e-01 2.996234871330514249e-01 2.520015682288399561e-01 9.704266995456464762e-02 2.836001159367401714e-01 2.212428363390122610e-01 6.410243365177316077e-01 4.140026006876224018e-01 1.034804862537121173e-01 7.537000625560100198e-02
2.530604984244676225e-02 2.512055492998246931e-01 3.444055671449043343e-01 6.862786128818157416e-02 5.778128109831143222e-01 4.079260723691234269e-01 2.882368115821241222e-02 1.118375773715697269e-01 3.484879862293939201e-01 4.217543691631112091e-01
2.429297731181880721e-02 3.334418742977785649e-02 1.179257197028644871e-01 4.946884373757646225e-01 3.456077477041992196e-01 3.961223586864737189e-01 5.213925008791951976e-01 2.828784883904090219e-01 3.051757641824389133e-01 1.353315426695366197e-01
2.377153990971640762e-02 5.102210810134682334e-02 1.807466613714609621e-02 9.971746031046856140e-02 1.299558413365769008e-02 3.811463785657311920e-01 6.962935340891414013e-03 6.703135483010768114e-01 1.611472886285445771e-01 6.047997699163388807e-01
3.549893182705174399e-01 3.446853073929625477e-01 1.553863876778702746e-01 9.387358031735915098e-02 2.129928727221578819e-02 7.980679797416964649e-02 3.571100162434568404e-01 7.929796300525400812e-03 3.090632913132664306e-01 7.016296004122987151e-01
8.000616163022000737e-03 4.247918175267095253e-01 4.792230941283307510e-01 9.994159784713156289e-03 3.614192420475250550e-02 1.539345318608729106e-02 5.150774243382040540e-02 4.582946118565676442e-03 6.013110108669911247e-01 4.732241170162209132e-01
6.072572685306999556e-03 1.057500118481802809e-01 1.724505612007349031e-01 3.498134657887396869e-03 4.051004598348786345e-01 3.652851280288648139e-01 6.323585043014624818e-02 -0.000000000000000000e+00 2.683094393082103291e-01 7.651799072973323179e-01
3.542182600209071164e-01 3.070846267942361485e-01 1.576520551925147395e-01 2.364936430622541219e-01 6.647229092479793877e-01 2.305085386186983276e-01 1.994828236124482623e-01 3.831160550682150001e-01 8.282584070423772149e-02 1.049899120302022343e-01
4.789161409681940151e-01 3.082566434281427958e-01 2.870679087129865970e-01 1.790451612173921681e-01 5.612565667418916160e-01 3.049006049542048458e-01 2.559090367404545097e-01 2.165894001916639777e-01 2.018444581056940690e-01 6.092330687781312773e-03
2.271791085304026570e-01 1.863876330748270305e-01 -0.000000000000000000e+00 1.104671681656774623e-01 4.111174566191374002e-01 4.930127332278129715e-01 3.432898792005670274e-01 1.377730218932931017e-01 5.268839533066498326e-01 2.737355336901119429e-01
6.855540640890266102e-02 2.986221381283508947e-03 3.509988350200125007e-01 3.999448302385795184e-01 3.827190880767237363e-05 3.298337502093036111e-01 2.940692468283807037e-01 3.059342136076326768e-01 6.100220691362407965e-01 2.261536982959498066e-01
3.124637193902182752e-02 6.978645710372570476e-02 2.690824531735732661e-01 6.655694661700841015e-03 4.676598812589718990e-01 5.646173553096678344e-01 4.981203210916269608e-01 2.768623145551571962e-01 2.409921157308255457e-01 3.676318759978500911e-02
4.387260706628904328e-01 -0.000000000000000000e+00 2.856656874626818388e-01 1.360738647487128722e-02 1.194395566706118184e-01 1.482422399372011063e-02 6.568857508774813558e-01 2.288903523263926265e-01 4.339653437084868282e-01 1.975556149842655207e-01
3.520209249731205414e-01 3.155630167403906672e-01 4.829654912888760032e-01 2.654497514683601400e-01 5.418766281504061588e-01 2.567325507151473896e-01 2.230935183748153638e-01 7.134525434756319728e-02 1.855585729642056370e-02 2.409044389070405801e-01
1.560818443259722188e-01 2.486695225201171477e-02 3.998850540191391523e-01 4.941802256043474340e-01 2.566438084524848284e-02 3.617581847224938252e-01 1.216062572998996005e-01 3.806164386466375227e-01 4.012483625862516279e-01 3.445476635135908405e-01
2.207837288168932321e-01 4.690320074917597726e-01 1.706106875513103416e-01 3.818709262267503401e-01 5.415426291743090648e-01 1.352393831481999709e-01 2.485257480233505345e-01 2.261846145759948135e-01 2.212840084081698078e-01 2.878903617490144451e-01
3.342692751652296401e-01 -0.000000000000000000e+00 4.983939628695785995e-01 -0.000000000000000000e+00 5.961188630964077140e-01 1.370917071957901412e-01 1.593985541490808289e-01 4.322566605914733295e-01 9.208777361510139120e-04 2.312165794837056643e-01
3.295261765318213687e-02 3.313222790923723848e-01 3.590861038590137388e-01 2.846310574174640284e-01 3.073402799694404663e-01 1.098692630420781795e-02 1.858282058819739346e-01 3.984896963070888032e-01 3.146366267692374818e-01 5.406300733637997569e-01
2.858224296889400606e-01 -0.000000000000000000e+00 5.874211933727020440e-01 4.689566477703185354e-01 1.233317251599987986e-02 3.070946265414450371e-01 1.164950133377793962e-01 2.120197117375931528e-01 3.415003687330420701e-01 2.893378264895944962e-01
8.612956657055963194e-02 4.612524972985888039e-01 6.390924662794525979e-01 2.291418834738925270e-01 2.605952512690269951e-01 1.643824029956000576e-01 6.951859362388670971e-02 5.963453390340091699e-04 1.926185473375690016e-01 4.266334417469517803e-01
6.536845988607552504e-01 4.269802277605370122e-01 1.216599356536742123e-02 1.109227997091193213e-01 1.721504832356820780e-01 3.513532769895203467e-01 4.699683062858516780e-01 6.199057712017323057e-02 9.766503540339773956e-03 6.253969397928245758e-03
4.104506447891123448e-03 3.314941022689682493e-02 4.239614300476242104e-01 3.344397665180699475e-01 1.133430713758691588e-02 2.527344725158923652e-02 1.248195921509386366e-02 6.808681220440945259e-01 1.596484763218533609e-01 4.661533754719404121e-01
2.604824751305417352e-01 7.723394844894541922e-02 2.048907353288218491e-01 4.922069402942431116e-01 -0.000000000000000000e+00 3.063673791384229350e-01 4.079041434898960095e-01 2.249943797512063970e-01 5.665871842552099302e-01 1.002279516961087635e-01
6.013104769829782925e-02 2.986588023336099185e-01 2.495751762205183633e-01 3.299792122169706993e-02 1.495296081403089672e-01 8.698356905078062917e-01 5.063552220321930475e-02 7.673386795345152507e-03 1.424653528336367880e-01 2.047391012420437806e-01
3.934567291675939438e-01 3.609227098350941132e-01 7.565068021181270419e-02 1.219469246051635841e-01 6.109475430629478510e-01 4.220723570809979397e-01 3.084136467302660001e-01 2.052537443222497704e-01 6.480505267513290979e-02 3.850681854309098706e-02
8.945026513871452353e-03 2.479192326165942199e-03 4.168422797248395040e-01 2.897165161446692283e-02 2.996186308825631306e-01 5.110016323655990345e-01 5.265640863488088019e-01 3.293465006258015637e-01 2.235141004071938275e-01 1.967882046838739241e-01
3.714745519151800845e-01 2.532506222461742423e-02 2.281731864998672379e-02 1.241130260786454248e-01 1.279134768716639059e-01 3.078707362096946495e-02 5.446967684566670354e-01 3.135126678754935337e-01 5.588758569092769912e-01 3.475686088253613359e-01
4.007849441153191750e-01 2.158346861738551503e-01 4.966171327082818249e-02 2.476733483897158583e-01 4.635917795883582326e-01 4.202689814430137782e-01 4.964519274140983401e-02 1.929819765941553356e-01 4.003324865514265030e-01 3.707590867950916746e-01
3.951598207334487411e-01 3.639560066100487601e-02 4.608357745346144257e-02 2.330038858506847665e-01 1.911594160188673230e-01 2.229852539363343378e-01 7.297675260436876921e-02 1.617946491673925014e-01 2.672156990251517428e-01 7.726175501934317014e-01
4.326916383908936958e-01 1.737677419222687092e-01 5.074833647394646485e-01 3.387173069514980428e-01 2.230997957247507768e-01 2.618186053729979479e-01 3.663748800479240120e-01 4.159778604093366389e-02 1.306612459073631764e-02 3.947908120773966911e-01
1.014795251518463282e-02 6.148073700098996008e-01 2.753669917753636120e-01 3.045929765704551428e-01 2.761095984229480216e-01 1.379649060331065991e-01 1.034982776582196451e-01 2.965399967748800769e-01 4.974897771534333435e-01 1.090425977779094502e-01
5.290195259982267278e-02 3.700778144857800878e-01 1.138407015636740127e-01 3.059646935293391379e-01 3.496838566450598540e-01 1.316882681243964834e-02 3.185440029897411707e-01 4.311035100290466771e-01 2.857153177363996877e-02 5.857308489330054213e-01
2.104698125979147794e-01 2.109022375079383158e-02 2.809783012442267913e-01 1.445383941301415509e-01 2.636520160715948302e-01 3.915179702914316495e-01 4.853462524766044561e-01 5.785605586854848381e-01 1.179328186262446759e-01 2.200394194023307659e-01
1.735174390997022698e-01 1.176251767800668147e-01 2.330511130741221570e-01 3.597635984483298355e-01 2.789401638209531784e-02 1.332176324865942847e-02 7.080653478688715696e-02 6.964128646764881081e-01 4.154898634223153087e-01 3.297294837500120424e-01
1.848456572924926933e-01 5.101538842740004596e-03 4.710304992289122694e-01 4.502945251007790528e-01 5.802879708893300403e-01 4.239521714008490649e-01 8.397604675133221730e-02 1.305725957277471538e-01 5.314343022420138681e-03 2.392012798447230165e-02
2.644187996723483189e-02 5.566931566534499831e-01 5.077361938164338673e-01 4.588177002416306965e-02 1.639817850950852085e-01 2.768520105617144900e-01 6.054310900181823774e-02 3.445190313382447966e-01 2.340045170677612640e-01 3.857957625250273970e-01
3.124612498933984073e-01 1.488447194834474803e-02 3.304770155204435622e-01 3.513857850852764031e-01 9.004642522193764820e-02 8.955253564103947406e-03 2.005637371727437557e-01 2.961193129232448859e-02 1.913456269544256683e-01 7.639077226359152206e-01
5.235475737908643762e-03 6.066321752394603362e-01 2.911596454763240027e-01 2.756156542423332523e-01 4.280815901510202082e-01 4.357657325091193190e-01 3.848338374938893493e-03 3.444678312194441802e-03 3.131137277617596637e-01 4.422923861785210513e-03
6.942310715406713184e-02 6.193924550692305742e-01 5.994433198291124198e-02 3.350188680744553560e-02 3.056196119502780240e-03 3.125656731413785083e-01 1.259263848113575772e-02 2.583081338425068374e-01 6.217222310866480361e-01 2.359891520776569163e-01
3.738017027262702796e-01 3.148400168969694435e-01 -0.000000000000000000e+00 3.744665126840184266e-01 1.534775084119559263e-01 5.266882044599974222e-01 3.196550864745545395e-01 1.389979737318373376e-01 3.444547597296979680e-01 2.825211122391272922e-01
1.588528750034715054e-01 6.622389217401577488e-01 1.956958796364121900e-01 1.309646022714981532e-02 1.792057483949694996e-01 2.261822607838447075e-01 2.519254626503263372e-01 2.240745610756509354e-01 3.711562739027766122e-01 4.037710209971768216e-01
1.965610198878197656e-01 2.932773676997882384e-02 4.386578283017414925e-01 1.049462985249769859e-01 -0.000000000000000000e+00 9.423283952902762953e-03 7.747235006050495927e-03 3.133353780380986331e-01 -0.000000000000000000e+00 8.116288291769478969e-01
2.647525823170626680e-01 2.839878540381491137e-02 9.714247886748161864e-02 3.758302600786529446e-01 1.353660894760932640e-02 3.911599839771106035e-01 2.890162704045550271e-02 7.787521831348243051e-01 1.337173997402811287e-01 7.385860126733735653e-03
3.178147646385885983e-01 1.987510664071386046e-01 1.510345816482798753e-01 7.807140770693819787e-02 5.203373484830405848e-01 2.548551575944847936e-01 5.057338265599134464e-02 3.442771205081490149e-01 4.314359909715746455e-01 4.331993476467649318e-01
3.054738178092013777e-03 2.621087020733531281e-01 4.721131806576328027e-01 6.051571791023403479e-01 5.427255318519669941e-02 3.308464845615783356e-01 2.351302674565793338e-01 8.922982100933091187e-03 1.364148431715223875e-01 3.947199665649496203e-01
3.683433743206505628e-01 1.779461139912848489e-01 9.156131414504137256e-02 3.005613335102649275e-01 2.721150146192763408e-01 4.659223721093290194e-01 3.346032496515826682e-01 1.062434820813268760e-01 5.217764963750689544e-01 2.175081316070776594e-01
1.450930241197811955e-03 3.203726146710829392e-02 3.123513437214771038e-01 1.506405659129112506e-01 2.448292941793513422e-01 4.821054614552915951e-01 5.032258433356768812e-01 3.521113740797482405e-01 4.192977464295498669e-01 1.825355803246017095e-01
2.109988987196337040e-01 2.367883891530985774e-01 4.322818724398199697e-01 7.346954807763446116e-01 1.751244978175570954e-01 3.077799332037925994e-01 8.096071790859811490e-02 -0.000000000000000000e+00 2.009231759290201480e-01 2.106701924002419082e-02
2.293274667500188879e-01 2.184504293258870966e-01 2.547095127545757620e-01 3.967819601523324136e-01 2.600249780270089683e-01 1.159372164281778292e-02 6.917449992338870791e-03 3.437649298100466932e-01 2.818158050849743287e-02 7.004367780108471386e-01
3.750015280563728792e-02 5.176668956814279438e-02 3.125301237954435929e-01 1.042944864444628021e-02 2.191194505209342336e-01 4.506496324695710154e-01 6.105325299817552231e-01 4.459219770104295710e-01 2.528320975275023530e-01 1.072903657536973254e-01
-0.000000000000000000e+00 5.059851655081453181e-01 1.599529733208819304e-01 3.750602875909432310e-01 4.851753603135960380e-01 6.792711747206868489e-02 1.162011792750683968e-02 1.546623076856190951e-02 5.792253218079237431e-01 4.287669392435366350e-02
3.587857629262487021e-03 5.752091909921674268e-02 1.847667649725743821e-01 4.026413171116978718e-01 7.310911752312954093e-01 2.845873055220975445e-01 3.442594147006755589e-01 1.713590374607497635e-01 1.113774919392544055e-01 1.570096572002207258e-01
5.133363771122045893e-01 1.545131238307813348e-01 3.855772320957485122e-01 3.206871609438902843e-02 8.099225340575728904e-03 3.053733231167157225e-01 2.398772528981868712e-01 4.274056814821624271e-03 4.755320918222166737e-01 4.311666217831516823e-01
1.475450359027530023e-01 2.025466648057635266e-01 1.293622131194688968e-02 6.482071853932498684e-02 1.086914858210933504e-02 4.232624849663197374e-03 8.244391297763806747e-01 4.115573880757764647e-01 2.881575866391595797e-01 2.420803492267325358e-02
2.227265352714584146e-01 4.248365218455246728e-01 1.504929366732721541e-01 5.207723963547898904e-01 4.512749178926678817e-01 3.924901731378742653e-01 1.082595046181140108e-01 2.158137911744368587e-01 1.906549480789321294e-01 1.539876548345913976e-01
1.119158832552010624e-01 3.578992576318465457e-01 3.695781548331412147e-01 4.076395954178456127e-01 3.636600862638320608e-01 2.931294003200490828e-01 3.145592806819017678e-02 4.464913558982865904e-01 3.716221228083103068e-01 2.095720162925369078e-03
3.678291010293539554e-01 3.192349794188412138e-01 2.236532493136223765e-01 2.303207067021886267e-01 1.500894062361355086e-01 6.445049837832079742e-01 1.923369644163739622e-01 5.129226783841328401e-03 9.222140706469386662e-02 4.198622008850591558e-01
1.601618576125679039e-01 3.708635053619410704e-02 9.131556965422062480e-03 2.780571071227193047e-01 1.553282869906443681e-02 3.922039894281372230e-01 2.593745276516552511e-01 4.425819408224794527e-02 9.027043251967743764e-03 8.198737603298296150e-01
1.293785044870316148e-01 4.475160766437909915e-02 1.898373508793568532e-01 4.861310991721377595e-01 6.176653542675807351e-01 3.407633763211702638e-01 1.646490250872478800e-01 1.907895640073710708e-01 3.670247715938234068e-01 1.142344963347245446e-01
2.391762145927557870e-01 2.914766631795289928e-02 4.424924003287105667e-01 1.504378898250640154e-02 7.260747292160839306e-02 9.918798940806235198e-02 1.692304521306312037e-01 1.758426522153227556e-03 6.056252383874981549e-01 5.791245481368594294e-01
