1.255580667252870208e+00
1.848130080225182992e+00
1.790732841821312205e+00
1.831075161013691721e+00
1.593463994061558031e+00
2.525939856297619190e+00
3.426807667867813656e+00
1.621346094791648484e+00
2.448122163201358059e-01
2.029347112956827459e+00
2.183642315730133898e+00
-3.100013695971352585e-03
2.013189840047383772e+00
2.082786547723108228e+00
-1.574130074963182579e-01
1.712074193999145511e+00
2.971408454311466052e+00
1.903597481069744690e+00
8.408591431173528807e-01
-6.680790026368449430e-01
1.121582259544434690e+00
2.591041631495179853e+00
1.251081526445351422e+00
1.773505031958739986e+00
2.505839605040745877e+00
1.225411031562493314e+00
2.415202405856976320e+00
-5.995456088340086476e-01
1.425368171385349880e+00
1.540656239551189133e+00
9.513505898560283836e-01
4.440895931471426472e+00
7.788490467944628737e-01
1.777944134500720530e+00
2.775700237509364232e+00
1.240531072528249679e+00
1.156243374525217860e+00
-7.662773263916927702e-01
3.865338165440165952e+00
3.099203352096433051e+00
1.510421931946738461e+00
2.033594384062379579e+00
1.390369434687126482e+00
3.071283452527458824e+00
1.413561409926999524e+00
1.250908723367403663e+00
2.472349654539715669e+00
3.184486767836188115e+00
2.883509256457950087e-01
3.282031208231984909e+00
9.607328751527842714e-01
2.035096732374503059e+00
2.046156480367784969e+00
1.300901042908567451e+00
6.124478726800262063e-01
-6.966569338822636848e-01
1.401679233832376248e+00
1.386085647696941203e+00
2.730147356776477352e+00
5.232900658099777225e-01
1.160189576133009215e+00
-1.389938571014459612e+00
1.283568497665157571e+00
1.198494639599913425e+00
-1.412376376521760291e+00
1.044899399026672393e+00
9.091473965328696893e-01
1.919885324564523321e+00
2.115784548788021358e+00
2.248791100493175765e+00
1.316086540241506508e+00
2.890733773726009481e+00
6.944578522957668421e-01
1.148134515366713071e+00
1.343960083177886844e+00
-1.098645257205118630e+00
4.043215308620189963e-01
1.817504123664382298e+00
1.335500470126163464e+00
2.408236772143433679e+00
