-6.590523205677135676e-01
-3.623309525928691266e-01
7.492841954902887958e-01
-1.095053035726054613e-01
4.306106387778378952e-01
-8.073594373059383988e-01
4.792990646199167259e-01
-5.389997250780511479e-03
4.555667576636188154e-02
4.443308361494880884e-03
-1.038031811087660045e-01
6.732724997415377999e-01
2.888088066212332050e-01
-4.498068226275295789e-01
-1.313748473758530877e-01
-3.391681577297846473e-01
-1.385829899552304401e-01
2.660053925331897773e-01
-1.618727115130745020e-01
4.524787475204050113e-01
4.773262639955959674e-01
-1.687127950514248909e-01
-1.928101856251168700e-01
-4.082926776595494633e-01
2.945444514115277412e-01
6.442450765306113603e-01
-1.514984916386090008e+00
-7.518129084559820319e-01
-2.550773880658376404e-04
-9.173989993925673048e-01
-7.981186040159072848e-01
-1.603376941132228228e-01
1.644273927383544109e-01
2.770148687005314914e-01
2.294322733221932920e-01
-4.327639870732666316e-01
-4.673129195245831480e-01
-1.457199956790297124e-01
-1.844749348305752268e-01
-2.313326787710435761e-01
-8.860666679979009031e-01
9.883294057760888540e-02
-4.312986076259905932e-01
7.237095021073560244e-03
-8.926608199138550415e-01
5.470767605876117323e-02
-7.895283072547802927e-01
-9.563303786138206419e-01
6.687535979661284047e-02
-9.200414641768042134e-01
2.605461175163301113e-01
-2.674015822631447548e-01
-4.028712130603424868e-02
-3.994568484273184339e-01
-1.251630671139248030e-01
3.520876514537670254e-01
-4.489873665568087750e-03
-1.151872727086502790e+00
-1.787802329156028547e-01
-1.177798771250270493e-01
-4.503406068378627558e-01
2.862463139413697899e-01
-4.172068797018066433e-01
1.120784546908960011e-01
-1.831879612201027241e+00
-6.291621408546348437e-01
2.869254701530843388e-01
-4.008060094920533056e-01
-1.265643407651907415e+00
4.230856896616375096e-02
7.895781418096419618e-03
1.384743144126767411e-01
-3.558963551417457793e-01
-2.799012474941502959e-01
-5.739342668745346376e-01
-2.263594216713302743e-01
-1.666147522921047619e+00
-4.353772829258009680e-01
-8.397577528536878111e-01
3.423324611932181960e-01
2.882166197978969918e-02
