1.960231949837020122e-04 -3.694217230982368982e-01 -7.599836034563465237e-01
-4.294269551143765073e-01 -1.079331518528665185e-01 -1.199496498903801778e-01
-1.223424792211597056e-01 2.365401273455230990e-01 2.140609551418133638e-02
-3.465202235880206483e-01 -2.988259131953559522e-01 -2.563269702445966636e-01
2.259987700008627975e-01 -3.635096976380178813e-01 -3.489434387758890144e-01
-5.081350033417679768e-01 -1.227557658715110689e+00 -1.875521372402786935e-01
-1.051972129366511577e-01 -4.169310603471295673e-01 -5.845656153705456326e-01
-8.444560236985464430e-01 -6.048418267095543310e-01 -3.884263317815477845e-01
5.081182545990731159e-01 -7.651595119321126237e-01 -7.188375637238852978e-02
-2.160187227727413950e-01 -5.147660922287259355e-01 -5.384067426033071202e-01
-9.780427980925034126e-02 -3.461420196511385550e-01 -9.197694628456919430e-01
3.526293182627657785e-01 -2.814645753106834181e-01 -2.823267419159690150e-01
-4.920591373552007930e-01 9.203106759234097600e-02 -2.445110562521913555e-01
4.414980809699974862e-01 -5.409207528916217672e-02 -2.403193429445768248e-01
-9.333627831681329257e-01 -2.640466906323824525e-01 -1.996112697753516518e-01
-4.660704534656325837e-01 -1.891214341410992483e-01 -2.931277658949766884e-01
1.299227446135354236e-01 -1.972267568293120943e-01 -6.253946751666389359e-01
3.108369483781963094e-01 -7.116248319209248496e-01 -3.009698982677754819e-01
-2.694482989376220106e-01 -2.073559339253746026e-01 -2.322580558849014418e-02
-1.696599330073987888e-01 -1.860927174988873667e-01 -2.281289642266070561e-01
2.792119122216119020e-01 -2.383677689651339526e-01 -1.375777218534670610e-01
-1.876737434024157991e-01 -6.782625708924961971e-01 -1.537306436058189230e-01
1.724281890375823356e-01 -1.077804041910655375e+00 7.283197412706413076e-02
1.740595559891306709e-01 -2.747300849952689084e-01 -6.670242922193674040e-02
-5.631590576300473661e-01 -2.753342038682120574e-01 -1.988782936974368976e-01
-3.157665872638782401e-01 1.000940147300151267e-01 -2.001583587891295479e-01
4.682372091092400490e-01 2.719645199230864008e-01 1.398025403364995256e-01
-4.556144475470934596e-01 -8.148077584752815294e-01 -2.463047040697512735e-01
-2.013452921793121575e-01 -4.417556040582486521e-01 -4.778625573745674537e-01
3.100413896889998577e-01 -8.485766856689969106e-01 3.650824914909684415e-01
-3.991900669381297506e-01 -3.469281228576282516e-01 7.290747354084590182e-01
1.888423626499773356e-01 -1.764475025260685628e-02 -4.065359751416265932e-01
2.256732693159288483e-02 -5.366728941614975490e-01 -6.345490110738003509e-01
2.073357056418870525e-01 -1.179298019931067198e+00 -3.154436354226973771e-01
6.456925160386176032e-02 -3.293364975420692842e-01 -7.773123390346933226e-01
2.951085349512346245e-01 -5.341961155823629070e-01 -3.545523008987166436e-01
3.883964066237066137e-01 4.800460701224144866e-02 -3.345727614506727177e-01
1.317562772453704234e-01 -8.761346664448971255e-01 6.899099904301214670e-02
-1.652049023663485772e-01 -1.135925450297299716e-01 -1.048190900413816129e+00
1.147608462365097004e-01 -6.478810700370013498e-01 3.878111924114166498e-02
9.569483214490817624e-02 -5.410016894640439222e-01 -2.380188459174913951e-01
2.380996211398467011e-01 -6.803438825694053949e-02 -6.876341029141146421e-01
-5.194971415944155124e-01 -3.264434847812986984e-01 -5.658148855216533768e-01
-2.876136756305678333e-01 -2.094694962574916441e-01 -6.393692474624241839e-01
-4.407818334428488249e-01 -1.486689046963894922e-01 -8.030581735287987133e-01
-2.305801980524152250e-01 -1.852509906039250531e-01 -7.530317362419588489e-01
2.501872933187460069e-01 -5.352409541365729106e-01 7.225761442969892423e-01
-2.542107771630778279e-01 -6.283151266367349441e-01 -9.189895671429922919e-01
3.332235562475149848e-01 -5.256318975888478739e-01 -4.888620334680540691e-01
2.575586375865802635e-01 2.659061802067831937e-01 1.596158337544974770e-01
-5.030271886877650811e-01 -4.103798636172649172e-01 1.880410183807445373e-02
-2.910966291269432779e-02 -3.381582853770749297e-01 -1.558281165216204023e-01
2.008048435131961906e-01 -5.201080729333212860e-01 -8.306498308087610916e-01
-3.226054900995368735e-01 -5.780283683607017053e-01 3.413084442700823895e-01
5.231192939930719987e-01 -3.715066829950655070e-01 -9.051124737878442073e-01
-1.170079227428706820e-01 -8.151787481577925376e-02 -6.228031588267434193e-01
-6.058893289734140764e-02 -3.006949251766037334e-01 -2.964571376044807804e-01
-3.650166762347765714e-01 -2.027941336169722109e-01 7.889061021327364864e-01
7.357602657073130104e-01 -5.458763049069127460e-01 -3.483445130281571656e-01
-2.169337829125621633e-02 -7.179504312677006395e-01 -7.117385611137493351e-01
-2.440746229831421144e-01 -3.012558738311928996e-01 -4.828585221324479537e-01
5.732596398861344866e-01 -1.118011442012730949e+00 -1.408500767152207067e-01
3.742917562042524793e-02 -7.067404135142576482e-01 -7.350784237053274717e-02
-8.120447824499678058e-01 2.000091865955292147e-01 -5.530855908302517721e-01
-4.037600232723506100e-01 -5.929538388221015921e-02 -7.364967574290476326e-01
-5.622377150737687540e-02 -8.054982801502802436e-01 5.759642970617461222e-01
-9.352510567530386565e-01 -3.089334128198794119e-02 -4.495289744947059130e-01
2.262493046215033610e-01 -2.630495015589311425e-01 -7.830946292115050777e-01
3.956750862898490012e-02 -2.931154473660912418e-01 -3.031948728262387482e-02
-2.839156961565644233e-01 -3.888753965987412631e-01 3.367430049671616965e-01
-1.623658747080897885e-02 -5.631196194638435903e-01 -4.854393639247429615e-01
-7.318662901041790292e-01 -7.533462334933073157e-01 -8.187123554572911521e-01
5.778167797630623381e-01 -1.116822332883811858e-01 -8.823828753064981711e-01
-8.890348700702210838e-02 -8.994391625585211603e-02 -5.628258646467489967e-01
5.668427884818985629e-03 -2.823236650677813930e-01 -3.607992755316908329e-01
-2.075260002852734598e-01 -3.245851313251176817e-01 -2.994106036579262040e-02
-3.682748288457923791e-01 -1.909900416139427570e-01 1.208126154375946670e-01
-2.949067984610673210e-01 -4.335124640571286769e-01 8.231460423566688139e-04
-3.741857936969351095e-01 -4.059831388836728644e-02 -1.194005297946161975e-01
1.489434173293945896e-01 -6.085395207878945001e-02 -8.013708287332673708e-01
-9.185541105143513185e-02 -4.456368438143784583e-01 -2.863475338749147392e-01
