-5.898925263918641804e-01
-3.323900807420769321e-01
8.229847612704583870e-01
1.459181653920456068e-01
7.931794641614985375e-01
-8.765040205071332746e-01
6.190789797845196452e-01
5.688423232968387727e-02
1.235007385606395613e-01
-3.290712589248073194e-01
2.963825002850873150e-02
9.873822801489119394e-01
5.541038264852520268e-01
-5.442663138810750478e-01
7.564765341221810213e-02
-5.300409805266034780e-02
7.340609479782941871e-02
2.927473639670960526e-01
6.115121851747494855e-03
4.348105446774238048e-01
6.429365874872885467e-01
-2.593237192373025746e-01
-5.831078184292592947e-02
-2.827945603049664136e-01
3.766028408462420152e-01
8.203183204009578677e-01
-1.724475250980317842e+00
-9.752625178214467949e-01
7.762032551439276840e-02
-1.103453770066901152e+00
-1.193838502680865110e+00
3.789154907128407419e-03
1.851417408277707677e-01
4.504641150707837660e-01
4.037336784958862057e-01
-5.472184403616451309e-01
-1.327629104455207154e-01
-3.416636559852139626e-02
-9.165525326767379188e-02
-5.499380734475710630e-01
-9.081007555532408793e-01
3.684667362258993717e-01
-3.014639353620355289e-01
9.206947145954592904e-02
-6.388805592745856465e-01
1.676490577922904734e-01
-1.096294385909616143e+00
-5.612366283288211521e-01
-1.884908301782111939e-01
-1.421082006569282408e+00
1.485134692800404999e-01
-6.144481140803437214e-01
-1.168815026444909762e-02
-5.192962322170694422e-01
4.387618718774567994e-01
6.318854843626378059e-01
1.790857870007442620e-01
-1.574169490304545116e+00
-3.204589708890335786e-01
-9.111696165137782646e-03
-6.315371716237733191e-01
2.682907225660152162e-01
-9.291182025639793673e-02
1.719353435543055919e-01
-1.887489926324964928e+00
-1.220032883508675337e+00
2.253076089233457813e-01
-6.863222634078609830e-02
-1.288880469445587984e+00
-2.502914005732264843e-02
1.847833249120754973e-01
3.148984904111777339e-01
-1.410985865507373149e-01
-6.497197547076935531e-02
-4.957634495586688006e-01
1.356341479791088427e-02
-1.789645605522541372e+00
-2.498246231312590271e-01
-1.042673772510037677e+00
4.734426124731008212e-01
5.429583331045576000e-02
