-6.869982952449310565e-01
-3.077637239991807272e-01
9.211630757460897989e-01
1.781258009182546537e-02
4.703890765994224177e-01
-7.575743925815575652e-01
3.770249958961672254e-01
-6.115588978755891192e-02
4.791368907314973169e-02
-1.165520278604557369e-01
-1.453603176511002182e-01
8.512940343054502534e-01
3.762389732730998526e-01
-4.063658972280245751e-01
-1.151171198711849752e-01
-2.414512940855980672e-01
-9.908877551860342803e-02
3.188135281343122962e-01
-6.595567434752652725e-02
3.964850414503071074e-01
6.037753181993145146e-01
-1.747815682994871000e-01
-1.436813919272286744e-01
-2.638779263570611988e-01
2.156070766828877272e-01
7.060110770017016257e-01
-1.478614688329770166e+00
-8.273064584967999568e-01
7.087613839479253892e-03
-9.576370493014250140e-01
-6.952067321675218237e-01
-9.064795225396511669e-02
7.850710110237592299e-02
4.234055750106070493e-01
2.677692121702811012e-01
-4.407903419578325099e-01
-3.084205752226545361e-01
3.816964899684448242e-02
-3.243682284067760380e-01
-4.280874297272125872e-01
-9.762771689988367640e-01
2.898167845427533362e-01
-3.927026044947440897e-01
-5.564907128324722563e-02
-8.002573061544611122e-01
-7.228061573972753562e-02
-5.491844243696434313e-01
-8.652966353275762801e-01
-1.494631833653273234e-01
-9.410587857691068425e-01
2.712308866193451351e-01
-2.792638971610757470e-01
-1.109060888904231934e-01
-3.558866167685877380e-01
7.977942993118489201e-02
2.819282426637749750e-01
5.553722132284379803e-02
-1.169482170949988298e+00
-1.918837722337101426e-01
-2.305153926466455838e-01
-5.879548243508037064e-01
3.188767951125082711e-01
-1.085566451069314431e-01
1.298849760732956327e-01
-1.860587948817868487e+00
-6.405506064604210570e-01
6.555766792941121468e-02
-3.953274941011713506e-01
-1.024674106998509249e+00
6.875145413898005320e-02
-8.785220910975198583e-02
6.541898694392302149e-02
-2.641892095514967731e-01
-1.287275278569292303e-01
-4.372694027084037538e-01
-7.620202077292553833e-02
-1.648679295413333357e+00
-3.416336890694316453e-01
-8.283563269003768603e-01
3.375278832508088467e-01
-1.213809657552067205e-02
