1.300304729093714862e+00 1.038241199364548173e+00 3.030072245784767304e-01
1.943944270459342649e-01 1.000890885860509005e+00 1.254780598814185799e+00
5.652211806471060113e-02 2.085578091234563392e-01 1.689454959188645133e-01
4.831136709731105872e-01 6.656188362870291142e-01 7.382087055398719455e-01
1.628430650752795972e-01 1.147394466833574711e+00 1.110282848109093168e+00
1.623077496015952637e+00 1.457653044682543086e+00 8.060590595125749491e-01
3.709418573604488789e-01 9.040154506439383730e-02 7.624218177758593784e-01
9.759979542300379896e-01 1.350283011069500494e-01 1.490722298046572414e+00
1.860194600793148023e-01 7.814236231641958907e-01 3.283815145843752004e-01
1.855723963843082469e+00 4.024623723916028184e-01 9.413505428846292641e-03
1.309673413618323679e+00 1.213771202429941437e-01 5.369155083834239450e-01
1.629766387507545766e-01 6.720876094380768828e-01 3.893526325481594386e-01
5.009556767437579605e-01 1.941202257947771403e-01 5.168119340678456464e-01
3.168669020465595398e-01 1.205690492645417944e+00 5.050801380746705593e-02
4.271746140490096932e-01 7.000648301780669769e-01 1.511758707307428784e+00
4.014486942747867437e-01 9.303817470210030693e-01 9.087172614459989584e-01
7.483409124630250320e-01 2.465679213626514044e-01 8.742216638877994828e-02
7.087188260270286255e-01 7.344022245605396071e-01 1.823149945943709771e-01
1.783443524153435766e-01 2.871060891196536291e-01 6.437582119929310953e-02
2.710556156618877943e-01 2.155101717292365049e-01 5.248063720603349941e-02
8.090477282139534043e-02 4.049831971038571621e-01 9.925230278943009132e-01
7.347897180475589929e-01 7.225247379247772272e-01 7.328643108106251969e-01
2.861808366137397197e-01 1.964963905602899352e+00 1.336730985418734807e-01
1.961997347239547995e-01 1.192234547747135665e+00 4.736778416393822577e-01
2.257996048491780205e-01 8.722803580122389100e-01 3.222138330996861533e-01
3.649585434108965631e-01 4.248197928885464325e-01 6.273846267696127077e-01
1.305571674432520757e-02 2.514516794088580975e-02 1.287370284061719640e-02
1.513343507687148204e+00 1.699737507889526045e-02 8.107464535306830866e-01
1.047450727850612440e+00 1.287617500530644055e+00 6.309574600941991740e-01
1.849574984800956418e-02 1.249739583900896234e+00 5.383361137943023511e-01
2.648277485804419462e-01 2.488321581221735260e-02 6.877904550129619876e-01
2.700302676874261065e-01 4.611372909228241695e-02 2.281695422322440811e-02
8.320537080213461500e-01 4.868318370475498841e-02 1.002584833337009762e+00
9.798196232486170443e-01 6.923703833750889380e-01 1.005311281768842324e+00
9.156736064975876666e-01 1.237799599797062278e-01 9.405527909847553047e-01
7.584543824609093488e-01 6.907611612535082823e-01 1.860637584556967816e-01
1.166601478088379884e-01 3.888513051126623599e-01 1.869990434927982781e-01
2.776183747392432233e-01 3.401314019956971912e-01 7.306248854506144363e-01
1.273337814444477356e+00 8.384775123266557939e-01 2.958254926607429280e-01
1.495028020089848031e-01 1.721861347673647513e+00 2.065253459002916459e-02
8.999357143307674944e-02 1.535668082970465198e+00 5.521467710015931507e-01
1.102911743220450047e+00 2.581376792134034148e-01 3.063011577120596796e-01
1.137442723910195408e+00 8.331187904712601400e-01 1.493160838805618340e+00
8.699123868769925716e-01 3.121362220326022729e-01 9.928356115377596769e-01
1.669769649999956806e+00 1.224133192783854324e-01 1.842554663548300053e-01
5.410502954594750280e-01 3.474115760703843647e-01 7.054838590841872037e-02
4.769803950241277013e-01 8.986185004203020577e-02 3.059604089881979849e-01
1.444899331706004597e+00 1.024189262041436344e+00 7.772587592568219739e-01
5.144592428388309324e-01 1.053032017452897096e+00 3.758885985925792400e-02
5.930330228869624687e-01 7.711467405402875341e-01 2.897989871838791212e-02
6.909972925070411165e-01 1.944177342321709856e-01 1.506712263893850823e+00
1.296955094361361915e+00 4.116183982486468773e-01 3.504549272145669747e-02
1.004700506850868091e+00 7.639230134739926070e-01 1.134905112660073767e+00
6.294406468896916740e-02 9.514589305677566278e-02 1.559968002779285268e+00
4.709136386880847236e-01 1.500722782986003423e-01 6.619012714975132106e-01
1.047164863474394775e-01 1.358987548796352751e+00 6.142084450969740317e-01
2.367993174972198023e-01 4.021773269375261139e-01 9.856457396654028091e-01
1.551124317883619853e-02 1.659640200958972800e-01 1.130476198209435346e+00
6.168084670114798440e-01 8.178679984505567990e-01 4.089488447389238307e-02
6.485998378916978391e-01 8.691889139475130754e-01 3.937502308183881694e-01
1.084353305744976348e+00 6.993473782948460560e-01 7.584383246839346837e-01
4.978628172683142172e-01 1.179596565034333855e+00 3.150662052892468784e-02
3.411211550308009821e-01 2.536632237797703526e-01 7.971834729858034985e-01
1.303996174280164899e+00 1.113657971242966838e+00 8.444720302081982766e-01
1.532800817195676402e+00 3.252446389032902230e-02 9.204308970074916996e-01
6.372973564676561731e-01 1.121040635267844143e+00 1.145030436945886354e+00
5.525422009132239243e-01 6.412450386105928990e-01 9.522251819867726397e-01
3.944559121672335800e-01 1.798821213103501515e+00 2.293977150464533155e-01
9.641428146964223789e-01 3.034065150407108322e-02 2.377594420033539435e-01
4.477741327117529258e-02 4.248581142089031260e-01 7.364810481575612133e-01
4.031142556168766933e-01 7.214310087030406660e-01 6.329804186307147473e-02
1.543664518857423174e+00 1.472575090386208929e+00 7.675501958729143981e-01
9.387185113732178232e-01 1.071187217945265280e+00 2.290509761593918225e-01
8.774028313717611161e-01 3.611543060946580397e-01 1.008454338959231977e+00
1.099878039420744136e+00 1.554574177928125800e-01 2.729709202417209823e-01
9.908017969276623760e-02 1.215443552141144634e+00 2.196842320223479639e-01
3.260241743017507771e-02 -0.000000000000000000e+00 1.630543833922976082e+00
4.942176988279921301e-02 1.379269042626807273e+00 1.481198519749243880e+00
1.009077850468693915e+00 3.504803072823212823e-02 2.586315762863190537e-01
8.714849845304711851e-01 1.450942554779748594e-01 8.501649471343729614e-01
2.652187492308856753e-01 5.758874623129669468e-01 2.225090283677501057e-01
