-5.799114638210296491e-01
-3.757536233459876640e-01
7.675721774525781083e-01
2.093714786547276954e-02
3.643189252788252008e-01
-6.235790702467961522e-01
3.882156141472494770e-01
4.281973904555534671e-02
-5.161547141754265627e-02
2.880728453306622642e-03
-4.505673773706189711e-02
7.183026631934763540e-01
3.737152354271639498e-01
-4.727399395986884301e-01
-6.072711002788380719e-02
-2.194143174760043447e-01
-9.122133756594048848e-02
3.534546246666142588e-01
-1.395531200189000509e-01
3.781041895428737254e-01
4.957153499195047774e-01
-1.362716932154274807e-01
-1.434211423352153847e-01
-2.734183849269389843e-01
2.053002449354279779e-01
6.464796661424231372e-01
-1.576613259769747311e+00
-6.984138581968346582e-01
1.211808165880159799e-01
-1.023545750363693108e+00
-7.285885744717459644e-01
-1.598680341736514465e-01
9.906415761097728256e-02
5.235016660542677336e-01
2.728710736119432378e-01
-4.019713093357484279e-01
-3.810562277529136455e-01
-1.517264513754729843e-02
-2.136124981229045039e-01
-4.228158325188574040e-01
-9.733861323247786634e-01
2.999574023118073973e-01
-3.012298578909041735e-01
-9.500981967752446244e-03
-6.572619075670862454e-01
-6.214425705982225961e-02
-6.050048026330104856e-01
-7.450415689136516972e-01
-1.173610172691046116e-01
-9.865169240877069701e-01
2.848176940423893244e-01
-2.454761046188236873e-01
-2.620344177178330486e-02
-4.445822872962136296e-01
2.160251574751718192e-03
2.828802829583679235e-01
-2.232011901799718645e-02
-1.219486471967905050e+00
-2.071416959191922924e-01
-1.777561124061172448e-01
-4.979365061635273038e-01
3.745641943879602920e-01
-1.560120029582612866e-01
2.293954207897324904e-01
-1.776563284187306024e+00
-6.678050155237673646e-01
7.804079186927095901e-02
-3.678354161830208469e-01
-1.017222508961701744e+00
-3.633688014311987208e-02
-7.744925218610698714e-02
2.637060319566774669e-01
-2.455165965448288801e-01
-9.847058059878002756e-02
-3.798043918243441674e-01
-1.051240477896194514e-01
-1.723603681910903518e+00
-3.371122844295696974e-01
-7.956498621868557386e-01
3.049673281513779477e-01
-6.973330315078998809e-02
