-6.745138720101330199e-01
-3.804259526962050497e-01
7.881440051123002055e-01
1.811214796219448586e-02
7.225883791572760284e-01
-9.309512337711451924e-01
6.079994502788254040e-01
-1.191264790263553593e-02
1.321973390499695811e-01
-3.455305594510110212e-01
-7.928859215434486130e-02
9.587660200176846281e-01
4.423770017121790854e-01
-5.831543236810444730e-01
-7.112188627008305709e-03
-1.189962354697203101e-01
-4.346937068620579381e-02
2.156719144931351084e-01
2.254095251516305062e-02
4.329876984325965461e-01
6.129197270884794158e-01
-2.645820515908381965e-01
-5.570024035146891456e-02
-3.602411811779592243e-01
3.268645990061584961e-01
7.271667128642682609e-01
-1.664505295315368061e+00
-9.674021508831764926e-01
-5.284754718280583463e-02
-1.054738545942771610e+00
-1.077022422075456287e+00
-4.208468015081423888e-03
1.928749390178645939e-01
3.615676249003176856e-01
3.515431700710948681e-01
-5.810417986090496978e-01
-2.201902619566953045e-01
-5.597943069866106319e-02
-2.040022337662629470e-01
-4.811891642849006612e-01
-9.651063677233060467e-01
2.668153854191465113e-01
-3.918206409605783369e-01
1.892205838678541127e-02
-7.285662132253867274e-01
1.029587189246878587e-01
-9.896481274302290077e-01
-6.618129590169321563e-01
-2.301680040848423925e-01
-1.364958731519301693e+00
1.417655629164657760e-01
-5.884354706355793274e-01
-9.337592036834967135e-02
-4.151839176702916134e-01
3.088496400040116607e-01
5.495881718397260807e-01
1.548162572731142106e-01
-1.484430353955796145e+00
-3.676141916493119166e-01
-1.807260195125592536e-02
-6.628017683900585544e-01
2.366529629288080805e-01
-1.584621153194291088e-01
4.834826617392806031e-02
-1.908986371485133393e+00
-1.135829402249959985e+00
2.043482856823959359e-01
-1.629099784349368196e-01
-1.257990864447915413e+00
2.370772351296310601e-02
1.720465865754871870e-01
1.880979379005444097e-01
-2.798979000008490203e-01
-1.583557135200790722e-01
-5.419653968668382005e-01
-6.603665697527312528e-02
-1.712414741164338672e+00
-3.349919950263254287e-01
-1.009709596297938106e+00
3.830356843193644667e-01
9.061944739326033282e-02
