-6.801736088784500200e-01
-5.394867779343038849e-01
6.878234852950660949e-01
-1.043741885796927588e-01
2.367676654559051908e-01
-8.410507133681442982e-01
2.911189008382749632e-01
-1.320338942886804534e-01
-1.713817867650649640e-01
-1.001939916195190433e-01
-1.093306742327403852e-01
6.082830612177354546e-01
2.489797350234548567e-01
-5.560333604466293211e-01
-2.512349898918951885e-01
-3.921032627047542629e-01
-1.684666992146457154e-01
2.442905294504523761e-01
-2.675422661298167415e-01
2.674169699972937519e-01
3.883175413919108254e-01
-2.802740355876308098e-01
-3.305511245726258096e-01
-3.998841846145486101e-01
7.260475902581842167e-02
5.305170746039575835e-01
-1.664974206286815805e+00
-8.572624635517854808e-01
-3.375110932885119069e-02
-1.175544211946109696e+00
-9.400262166290389576e-01
-2.284006237203655421e-01
1.184632292150269387e-03
3.561680710953059048e-01
1.921307098394005874e-01
-4.971415187660474522e-01
-4.392675615143862844e-01
-1.629136480307638579e-01
-2.915772595756239149e-01
-5.559245356262739746e-01
-1.088118743998944371e+00
2.245199439290265497e-01
-4.625027046576909440e-01
-1.410250474164165269e-01
-8.022213642993355487e-01
-1.199861320422870026e-01
-7.649813926924139418e-01
-8.882972909533586314e-01
-1.935573666202501375e-01
-1.085769702424723260e+00
1.037347004308567106e-01
-3.522276724329755360e-01
-1.094569755895859753e-01
-6.299794825611998439e-01
-3.908318738578066276e-02
1.478853492406509429e-01
-1.401137636688696841e-01
-1.453427482869351195e+00
-2.734654192536254969e-01
-2.687718937079185966e-01
-6.321314685185895899e-01
2.678719165051974271e-01
-3.108135431644702407e-01
8.518031589883455490e-02
-1.933496949830906475e+00
-8.516280030225659159e-01
-7.000262189512526656e-02
-4.699280025574940067e-01
-1.148620696433849231e+00
-1.994023369112761790e-01
-1.953988434283690512e-01
9.473308214094700030e-02
-3.053515549965597486e-01
-2.109514709464084814e-01
-4.982364542304804633e-01
-2.499472328119602405e-01
-1.924165721612844493e+00
-5.226344832839707744e-01
-9.346706965642319620e-01
2.234612160136819625e-01
-2.000435641170311418e-01
