3.338452963208233225e-03 3.321895868186634185e-03
2.857859586832810217e-02 2.844515472952576299e-02
2.071302862000955550e-02 2.061558710331019839e-02
-3.967277929233474086e-04 -3.943141978098905847e-04
9.609863758594978239e-03 9.565213714922558147e-03
3.631430264705163419e-02 3.614579106536928987e-02
2.036574628287633748e-02 2.027105312873089468e-02
3.419000662200643442e-02 3.403016576034380292e-02
9.336975487453264347e-03 9.293560234452068192e-03
8.244457272506973758e-03 8.206494631046367880e-03
2.155958832064466292e-03 2.147092567643293232e-03
5.790013269679893972e-03 5.763619828872235812e-03
7.930808904429601652e-03 7.893870265967122338e-03
9.352839700876969253e-03 9.309852283617964588e-03
1.111061465518574723e-02 1.105907984086529350e-02
9.883659867123180051e-03 9.836709284236952455e-03
2.344680001350016307e-01 2.333395340009203900e-01
1.176633544177704133e-02 1.171133593429007219e-02
4.648960500366879599e-03 4.627384439061054018e-03
1.460211384975746568e-02 1.453532668034242248e-02
7.374369286803581294e-03 7.340309069528239659e-03
6.227675074380272348e-04 6.202110327542760320e-04
4.044735523598091791e-03 4.025249742100140728e-03
8.010647336279059366e-03 7.968289704970512449e-03
3.790298899861416389e-03 3.773210256016521717e-03
5.870810151206775143e-03 5.844646711318609265e-03
-1.363129781712545422e-03 -1.355295150101443278e-03
4.542799724062631826e-04 4.511217228398137951e-04
3.837496083798266639e-03 3.818849556279904980e-03
-1.573465783940467900e-04 -1.561387628054296359e-04
4.046773570931579134e-02 4.027782959754176023e-02
-5.380347810909932166e-02 -5.354606356728775635e-02
1.391125770135715617e-02 1.384627373757453019e-02
4.959197431803103080e-03 4.936938687936852539e-03
9.644708371491382895e-03 9.600280316927655225e-03
1.458614955961134302e-02 1.451911753609458865e-02
1.545896705559061078e-02 1.538738199142030208e-02
1.300356444489218777e-02 1.294228446480028515e-02
2.414658495741037747e-01 2.403014449933653096e-01
4.196946511993656682e-03 4.182348446528463305e-03
1.176884029933223871e-02 1.171372707892857044e-02
2.659590671041202510e-03 2.647958915456397923e-03
2.432405629733516428e-01 2.420722021958983394e-01
1.355795199528310284e-02 1.349490114497164245e-02
2.011051760648870923e-01 2.001363654308900841e-01
3.480112122045398576e-02 3.463983040485410503e-02
8.402906149002367653e-03 8.363297218910131781e-03
5.201733926062100666e-02 5.177296081820911139e-02
-2.267594837982344919e-03 -2.257194076608255457e-03
4.671842952542243702e-03 4.649975427486303936e-03
2.351521534345587250e-01 2.340242137108562714e-01
2.765469132990582279e-01 2.752198627638512973e-01
-7.683253629591128928e-04 -7.649799522533660533e-04
1.408148867796128224e-02 1.401643765852926375e-02
1.089390902305669914e-02 1.084307347150846243e-02
1.834904324246330876e-01 1.826055897996469446e-01
1.825091943278800075e-02 1.816785043722704551e-02
7.475587527300177164e-03 7.441014108818741479e-03
1.497699960075271897e-01 1.490600497765099952e-01
1.010039348007649683e-02 1.005323618976594786e-02
1.817985331043567299e-01 1.809197172894370376e-01
-7.938005454564549561e-04 -7.895831187759536508e-04
1.099239291444508403e-02 1.094227411454111801e-02
-2.791676173610202049e-03 -2.779612739039927227e-03
4.786145311479939393e-03 4.763451191348705253e-03
7.497763020643347098e-02 7.462134850493193361e-02
-4.797185865020234946e-02 -4.773978740880518296e-02
1.859574396748935043e-02 1.850903654809397947e-02
6.191580770671327449e-03 6.163494490749588800e-03
2.561320797680340378e-01 2.549002668848263653e-01
1.478859136031772728e-02 1.472069433445108780e-02
6.702823548012178285e-03 6.673516127204191621e-03
1.873892810398329438e-03 1.865099855448486624e-03
1.964274247683792385e-01 1.954915361640195970e-01
7.256039937326824729e-02 7.221664235091539152e-02
6.120013086323245963e-04 6.079463003387915393e-04
9.862257401830856057e-03 9.817292911409883360e-03
9.421571977273753354e-03 9.380621604587023252e-03
4.927518219054430500e-04 4.919450992178189992e-04
6.008580442930618742e-03 5.981113196658231941e-03
4.584341071394005748e-03 4.563646609393497665e-03
1.131336770292867659e-02 1.126018658741843349e-02
1.878769337473549725e-03 1.871686579770467105e-03
-2.577858101449629659e-03 -2.566161100074718440e-03
2.711831844956276161e-01 2.698811573280044396e-01
4.007138137061052111e-03 3.988923125877479568e-03
1.326834771983559196e-02 1.320798265705500421e-02
6.270430678446409743e-03 6.241901014391919300e-03
7.742084750169622373e-03 7.707181619950520188e-03
1.448684386859870610e-01 1.441771222765230176e-01
1.639625632795100874e-01 1.631787733900713633e-01
3.542461218292398267e-02 3.525662405776570918e-02
-5.372578667706284609e-03 -5.348316766465703934e-03
1.341921718046052217e-02 1.335690222435991469e-02
1.008994122565533974e-02 1.004297933238466715e-02
-1.179064269329086877e-03 -1.172821643337908009e-03
-5.429465427161452550e-03 -5.403700714871845744e-03
-4.684514167433010030e-03 -4.662926080465599858e-03
3.709313516716860378e-03 3.691926258173950856e-03
8.697450107448113574e-03 8.656127478585434742e-03
1.296617863634475301e-02 1.290549689643312979e-02
2.166042852095206514e-02 2.155953533845298906e-02
1.869714030216633183e-01 1.860774678822857964e-01
1.576547170721160629e-01 1.569023239645520040e-01
2.989612901247850618e-01 2.975261870751207405e-01
1.653908791341713105e-02 1.646203070767714161e-02
9.038857922543649948e-03 8.997120753136801999e-03
1.051470410158649761e-02 1.046602716620105740e-02
3.827587986270952758e-02 3.809693667960362129e-02
1.660201622991575032e-01 1.652253118379958252e-01
1.289776649541360051e-02 1.283766833639858607e-02
6.970419001536919297e-03 6.937963355541778426e-03
7.929638238045717824e-03 7.893394849385030818e-03
2.855240308536452498e-01 2.841527212307763950e-01
8.190754885750355097e-02 8.151883245593706528e-02
3.027068747608844049e-02 3.012790363829668389e-02
5.266209873241240597e-03 5.242764196157071940e-03
1.166858527057540312e-01 1.161209844693161519e-01
1.023270057255188867e-02 1.018564660908619079e-02
3.779406247196455924e-03 3.761318694943096598e-03
1.185755604931152708e-02 1.180216700439983002e-02
2.033823889861321732e-01 2.024037901084714541e-01
1.179738572982179032e-02 1.174213704777168736e-02
1.147214872021603757e-02 1.141780273380387997e-02
-5.616347495285321789e-02 -5.589609206852150930e-02
1.877105671712855917e-02 1.868432128460510364e-02
-1.934862934590360914e-03 -1.925798220044811415e-03
1.760296083561021727e-02 1.752276025274665180e-02
1.020120277013780892e-02 1.015404251934286933e-02
-2.924632179855903751e-04 -2.911383672046261657e-04
1.166285443422182024e-02 1.160901946794916893e-02
1.841304349192889739e-02 1.833028415979771203e-02
8.363975079229853116e-02 8.324055781374493923e-02
3.412904989181105974e-03 3.397792248996050948e-03
2.218815784809913087e-03 2.207615806680161916e-03
6.482217837768975907e-03 6.451411574014243033e-03
3.888132367836889119e-02 3.869936729937331621e-02
-1.154720506773284933e-03 -1.148713126210651079e-03
-6.100717768471097119e-02 -6.071055460224256822e-02
3.291828409771982433e-01 3.275975149605599990e-01
3.440054935969560912e-02 3.423783947652978693e-02
7.766823757810264149e-03 7.731232466719889507e-03
9.463122398898593871e-03 9.419274575085234691e-03
5.593972710167160328e-03 5.568789283120157731e-03
8.070856171042396776e-03 8.032294291185331642e-03
1.212944509411949812e-01 1.207070794573409100e-01
1.830127347532203852e-01 1.821359212094148805e-01
2.170529720553637798e-01 2.160169488487524436e-01
-1.334450604129114142e-02 -1.328167030949232129e-02
1.878594427829224011e-03 1.870067794260438232e-03
8.112075604904621026e-03 8.073953129823662270e-03
-2.674356972059630834e-03 -2.661448381021039224e-03
2.134082526508049027e-01 2.123916567364010632e-01
1.693536437202265363e-02 1.685752169786895044e-02
8.481285207042098609e-03 8.441276279054329285e-03
1.030604502953845342e-01 1.025657076442370030e-01
1.718078855899012394e-02 1.710060820701059942e-02
2.636262501204799658e-01 2.623539567126321193e-01
-3.910260343131156772e-03 -3.891260612564525264e-03
1.527962943228469879e-02 1.520769462129085460e-02
9.230087256281320485e-02 9.185196340751654309e-02
-8.202212888886225434e-03 -8.163697097005635436e-03
8.044606139602516331e-03 8.007950527087380477e-03
1.347441857766929971e-03 1.341977496791214560e-03
5.157285951527677999e-04 5.121951762880207594e-04
-1.034719148859318885e-02 -1.029886892684410589e-02
3.792456878105871041e-03 3.775475080798537057e-03
1.120281742106913128e-02 1.115148781009604045e-02
7.033520015136167369e-02 7.000194853449193122e-02
3.875827741823513195e-01 3.857062693654373375e-01
1.770366623395556961e-03 1.760982234433302110e-03
1.338709554652620093e-02 1.332382107135571953e-02
5.609473004067688263e-03 5.583032992747762394e-03
-2.079441140489398342e-04 -2.072698032741605910e-04
1.218198481783446148e-02 1.212555675599219333e-02
1.170084167478832766e-02 1.164655686806040195e-02
1.112379644798927765e-02 1.107316963679061753e-02
1.637419441680957599e-01 1.629514183493895596e-01
-6.411025310885059116e-04 -6.379338594634459750e-04
9.289036990448661102e-03 9.246362200820801985e-03
2.370450673042864137e-02 2.359312373939210020e-02
3.839791695094304114e-03 3.821263244539382757e-03
3.225613908789035349e-03 3.210694825388024903e-03
1.154319053890906846e-02 1.149023293200260483e-02
7.238654595900164031e-03 7.205869870934417630e-03
2.276620561993395863e-03 2.266240846384241867e-03
7.872349032415494607e-03 7.835411386139357059e-03
3.771255279804497113e-03 3.754715251335040936e-03
4.511184179420101026e-02 4.490202222872857057e-02
2.758296453478242261e-01 2.745058647417853992e-01
8.082026371867598313e-03 8.045041319304805857e-03
9.322592469260449280e-03 9.280561834073075902e-03
8.233792580655433652e-03 8.194906428445567284e-03
5.885173862981235788e-04 5.861793465141948737e-04
6.038342220413364138e-03 6.011454520488109486e-03
9.956850284696986200e-03 9.910716309019573789e-03
1.345557393014411122e-02 1.339295648564460366e-02
8.582456803306636947e-03 8.541944197318159307e-03
7.715047469058787522e-03 7.678804160706145451e-03
-4.974860921301721764e-03 -4.951883816191580273e-03
8.724725237019573254e-03 8.685580152529856837e-03
2.171345877685841863e-01 2.160917800730552951e-01
1.280126555805678095e-03 1.274612424219134050e-03
3.699642197907591738e-03 3.682950179199273848e-03
9.973180194636838136e-02 9.925833238926878854e-02
1.570591136437096344e-02 1.563331414653649706e-02
4.918942875003906069e-03 4.895356791834939644e-03
8.975513154196729237e-03 8.934451612988785971e-03
7.548170090422048201e-03 7.513644097996848362e-03
1.339267800019066645e-01 1.332902322692415265e-01
-3.929070433028778592e-02 -3.911330343802923298e-02
3.086280819110811535e-01 3.071454710097468732e-01
5.578998493902435386e-03 5.553705060308825568e-03
1.028212280754376741e-02 1.023507250222882234e-02
5.891804049389752322e-03 5.866723120744825500e-03
-2.827565330534006615e-03 -2.814809137656227710e-03
1.539768884472231258e-01 1.532426337830895269e-01
