-1.372350645926745730e-02 -1.347007842093360386e-02 2.616643330640656273e-16
-4.398397381559849412e-02 -4.314252778768545155e-02 5.002388917073508088e-15
-4.331671725809707607e-02 -4.248907015501033474e-02 3.070132764325565686e-15
-1.410853329805119606e-02 -1.386590760513322154e-02 -2.692687994096775409e-16
-1.870749780226767245e-02 -1.836502155249025714e-02 1.664227219385181467e-15
-5.203496184882928227e-02 -5.106796122997441650e-02 6.409121777969186440e-15
-3.631058183059670402e-02 -3.563722578116377410e-02 3.502283989010749351e-15
-5.296103987510479560e-02 -5.193703655725077223e-02 6.856097535682927901e-15
-1.619072295537631739e-02 -1.589787970506726864e-02 1.467934309740031860e-15
-1.991880507264284089e-02 -1.957186669291811204e-02 1.580254360247378097e-15
-1.379778134180828682e-03 -1.352848215607599077e-03 4.895863764173112799e-16
-7.840264126111280707e-03 -7.687226751097464734e-03 1.239739745064531536e-15
-1.370745305556619019e-02 -1.344895159056705078e-02 1.300231597225585797e-15
-2.199374039399957029e-02 -2.159507106186791744e-02 1.620478493482568393e-15
-2.246583439458737369e-02 -2.205944653042941905e-02 1.917403624793785936e-15
1.046383693752120196e-02 1.020223747979112638e-02 2.499444288611563254e-15
-4.004268662079380481e-01 -3.920689705254821744e-01 3.771185459782917311e-14
-1.279427532614289820e-02 -1.255228510778191864e-02 2.000294024677575660e-15
-1.495222764587230552e-02 -1.467465463288407379e-02 6.921392492518739773e-16
-1.837000130607871484e-02 -1.802055559953458230e-02 2.619489286241077808e-15
-2.601226057903034683e-02 -2.554480554362364639e-02 1.399354591831801396e-15
-5.698035004690258330e-03 -5.594858156530100810e-03 3.142099396958735049e-16
-2.997253470597849301e-02 -2.942618417431815125e-02 2.387558484519416435e-16
2.562288348097482935e-03 2.647120778215560338e-03 5.565278356745646120e-16
-6.317552944800123270e-03 -6.209041041578219379e-03 6.254822365140765630e-16
-1.955895686256106311e-02 -1.919158165619362644e-02 8.311449666682280446e-16
-2.405098051454413258e-02 -2.360941517957706667e-02 -8.345438212397535355e-16
-1.350071803984359033e-02 -1.324593011547510468e-02 -4.162802055736654502e-17
-2.122977239977476976e-02 -2.083425981736445817e-02 4.785936017451536872e-16
-1.254943131687719787e-02 -1.232586664923540805e-02 -1.012435017931753705e-16
-8.771183982959837588e-02 -8.599505617284147752e-02 7.019723085942470111e-15
3.283889996434861958e-02 3.212307151758252849e-02 -7.062887118209368181e-15
-1.468240611818719121e-02 -1.441235405889285809e-02 2.451106121272955668e-15
-2.554550559699088341e-03 -2.522693196719003831e-03 1.180532529652072714e-15
-2.536685663975503380e-02 -2.490548056193546411e-02 1.675438962922826738e-15
-2.151821322048417390e-02 -2.112931590768592563e-02 2.823986870927680440e-15
-3.738525777393192362e-02 -3.668062972850246600e-02 2.555842838090962540e-15
-2.486202353459100733e-02 -2.440667584538691592e-02 2.199933192069420047e-15
-3.680364600965768118e-01 -3.602883391737755625e-01 3.814794284868764771e-14
-2.434074113858132327e-01 -2.384230036166134492e-01 -3.187578768657710023e-15
-2.254572800876899347e-02 -2.212026278628655140e-02 1.877768843587060930e-15
3.003073875541311961e-03 2.943050936764478494e-03 7.268900987521614259e-16
-3.896908475828266272e-01 -3.815869928934255140e-01 4.049335111391181348e-14
-2.410698256245054003e-02 -2.366547249163456976e-02 2.386648211038624292e-15
-2.038432623764504514e-01 -1.995566107805326339e-01 3.733632922937393626e-14
-8.171889010433558420e-02 -8.013761049534934289e-02 6.364805522410563483e-15
-2.267370922640054090e-02 -2.224270470619440013e-02 1.239327875222970699e-15
-7.188226386491247677e-02 -7.043359826492831544e-02 9.161396163013281449e-15
-5.413729153684589297e-03 -5.318283118382496552e-03 -5.217309250830234989e-16
-1.935779214520231412e-02 -1.898337037463350765e-02 6.335958910226123539e-16
-3.459892619469819852e-01 -3.388257882495499529e-01 3.816104202589748959e-14
-4.323542816621161466e-01 -4.233606052235274197e-01 4.557167630795252540e-14
2.288730085380377352e-03 2.248957356282878413e-03 -1.629733402722201248e-16
-2.276713504184976755e-02 -2.234924125893561486e-02 2.662859875643213583e-15
-1.910832590797435782e-02 -1.874893037700011908e-02 1.780773704020550760e-15
-3.334765568376601985e-01 -3.264449761195735711e-01 2.509963272494022394e-14
-3.975118182158363794e-02 -3.901421925908573479e-02 3.153846364717294759e-15
-1.703250034003312222e-02 -1.672513544477891370e-02 1.122108599798384765e-15
-2.243952234524831668e-01 -2.198032947404508497e-01 2.635087158355084307e-14
-5.986627315115214745e-03 -5.873156899878551052e-03 1.832757220960665673e-15
-4.432570416808621627e-01 -4.339530734636568021e-01 2.029813605658417277e-14
-5.608859834149797739e-03 -5.497652668046298409e-03 -2.179039890640525743e-16
-1.945675305920643167e-02 -1.909577749672141528e-02 1.949352658708838153e-15
-1.607717867812699783e-03 -1.585294383956442274e-03 -7.449784016248814147e-16
-1.344034038673122371e-02 -1.319893420514477167e-02 8.177126433484327683e-16
-1.624299120319746825e-01 -1.590718482482967044e-01 1.014631858753499725e-14
1.073737818803748439e-01 1.050313396727265841e-01 -8.282093900821813728e-15
-2.196659389950882460e-02 -2.156505100521346682e-02 3.227942559570674365e-15
-6.306065963568137193e-03 -6.185038990588950618e-03 1.165568916721580184e-15
-4.938623784340324119e-01 -4.835957074080887708e-01 3.605581052434643737e-14
-3.330529905676575531e-02 -3.267568778248027689e-02 2.485138077294457498e-15
-4.190890939603461075e-03 -4.119504755051119245e-03 1.544111680683693965e-15
-1.360452778311469803e-02 -1.336524535794661982e-02 6.167435023750189915e-16
-2.696649227149441885e-01 -2.640547671092743909e-01 3.259735096858117694e-14
-2.305066724009024182e-01 -2.257535690759437386e-01 1.230794920908638872e-14
-1.431925388540255866e-03 -1.404222436539132642e-03 -2.182712779020692753e-16
-2.629799815598818369e-02 -2.582853075675774213e-02 1.847758673982857456e-15
-1.540467782371122106e-02 -1.515818394893710987e-02 1.760920301253255995e-15
-4.058907355470603093e-03 -3.997953259324450205e-03 -2.273961373481587526e-17
-1.274088098970022759e-02 -1.250688095230675576e-02 1.200704769314728064e-15
-1.523487468797490342e-02 -1.493995189289657258e-02 8.691241640339286411e-16
-2.536751936763405671e-02 -2.488028242020153338e-02 1.725654636344079059e-15
-7.899529369436771725e-03 -7.757651162839786750e-03 4.635399768310563443e-16
4.357701234100430296e-03 4.268384229160877841e-03 -4.444222771555863025e-16
-4.248406155689471997e-01 -4.159631165399672037e-01 4.490607567405858462e-14
-7.600124762983806112e-03 -7.467005592223375891e-03 7.653858518745588848e-16
-2.089753030471193027e-02 -2.053395430237404951e-02 2.423939812720253252e-15
-2.063331946980417192e-02 -2.026160593207048180e-02 1.144256271443021307e-15
-1.639618210909590465e-02 -1.610124866062734653e-02 1.208052804665096069e-15
-3.032759403186944813e-01 -2.970180741853123418e-01 2.490139777714232052e-14
-2.648101120376608608e-01 -2.593426555472681527e-01 2.537296214116909505e-14
-1.084169226635767203e-01 -1.062524633312745825e-01 5.123080953347177290e-15
-4.839339210930210591e-03 -4.749129876703438516e-03 -1.101282581527448443e-15
-2.833921707744144897e-02 -2.782518530502266565e-02 2.492183250112468300e-15
-2.605046905056095097e-02 -2.556711800366822177e-02 1.700415862795093818e-15
6.541506717872107995e-03 6.407838961148405559e-03 8.716865313602930134e-17
1.451232197572177585e-02 1.424545644533500854e-02 -6.105007674497623006e-16
-8.632005270805669442e-03 -8.473333186281397852e-03 -1.003771429472607907e-15
-8.947979897133622601e-03 -8.793138194900492269e-03 5.898576742686551492e-16
-3.834244005254597298e-02 -3.762657292939899922e-02 1.048892141177179835e-15
-3.233035432762322581e-02 -3.172957543658054547e-02 2.161389990540492984e-15
-3.039503527931429472e-02 -2.982376553424707574e-02 4.012601671293058452e-15
-3.366707117818154016e-01 -3.296536761098550761e-01 2.585865743747789658e-14
-1.653270275492733088e-01 -1.619001157696315918e-01 2.896370737063315586e-14
-3.593966637645608087e-01 -3.518989472281158215e-01 5.103621938756564166e-14
-2.000138159395663598e-02 -1.962609321798881173e-02 2.857403662549499817e-15
-1.985018049878920290e-02 -1.949884450896420540e-02 1.656463937299518871e-15
-1.592712488975833729e-02 -1.562034663709575832e-02 1.721435582408093790e-15
-1.181764452302841856e-01 -1.157655589715051170e-01 3.288464113496280681e-15
-2.973072309466505692e-01 -2.911251446912357377e-01 2.864126049825750270e-14
-2.140181035468899373e-02 -2.099422249279986330e-02 2.193642862601528925e-15
-1.251203903891555218e-02 -1.228190544444903061e-02 1.473820238340749722e-15
-4.224346044433488490e-03 -4.145663077804434722e-03 1.783856013201579449e-15
-4.363152693810152805e-01 -4.271931481985006274e-01 5.001660609131421854e-14
-2.202641997260630091e-01 -2.157087398390827582e-01 1.283249311930252214e-14
-6.920981423652959597e-02 -6.785989004710410444e-02 3.999578963151512323e-15
-4.346850983032561795e-03 -4.289325320784042640e-03 9.783765222100415224e-16
-2.843314466926498141e-01 -2.783919965863963508e-01 1.516284979229600954e-14
-1.444492737887672837e-02 -1.417024741914233235e-02 1.838082696614051211e-15
4.469926242965349515e-05 6.272462829966335917e-05 4.495673732349931499e-16
-1.301078080029053306e-02 -1.275301013496027598e-02 2.136959456014168669e-15
-4.118703608311006237e-01 -4.032741760038041079e-01 3.175825433828368844e-14
-3.109000323030720880e-02 -3.052343245033161886e-02 1.622228962049999546e-15
-2.417806314034322973e-02 -2.372296638583713813e-02 1.756967621771627830e-15
-8.151643707430579477e-02 -7.984572250954402595e-02 -1.477763105084487012e-14
-3.467440751793131326e-02 -3.405009650415766198e-02 3.218564870931454113e-15
-2.334036231212223249e-03 -2.286806077364783585e-03 -3.613129371180408581e-16
-3.542354627974091119e-02 -3.475071980788930343e-02 2.506985529410212241e-15
-2.100543514917361729e-02 -2.062407174025786619e-02 1.710686665406348174e-15
-1.073189670235490632e-02 -1.055434545739996309e-02 -3.069723999634243638e-16
-1.452411988575012802e-02 -1.424842813623609580e-02 2.242859996968171991e-15
-4.697238987841664132e-02 -4.613185144638488888e-02 2.747079500294064618e-15
-1.592344623021994532e-01 -1.559876741637935826e-01 1.223753644211660877e-14
-2.268353173781454193e-02 -2.225777034840094662e-02 3.690718498825061319e-16
-1.237172627915404839e-02 -1.214186643477840020e-02 1.923242622610393234e-16
-2.283195457496038291e-02 -2.240395295198001346e-02 9.044829888720911257e-16
-7.341182624602607398e-02 -7.200237672115318566e-02 6.744496740446629020e-15
2.325750619897469691e-04 2.155836629002995527e-04 -5.222994334862635530e-17
1.886619063318753231e-01 1.846237160720253789e-01 -4.494342328529038633e-15
-5.301182160220651030e-01 -5.190213531822219784e-01 5.099895158021230440e-14
-8.465544849804403083e-02 -8.298780579098065380e-02 5.401986307589383777e-15
-1.237974972324166513e-02 -1.215336052368462365e-02 1.580913108384009480e-15
-2.372614380548175583e-02 -2.328400834866001592e-02 1.586541986709972742e-15
-5.353796383870547404e-03 -5.247679957400332509e-03 1.217297152767118557e-15
-2.205756462237900770e-02 -2.165164571876506891e-02 1.189892266297612568e-15
-2.079888544375121107e-01 -2.036238648820672958e-01 1.629640072191895639e-14
-3.911186021029370852e-01 -3.829958642989063633e-01 2.973950649998566027e-14
-3.507609352559855620e-01 -3.434376229087681143e-01 3.712622368033185816e-14
2.215380921835641628e-02 2.173245825781039420e-02 -2.005887414360397507e-15
-9.479113196166207359e-03 -9.310000672347048395e-03 4.684002150141697557e-16
-1.579370416935790833e-02 -1.551566610056447602e-02 1.456850286767394092e-15
4.405120055669371239e-03 4.308707056573270536e-03 -4.720030384245256769e-16
-4.429154771540513846e-01 -4.337270355699524016e-01 3.345848037456966064e-14
-1.706295271053858906e-02 -1.674230899507467632e-02 3.157199462815881013e-15
-2.357701934225946150e-02 -2.315139955800619639e-02 1.505595443870185998e-15
-2.423374598370068300e-01 -2.373387091826488215e-01 1.330542468211920926e-14
-2.907143898091577028e-02 -2.853494038859578572e-02 2.961363674919720577e-15
-4.550898902147114677e-01 -4.455893733541136936e-01 4.061457595125560911e-14
1.905534754918786759e-05 1.270325736955087787e-05 -4.036320713929668249e-16
-2.764865073953073557e-02 -2.713731771140249008e-02 2.401773000316733006e-15
-2.150144228598079854e-01 -2.103999591033245131e-01 1.017946225394355939e-14
1.280683744316643037e-02 1.257573846575439809e-02 -1.201177502580481150e-15
-1.791897365670461553e-02 -1.758538610194389229e-02 1.459582503328541681e-15
-2.202176235735151151e-03 -2.162187266064995866e-03 6.107714104500202039e-16
-4.282754365290834635e-03 -4.217632264058900418e-03 2.751042059358385656e-16
1.997916568160017226e-02 1.959502197486822153e-02 -1.294708970237035621e-15
-4.497161803001833817e-03 -4.405370009661678174e-03 7.728890207554375601e-16
-1.504800985873868367e-02 -1.476635208077061931e-02 2.063184088708035740e-15
-1.380774757496462946e-01 -1.352491832583375408e-01 1.131846480550863270e-14
-6.147220214382230763e-01 -6.018645923722054647e-01 5.538806392574168885e-14
-1.537660358862113531e-02 -1.509787092435383067e-02 1.125524756226130279e-16
-3.005298679604223241e-02 -2.949733564504272015e-02 1.974380493129673762e-15
-1.676017696623392436e-02 -1.643883497532086860e-02 8.697292899594937317e-16
-1.302718585712048542e-04 -1.047499201398464875e-04 -1.249447497080317051e-16
-1.452708312480156284e-02 -1.425834232793061693e-02 2.203439735668764932e-15
-1.552148308961943945e-02 -1.523065891526136952e-02 2.164649508596794999e-15
-1.642181104086754689e-02 -1.612789780215860905e-02 1.954020837290715197e-15
-3.674956575561520444e-01 -3.598033021116575636e-01 2.083038211560273656e-14
-1.244804808873158260e-02 -1.223509530811491344e-02 1.558447460066437681e-17
-2.400348488013515080e-02 -2.357020714163594877e-02 1.500196733276452516e-15
-2.576163488133386900e-02 -2.524418350494964103e-02 4.239708873081090942e-15
-5.518896261753772001e-03 -5.394393217486007433e-03 9.554732723574403364e-16
-1.049578818341547794e-02 -1.031377307971056978e-02 6.634235349533913317e-16
-2.819013558540029232e-02 -2.766454009906199607e-02 1.739023897925880457e-15
1.615022847864501455e-04 1.719021251960345647e-04 1.508654096314097140e-15
-9.096734910829244042e-03 -8.922065734058690425e-03 3.350798133006679323e-16
-1.989657446899904814e-02 -1.954161807729588862e-02 1.475400758849269994e-15
2.287207035595814359e-03 2.247378542680726708e-03 8.377808634954949534e-16
-1.578935867222644451e-01 -1.547109145709717470e-01 7.556340659779826471e-15
-4.529616267406410546e-01 -4.435177578289495881e-01 4.285890225404205417e-14
-1.265322954255398286e-02 -1.242538895705352919e-02 1.661410480111906452e-15
-9.823520201702041002e-03 -9.641845432634688073e-03 1.790397746260743768e-15
-1.263028202948857787e-02 -1.238689078457142975e-02 1.134862263508482988e-15
-1.581403058771241321e-02 -1.553405793594320704e-02 1.434057381196959215e-16
-1.078861724337215611e-02 -1.061788696104598063e-02 1.465088010445939394e-15
-1.660882339699501845e-02 -1.630828540453921338e-02 1.903578557420829845e-15
-2.213604429884202807e-02 -2.173035201526991866e-02 2.159098768298948212e-15
-2.032440884009003787e-02 -1.995231234555586847e-02 1.262765141882926666e-15
-2.565079353651490701e-02 -2.517460583038332728e-02 8.941018959731543214e-16
-5.346926130122189175e-03 -5.270167785077415484e-03 -1.020208483315819382e-15
-9.001832528607106587e-02 -8.818576529992587509e-02 5.453210621086519427e-15
-4.242244250371169367e-01 -4.154073388328839989e-01 3.386141184827943460e-14
2.912721379394926126e-03 2.860057180944699379e-03 3.178759274243807243e-16
-1.768918664718874961e-02 -1.729083593273183714e-02 1.041723588710072435e-15
-1.372032560663960510e-01 -1.343364451205182886e-01 2.030912433440925181e-14
-1.402949018011566927e-02 -1.377741648301211534e-02 2.828770314473385603e-15
-1.373203443613449024e-02 -1.348386511839763657e-02 5.213199097482308761e-16
-2.125302052356155616e-02 -2.086274700174021307e-02 1.679330134988467042e-15
1.534174009284253399e-03 1.493640239408118402e-03 1.675988552256779302e-15
-2.533045229021982370e-01 -2.481038923701713028e-01 2.223898985899746559e-14
4.154091628376711809e-02 4.082037008657964094e-02 -7.913646866726908118e-15
-4.759998219393309915e-01 -4.661064563955558127e-01 5.204102069076369545e-14
-6.766475180469177890e-03 -6.641259279012380091e-03 1.259842495810321788e-15
-2.234433595828991606e-02 -2.193840495141841790e-02 1.764785646917160397e-15
-2.250058098800607545e-02 -2.210532350678968624e-02 7.830515922019661638e-16
1.444836727919122064e-02 1.418455414958821187e-02 -2.585541809888176375e-16
-3.163806285683684605e-01 -3.098000636596449642e-01 2.606295729609002264e-14
