2.411512452370659365e-01 2.360607221203516459e-01 3.167034659787358954e-16
2.010195739355152278e-01 1.967839077536056025e-01 1.545040546199933815e-16
1.245801885949247931e-03 1.229136123983978930e-03 6.282114503521008681e-14
-0.000000000000000000e+00 -0.000000000000000000e+00 6.576702446461785398e-15
-0.000000000000000000e+00 -0.000000000000000000e+00 6.732080901913816634e-14
4.511589749874220234e-01 4.416718892390860685e-01 4.161682042755020526e-16
-0.000000000000000000e+00 -0.000000000000000000e+00 5.335656587313262417e-14
6.311175972135409096e-03 6.219184638679629146e-03 1.352872066513886569e-14
2.130109028315019856e-03 2.100271108858465987e-03 1.831215703274077523e-14
1.765630161944749255e-01 1.729690108980540264e-01 6.055682676761550199e-16
2.662980086186176806e-03 2.622408361289460706e-03 1.887412428832775996e-14
2.448359917595066982e-03 2.416880001676166741e-03 7.336822794309742862e-14
-0.000000000000000000e+00 -0.000000000000000000e+00 5.267576162675553220e-14
2.691286987773819916e-01 2.635296591617278250e-01 6.118144427657983642e-16
-0.000000000000000000e+00 -0.000000000000000000e+00 1.384991487624453475e-14
1.823107775671325634e-02 1.793543307693784561e-02 1.651443955876221085e-15
1.111734360395006879e-03 1.093916254329608271e-03 1.395788275487498746e-14
2.341793133532110282e-03 2.306055121173601098e-03 2.196605126160726092e-14
4.170846276323954792e-03 4.118313151048733599e-03 1.150972663080816589e-14
2.433558957996074124e-03 2.395678784476907956e-03 2.105803156763577445e-14
-0.000000000000000000e+00 -0.000000000000000000e+00 5.707413977018932128e-14
2.459929209298885103e-02 2.404795221882997242e-02 1.287435377392411911e-15
-0.000000000000000000e+00 -0.000000000000000000e+00 1.332172537105195753e-14
1.191759627461510956e-01 1.166821206826108154e-01 -0.000000000000000000e+00
4.009010713646433098e-03 3.954037876145795327e-03 3.420276846114137967e-14
-0.000000000000000000e+00 -0.000000000000000000e+00 6.460999739943360652e-14
6.638358979940067739e-01 6.500147779170435403e-01 -0.000000000000000000e+00
4.381061174084439069e-01 4.290236787560366971e-01 -0.000000000000000000e+00
1.885750600250587702e-02 1.855579163979894849e-02 3.407647472168410725e-15
5.472899536840316603e-01 5.358267593571177656e-01 5.480553473773127897e-17
6.265577040563469202e-01 6.134220405588723946e-01 1.816336664746737593e-16
4.729090848476739418e-03 4.655776663389381981e-03 2.124902594967571311e-14
4.427528120935141261e-03 4.353959453403471146e-03 2.509026768318737294e-14
3.789548585110157162e-03 3.737877614692769902e-03 4.328731190344489145e-14
-0.000000000000000000e+00 -0.000000000000000000e+00 3.753062725262520083e-14
2.721624590786816955e-01 2.663490898092463754e-01 -0.000000000000000000e+00
-0.000000000000000000e+00 -0.000000000000000000e+00 1.828096034204942779e-15
8.436784630865487578e-03 8.302219816838082855e-03 1.242631902409186147e-14
6.608978583177509136e-02 6.460290583903613437e-02 2.971450351429348544e-17
2.869494017966793264e-01 2.809681440370025429e-01 -0.000000000000000000e+00
3.968391083007480336e-01 3.885648408544005172e-01 -0.000000000000000000e+00
-0.000000000000000000e+00 -0.000000000000000000e+00 3.244717744315570877e-14
1.877734112439504721e-01 1.838026751985860630e-01 2.169421436907646708e-16
3.300200331552143474e-03 3.222529686706152030e-03 8.443979229539361575e-16
2.196382381305378440e-01 2.150919319896293369e-01 3.946875680400298237e-16
1.591103912872437543e-03 1.561022243196861538e-03 1.700890607610074223e-14
5.618575979691156075e-01 5.500705628253702573e-01 -0.000000000000000000e+00
2.042403330190764865e-01 2.000661745403908842e-01 3.536488798257679327e-16
1.313348703904872461e-01 1.284974765925243900e-01 7.851143351132082059e-16
6.561640592200854716e-01 6.425088594314078971e-01 2.390568511520417262e-16
1.821958693257602190e-03 1.792392510751247793e-03 9.404705165592673382e-15
3.605889217983092587e-01 3.530788403513663853e-01 -0.000000000000000000e+00
3.755349405527049281e-03 3.698218503203607333e-03 1.662787353603547608e-15
1.363368996589305604e-01 1.333843335754262283e-01 1.526640558483901628e-15
3.472248594997505411e-04 3.421908661048707399e-04 4.237831915125312731e-14
-0.000000000000000000e+00 -0.000000000000000000e+00 4.835350103993429530e-14
2.817501481395409354e-04 2.782371026962302354e-04 2.275457053959471639e-14
6.764181988912000287e-01 6.622492130093113882e-01 -0.000000000000000000e+00
1.330081782846655181e-01 1.302211867151278069e-01 3.455681317211980594e-18
4.713311853096950263e-03 4.645033045368289655e-03 1.044244324287153371e-14
2.716824942050529712e-01 2.660890769373830955e-01 -0.000000000000000000e+00
1.905073738301096657e-03 1.874600020183595167e-03 3.094841686987811100e-14
8.175222536414609997e-03 8.053123137827095795e-03 1.376477771986475849e-14
1.493480571267755304e-02 1.472385782009724177e-02 3.978513175434269758e-15
7.141063606213742254e-01 6.992622834543746890e-01 -0.000000000000000000e+00
6.277872170049528799e-01 6.146722961357976578e-01 -0.000000000000000000e+00
-0.000000000000000000e+00 -0.000000000000000000e+00 2.129845090046397903e-14
6.401219928322179897e-02 6.249301683822348213e-02 2.720361316680226053e-16
5.493886321344195744e-01 5.379277770327123287e-01 -0.000000000000000000e+00
-0.000000000000000000e+00 -0.000000000000000000e+00 1.118660015516621768e-14
1.242949903123716790e-03 1.223620421081676604e-03 1.855175184293634285e-14
1.353180713697626440e-03 1.331022123340029660e-03 3.786622983948833616e-14
7.895758534939732731e-02 7.720145659054805654e-02 6.943186729930911679e-16
1.313533731183877222e-02 1.279261393525052935e-02 1.303845619045958204e-15
1.069525203523837981e-01 1.048327107451247353e-01 1.044031907648148451e-16
7.852128718444713763e-04 7.714090804468253350e-04 2.306191366518420237e-14
6.696859175244963547e-01 6.557075425572570504e-01 -0.000000000000000000e+00
7.490789871234604380e-02 7.340068204295435716e-02 6.389182614456450520e-16
4.544764953337167568e-01 4.450568478573505016e-01 7.134092733124899744e-16
7.884218942717249011e-04 7.765005365913411938e-04 3.442114817092083414e-14
4.672681900144882820e-03 4.595490035563652535e-03 8.770161251716959978e-15
