2.168584789405521018e-01 -1.751607529231848370e-01 4.901301339205096919e-02
3.241829936226540698e-01 -3.105538397264283601e-01 3.192653626102210929e-01
3.006868046752386170e-01 -6.341082881311809194e-01 2.449517623451585580e-01
9.926874287998423141e-02 -4.096578279314175841e-01 -3.114038616411776705e-01
1.913034740857600946e-01 -3.475483898354413959e-01 1.442262755417545450e-01
3.591986001835942299e-01 -8.299118344085458510e-02 7.952060821429695059e-01
1.976215901744783066e-01 -4.452032426268082710e-01 5.003516277222334052e-01
-3.254412271422243985e-01 -9.477317111962336726e-01 2.020827890068342958e-01
3.455302680353022904e-01 -1.940932029112417689e-01 9.809453142977661577e-02
-1.670381164889896963e-01 -4.116313403147174865e-01 1.754904084315137280e-01
-2.014973565547583390e-01 -1.544384336464133256e-01 -6.735687369289959647e-02
-1.402634350081075620e-01 -2.076666827056139752e-01 2.000105771492113049e-01
1.121662767909764880e-01 -7.323831328160279597e-02 4.542354458474905377e-01
-3.844563039731062337e-02 -4.230168131739291959e-01 2.505323683610153340e-01
1.310845239837998555e-01 -3.955599735706679665e-01 2.021257354062515610e-01
1.243507978156103699e-01 6.411968762471002836e-02 1.825325655345969716e-02
6.729174228239291899e-01 -8.445919787377119681e-01 1.322005692564931278e+00
7.997172424258837398e-02 -1.383410141872910282e-01 3.323726259803063687e-01
1.903511307617122006e-01 -2.706382531026925720e-01 5.795190154432140750e-02
1.344904308899706746e-01 -3.720910760567828351e-02 5.541108994530348220e-01
-8.374744777181820921e-02 -5.567455397706372322e-01 1.225852294167714268e-01
-2.392493635928659990e-01 -1.719694334473325925e-01 2.185331713752522165e-01
2.165600897582975470e-01 -4.816200765714430121e-01 -7.985788252993582248e-02
1.550776762992168989e-01 1.217965582725434454e-01 1.337024768432244770e-01
-6.298063253389443727e-02 -1.658437190168358943e-01 5.827115470902730771e-02
2.791844044980886230e-01 -2.692368039665309909e-01 2.234310201949405161e-01
2.406482628295813775e-01 -6.128229500273900399e-02 -9.839191948309485014e-02
-1.264587062328966782e-01 -2.130105635102778616e-01 2.366215024050836724e-01
2.178958509217504003e-01 -3.643156673549284852e-01 7.439722817295964241e-02
-1.195516300227579404e-01 -2.007822442158752885e-01 1.952682266785165655e-01
-3.208275160855588726e-01 -8.720807988604808436e-01 6.350798456670668779e-01
-1.646528748006600651e+00 -6.286601527462620798e-01 -1.171295252306214646e-01
-8.202856002593768292e-02 -3.915169835899510731e-01 3.080212274574506970e-01
-2.611042584216622942e-01 -1.766099782764372073e-01 1.480350140389041502e-01
1.581791552779531485e-01 -4.086052471207151648e-01 2.143288524719482724e-01
-6.909631432216561953e-02 -3.489592825787560804e-01 4.041768696987592668e-01
1.842048729280866270e-01 -5.449187027340460787e-01 2.834223338075555487e-01
1.169139787096097269e-02 -4.980539163941674619e-01 1.929761782853717522e-01
8.043440367941725455e-01 -7.588933756622121551e-01 1.270239038325593484e+00
-4.693841714776717522e-01 -1.860573162853129681e+00 -1.003045021418613958e+00
2.283350105736664526e-01 -4.406809311117067529e-01 1.723640224428169554e-01
-2.359987407022608452e-01 6.876684140236428988e-02 1.961676800706186052e-01
2.052228807222881146e-01 -1.576528624992707739e+00 7.219783267711208374e-01
5.555982579380727010e-02 -3.895098466119237823e-01 2.783328118697862563e-01
-1.867787778601512072e-01 3.804739419670570277e-01 2.137806955619653060e+00
-4.490862723438178716e-01 -7.657177811704418691e-01 4.668291423204727897e-01
4.106843549803122495e-01 -3.035986889541414935e-01 1.863456020873244245e-01
1.169134750858696475e-01 -6.670811912755134632e-01 8.746074985142269220e-01
1.693858474887018420e-02 -3.105578076384268599e-03 1.579307492638555299e-01
2.526603978828692587e-01 -4.715666411267775970e-01 -2.033601196000336259e-02
5.594168640542045434e-01 -4.947332950941238372e-01 1.501168400349538246e+00
6.601999251374246480e-01 -1.175716563601611142e+00 1.426906624810913904e+00
-1.452724138601796944e-01 -1.277147446737954099e-03 -2.280217050454819497e-02
-6.179457524207351143e-02 -4.417313091988109286e-01 3.539153575505166183e-01
5.278227146040005008e-02 -4.447137486925933914e-01 1.148598504195102593e-01
1.271842520263245291e+00 -6.108907959620786254e-01 2.794052067142847595e-01
9.596634908716779322e-02 -6.674108246485039864e-01 1.312670900888092407e-01
2.277817280092542251e-01 -3.060512951016076677e-01 1.008749261521247748e-01
5.312678870259409658e-01 -1.065352668277413262e+00 9.168282807951230184e-01
9.983804218225436622e-02 -6.640825996296788325e-02 2.891161312561467689e-01
2.403240034539383618e+00 -6.955317859559485560e-01 7.618046244458502869e-01
-2.883155678501330213e-02 -2.387885249077752736e-01 -1.118977553343501602e-01
1.491712376748153268e-01 -2.699514357130708420e-01 3.167583018125986194e-01
1.069423878855710192e-01 1.063702982239429426e-02 -3.684899687003697494e-02
-4.878476735191537850e-02 -3.028001481993118360e-01 8.362854673903816205e-02
1.052715809404259240e+00 -5.125358724525105325e-01 3.173712215998617525e-01
-4.410729323958838960e-02 -1.352844410140712494e-01 -6.644397997113201670e-01
1.407610937228324921e-01 -4.345629188565196532e-01 2.352658886205848121e-01
1.324108503835263184e-01 -2.890087732808138687e-02 2.835408655295556524e-01
1.781291576545819710e+00 -1.411736791823898329e+00 1.092245277951113813e+00
1.097392747639599625e-01 -5.075569162446592619e-01 3.941343465369371857e-01
-5.074604427753975910e-01 -2.344372435950147493e-01 2.077630390505244284e-01
-3.066181889581947040e-01 -3.245409761507223045e-01 1.458491714701904141e-01
6.492661420120438009e-01 -1.112740787049408819e+00 3.762507209156375487e-01
-8.979886899808339207e-01 -1.447041702072423552e+00 -2.223047732164146750e-01
2.881820949788395647e-01 2.308010913430974809e-01 1.156510177810059908e-01
-1.606085748590649065e-01 -5.523902040624103504e-01 1.476432102087466003e-01
-1.489180498217217985e-01 -1.095607094801607090e-01 3.905447640954488042e-01
6.952442670603303787e-02 -2.175091720434041420e-01 -1.775195413038334613e-01
-2.245073131659253429e-01 -2.832079974285899304e-01 1.973923919573438157e-01
-1.156488168662657967e-01 -3.646204051759543430e-01 2.202264748919373627e-01
1.606012506837435627e-01 -4.986102209004082964e-01 2.336924635900512470e-01
-1.379044105721907200e-02 -2.089642915248326460e-01 -9.878568959843463115e-02
1.126814861346970426e-02 3.165398587665482072e-02 -9.502835415155606869e-02
1.592128253902650170e-01 -1.340458351596132136e+00 1.458494554359028861e+00
-1.149044967530343936e-01 -2.702942369698004832e-01 2.143670375312925133e-02
-6.315607571638208462e-02 -3.193994492040602706e-01 4.063872621110060646e-01
-2.863306156084722068e-02 -5.312654538523178260e-01 -5.164013816840677673e-02
3.352414390116385534e-01 -2.626327348616237511e-01 1.457591381027711734e-02
-7.434399453291623550e-01 -1.514671542294776518e+00 1.471832554681254679e-01
1.250762924571709567e+00 -4.617030176915433159e-01 1.359307969017538698e+00
1.172985206200870822e-01 -7.722658141510848617e-01 4.904560197178012837e-01
-2.015211846614320956e-01 -3.001119000517037116e-02 3.496296510810261576e-02
-1.259730686175880021e-01 -5.804383586766908021e-01 2.707544289528280301e-01
6.499789391025935503e-02 -6.162132034020515459e-01 4.686082971130121899e-02
-2.868281082446870744e-01 -1.517669919989973748e-02 -1.163276343238452554e-01
-4.537429305952407899e-01 1.236367050206229889e-01 -1.086411874342648187e-01
4.270869204922004420e-02 -1.058812370954684834e-01 -8.521275938980019116e-02
-3.076965245638018905e-04 -1.154333231533314907e-01 1.384390097219323212e-01
3.107089350297907449e-01 -5.478432759446746347e-01 -8.477897810869483575e-02
1.087861215729319514e-01 -5.090161395985898229e-01 3.590088819773997186e-01
8.565256571057336399e-02 -6.282587793861424963e-01 2.988089217782018414e-01
1.436225037840338059e+00 -2.416069664607345679e-01 1.073627006916637150e+00
-1.784854603421865415e-01 3.104095399700422253e-01 2.061707730880037115e+00
1.124709347814045302e+00 -7.319266190631629199e-01 9.406138467859987973e-01
1.450777290798390406e-01 -1.443286944958526719e-01 5.926460069397339048e-01
-5.572227334423082712e-02 -5.502154455302948888e-01 5.743733349618071471e-02
1.837846534287096711e-01 -3.924474132580483277e-01 9.858138491243725876e-02
5.278918817800862806e-01 2.914266614449910475e-02 2.634068888237656170e-01
-5.632995635019890646e-01 -1.765206706351087895e+00 5.833437010601727479e-01
4.523527407494207231e-02 -4.051506575197207916e-01 3.017108699038164588e-01
-3.052820790160429287e-01 -3.696707551634318967e-01 2.282886980319186465e-01
-2.281392737409116966e-01 -2.847704948326578167e-01 1.081131369514300999e-01
-7.424553019292465805e-01 -1.165071841956647924e+00 1.785754366823299355e+00
-3.608065709336444882e-01 -1.292095629622168840e+00 5.441155908437174116e-01
9.794948493169364223e-01 -4.727545426997433187e-01 3.796818097005150161e-01
1.173201735722335416e-02 -1.797369265071193517e-02 2.765881851899902877e-01
6.256096648301112673e-01 -5.852048953404512810e-01 2.406509363483508579e-01
5.606417152109857693e-02 -3.641980202702361780e-01 9.124074052466558948e-02
2.329080187884401409e-01 2.454189205778539370e-02 4.589819561136659898e-02
1.697976278236634773e-01 -3.814772184489901852e-01 1.839485000081570176e-01
-7.453772868879404712e-02 -1.321712704373059877e+00 1.101158828634984044e+00
4.290007677080082682e-01 -2.954988581143339621e-01 3.049213568545159903e-01
4.355550785670350700e-01 -3.515375248906484895e-01 1.545970975029332950e-01
1.969287269118833450e-01 -1.157503230171296416e+00 -1.725848418566146680e+00
-1.090761294968208917e-03 -5.337792773079333974e-01 2.455729191121429900e-01
7.721812724491217139e-02 -3.653770267976454156e-02 -1.119847293140806138e-01
6.706156395107342183e-01 -2.849396436550582501e-01 1.562891822073607939e-01
1.063262625725554661e-01 -3.946716646157736319e-01 1.082493390887686729e-01
1.280294811086068185e-01 -1.047895385637290233e-01 1.243441723514708509e-03
-3.042325526343148470e-02 -3.069312050347529075e-01 3.437933728725615090e-01
6.412464241627501005e-02 -1.144768355421835054e-01 -2.055858777076271030e-02
4.984828886887310850e-01 -1.560674893269848595e-01 5.125489592389956828e-01
4.409958447590617836e-01 -2.564605027462896758e-01 -8.086753390420134066e-03
1.693998356271785577e-01 -1.800330529325137874e-01 1.950469495258893571e-01
7.426426884438432074e-02 -4.388339000674166268e-01 7.607694662966990595e-02
4.863287583408282613e-03 -8.079531201754404091e-01 6.205795696793470206e-01
-3.143235205984158953e-01 -2.714266605041147362e-01 -2.029244898849166256e-01
-1.414233210820414088e+00 -4.712135145251252211e-01 -8.803881624898597380e-01
5.249436848321967775e-01 -1.095132722867880881e+00 9.551334326580357414e-01
7.406131776521300558e-02 -7.395834741288824787e-01 1.975358067919639748e-01
-1.519565517820624101e-01 -1.070508702170072934e-01 4.069952398515688241e-01
-7.864556719985292543e-02 -4.427870459943267223e-01 2.313156730953871698e-01
-1.543202763358364205e-01 -3.631362198634979221e-01 -1.355024360409138595e-01
2.510865946922782865e-01 -2.818101461155347875e-01 2.930472046685172471e-01
7.324313794241256170e-01 -1.861485319774707214e-01 4.284105336443517764e-01
-7.132400842475540292e-01 -1.888197952444906846e+00 9.256028293626349379e-01
-6.348073977098123155e-02 -1.391917301523677652e+00 6.237780759694344646e-01
-4.381381179253432401e-01 2.926194475936341743e-01 -1.149462841885995484e-01
-2.684447703011602626e-01 -2.318496851662568692e-01 1.991870517907665672e-01
5.089480051774344233e-02 -2.875620728105129364e-01 3.164653073287676532e-01
1.748552273031740711e-02 1.679176177018751048e-01 6.908251754019513469e-02
7.494148785983922867e-02 -2.227261144528278614e+00 -1.641162598905436809e-01
5.841820317096238502e-02 -3.819585248795666632e-01 2.954269762762279927e-01
-6.820435857730615392e-02 -5.021050363917710646e-01 2.824222471219680064e-01
1.224082843478248028e+00 -4.527458190052600084e-01 1.068548518484348842e+00
9.215509155391576890e-02 -4.526887760916130654e-01 4.155485077506558822e-01
8.378334457199773100e-01 -2.029499692617179107e+00 -2.302817099726619521e-01
-3.970331639953485481e-01 -1.641485960680879319e-01 -4.622971052972489614e-02
2.887172692503403582e-01 -5.747467328002747733e-01 8.690496689634712169e-02
6.585310328768523291e-01 2.129902635314013734e-02 6.879016457955696717e-01
-3.394616826458565773e-01 -1.947610849144458317e-03 -2.790590652335424027e-01
-5.224915132890010222e-02 -3.685233365084295554e-01 1.482842798465858480e-01
-2.337743904848291754e-01 -3.306539721624316419e-01 -4.950695913477185656e-02
-3.233579625235966093e-02 -2.064853675580976544e-01 -1.128125779430735054e-01
-6.878599530249518423e-01 1.142497819709339113e-01 8.751698457432180445e-02
-4.621112445072966812e-02 -1.199347552480152651e-01 1.225062447716860070e-01
-1.117497943327890181e-01 -3.886177567220131523e-01 1.700134521845888813e-01
7.018542662116150112e-03 -3.221667946834272378e-01 4.430110935898985969e-01
1.653533085552736814e+00 -9.180341343065416826e-01 1.298014127593568157e+00
9.232600783160493582e-04 -2.947177813597025575e-01 1.106082950253212266e-01
2.595810861905914479e-01 -3.964380937982888709e-01 3.273969300524853798e-01
1.027927993162790071e-01 -2.410296277437178614e-01 2.777529585418875846e-01
5.367259682311641827e-02 -3.260247546879033176e-02 -3.946435419368253539e-02
-1.252711633798520539e-02 -4.232847092776990672e-01 1.474481280754256218e-01
1.466949783555904496e-01 -2.716470973493192997e-01 2.164351189593201330e-01
1.619288749968320063e-01 -2.852122084562687121e-01 2.056114028914153291e-01
1.038125736711325908e+00 -1.019124599851197077e+00 -1.740370248578773371e-01
-2.329524965152028892e-01 -2.433279708507364303e-01 6.055558559026694848e-02
1.429091821365052924e-02 -4.040611381606131203e-01 2.953255314927915598e-01
-4.714289898626244230e-02 -4.224425884367837836e-01 2.445680239796188538e-01
1.644204808985723354e-02 -4.940997053243599557e-02 -6.790607449176154498e-02
-1.026193552441198309e-01 -2.176419559474409571e-01 9.197085533473135788e-02
3.786608037751151845e-01 -3.824380711693251000e-01 1.254261583925117829e-01
-1.874977943995160823e-01 -1.606113536740220787e-03 3.025082796928689199e-01
-2.307183021199004334e-03 -1.105224511331645287e-01 1.643638874676953132e-01
-2.292258670612655758e-01 -5.243570151220314779e-01 1.085917554765173654e-01
-8.356631072931090809e-02 2.464167589553325002e-02 5.406080627643847225e-02
-3.642175250403973941e-01 -1.379787035191569755e+00 -1.102179276866647184e-01
1.330499375942487683e+00 -9.210931565697038081e-01 1.594262745571107365e+00
-2.600969233970978345e-01 -3.143789012730932586e-01 2.954096989247810279e-01
1.043216392377838142e-01 -1.808728281177878483e-01 1.393135644341642609e-01
2.639578236482051921e-01 -1.421831389563301407e-01 2.108269829381319294e-01
-1.928352905602953027e-01 -4.688607750925538609e-01 -1.938234015238648675e-02
-2.143788873562825492e-01 -3.290433396960743551e-01 2.355781893151188966e-01
-5.002608523672644192e-02 -3.374024158792100492e-01 2.870242869401913310e-01
3.669013699490637492e-01 -3.965785732794219753e-01 1.641940145543346330e-01
2.547422783577595329e-01 -3.677694475255825490e-01 1.079074322595340585e-01
4.244742219714187081e-01 -1.992953780092853455e-01 1.311747047958422285e-01
-1.424818399142518677e-01 -3.016089658176692168e-01 -2.022997858916460168e-01
-1.701671178309453580e+00 -1.392951271580677997e+00 -5.839325276311271296e-01
5.110639576502953307e-01 -1.408569363747707026e+00 6.710684057137766834e-01
6.481715766179685367e-02 -3.462936344702578079e-02 1.830812456296665447e-02
-3.425777116128460587e-01 -1.851843583723549735e-01 2.631464250949698269e-01
-3.609380603792142761e-01 -2.054563391720237719e-01 8.271694537642907408e-01
1.812030518655018477e-02 -2.103350115924396413e-01 3.102505617107428337e-01
2.530858220131829706e-01 -1.032124823812862607e-01 1.426827248945562454e-01
-7.656341942613169305e-02 -1.916156385183695743e-01 2.747965659585435150e-01
-1.941033317073426190e-01 1.812865293173730463e-01 5.039248643584893772e-01
2.940396715313863818e-01 -1.177311421830372629e+00 9.705321393957367926e-01
1.323753482607883600e-02 7.875094832645930520e-02 -6.730257701969569184e-02
4.270564703077364688e-03 -1.666812945045438088e+00 6.332017581945582618e-01
-2.241432690455592847e-01 -2.289368329996728790e-01 2.255440382267933364e-01
2.664523354281092549e-01 -2.489773324669600496e-01 3.238823381079602437e-01
2.551174224838417826e-01 -3.103458391382718506e-01 5.488035865509740402e-02
-2.820115999338964619e-01 1.524845378636741355e-01 8.385971942087187825e-02
-6.445912016239068176e-01 -2.064687657140924948e+00 1.995451051960122624e-01
