-3.672174825107334950e-01
-2.025788176128343054e-01
1.021654367556558363e+00
3.299228180162681601e-01
1.009029416220251774e+00
-6.631342146749602540e-01
8.492750049959336689e-01
2.508862949053848879e-01
3.655689269642092842e-01
-1.902085558058100589e-01
2.336350512669170820e-01
1.184417144281848966e+00
7.313877466069199640e-01
-3.444241130314640853e-01
2.658867536854404023e-01
1.517410021752215454e-01
2.754128652614324935e-01
5.243551670008828047e-01
1.968217565211588527e-01
6.678239215974234311e-01
8.513889448124413173e-01
-8.010330283824307340e-02
1.515665273982634564e-01
-7.632557967784328601e-02
6.172084806261211032e-01
1.032489567138060504e+00
-1.525027724194013556e+00
-7.791220509219615176e-01
2.683299305515586264e-01
-9.063208182378520439e-01
-1.046284620028788526e+00
2.313361007431300465e-01
3.646565622756205438e-01
6.419264875598111875e-01
5.914091905559588636e-01
-3.816799699512045119e-01
2.958039501879637656e-02
1.664334064155377213e-01
1.047227771041852606e-01
-3.595299669839198131e-01
-7.317287529968913296e-01
5.698360740443457750e-01
-1.131643650029677400e-01
3.108093525816768565e-01
-4.364715922881468591e-01
3.542862880577766216e-01
-9.479399314483296646e-01
-3.233943307206977313e-01
-9.038477342193344463e-03
-1.250112986023707240e+00
3.138047880804389900e-01
-4.867662986727741004e-01
1.582284152327994853e-01
-3.540446843099567809e-01
6.639058684400929167e-01
8.584828000437121354e-01
3.677451025085924918e-01
-1.411219059609728044e+00
-1.326627168404198032e-01
1.998029553130084568e-01
-4.160666808042027265e-01
4.134739399074419119e-01
1.056226767201321193e-01
3.100789227512197876e-01
-1.699256875766417485e+00
-1.050590296653936884e+00
4.477951793783379597e-01
1.533678138523051626e-01
-1.121650708779420746e+00
1.663154187685213503e-01
4.186377824475898124e-01
4.999233957169084142e-01
4.087291475866972057e-02
1.456068314643710060e-01
-3.172431506670541634e-01
2.148323315923968413e-01
-1.588861542950451122e+00
-1.722526387059531566e-02
-8.655924714817500032e-01
6.381839324448971285e-01
3.039934336413067650e-01
