-3.540635511182406159e-01
-2.001402414826627119e-01
9.654420139475521356e-01
3.109501035806174762e-01
9.524854201101682349e-01
-6.325479633768577026e-01
8.024365928164637340e-01
2.359336182459484121e-01
3.468991795901654740e-01
-1.881242149364807381e-01
2.197006470049672755e-01
1.114639920329436595e+00
6.920573934239602210e-01
-3.321474066698227312e-01
2.497178943035872900e-01
1.394295608563582423e-01
2.590998201095717213e-01
4.976776006076402692e-01
1.822187999049466600e-01
6.357727401685056012e-01
8.053199836279431034e-01
-7.989896244844542361e-02
1.409255636387147514e-01
-7.457844962602253047e-02
5.868057282687838550e-01
9.769038609457585398e-01
-1.429997606530886811e+00
-7.427205160286969310e-01
2.518019084280034292e-01
-8.627477313613096666e-01
-9.922281053006184459e-01
2.161062869244913254e-01
3.426285694079097555e-01
6.074785563753282158e-01
5.594225962182379774e-01
-3.672786164052482816e-01
2.312619098744131407e-02
1.543373535036268451e-01
9.737609552581466543e-02
-3.461750598507982168e-01
-6.998573172710661483e-01
5.386355841079933926e-01
-1.117223791321250576e-01
2.921826968003138347e-01
-4.195636811181781556e-01
3.326675792855995351e-01
-9.004543217809550804e-01
-3.114060915067088930e-01
-1.405844237093494681e-02
-1.182307159254227580e+00
2.961205241883164141e-01
-4.695941222032835038e-01
1.459049861457396291e-01
-3.422353566057265706e-01
6.263434261822545812e-01
8.123470521707929493e-01
3.456673955437463142e-01
-1.328790450581742721e+00
-1.312688549479304190e-01
1.873909301147650974e-01
-3.993538899677828158e-01
3.887554941334562253e-01
9.710857893944140062e-02
2.912458164698163987e-01
-1.587597862879295940e+00
-9.975677531837437995e-01
4.238295719485710711e-01
1.435356739614775112e-01
-1.061777391055584108e+00
1.544049316089869117e-01
3.948318755877390784e-01
4.738374529882075636e-01
3.521917007821191020e-02
1.361052013030360219e-01
-3.066949624283470399e-01
2.010196056355808558e-01
-1.485387616759103135e+00
-2.056771434318680966e-02
-8.257880970830910883e-01
6.022354257196440575e-01
2.874303875953005960e-01
