-2.574689441459867556e-01
-1.660704197685895500e-01
6.501637091297192139e-01
2.119950528268776946e-01
6.348901713912588063e-01
-4.362267989905828092e-01
5.383486346406007872e-01
1.605787498074207342e-01
2.504688081436770020e-01
-1.572889392333095548e-01
1.506244240355389397e-01
7.372033025494542091e-01
4.716683764444470905e-01
-2.409041870668291729e-01
1.684908245314276909e-01
8.127239441795340580e-02
1.766152601809693190e-01
3.487302317164464593e-01
1.091769904661184509e-01
4.581609527378192603e-01
5.446428350733441004e-01
-5.997343820457875369e-02
9.332792832509829994e-02
-4.575343175367455745e-02
4.178018949957795769e-01
6.676336668779446759e-01
-9.370734290404606481e-01
-5.145094546203595742e-01
1.667782903868053057e-01
-5.993739480086085480e-01
-6.744910225995972564e-01
1.389542039705113363e-01
2.243886426812509161e-01
4.144962539051670891e-01
3.820591283855931941e-01
-2.622223954292887127e-01
1.441526048039291344e-03
9.757171583150002492e-02
6.825117486970147529e-02
-2.485739439769394377e-01
-4.961708051669415087e-01
3.640593854825396325e-01
-8.539269038954128144e-02
1.952147094621039802e-01
-3.007792558484631007e-01
2.172732211748971132e-01
-6.172799407190848742e-01
-2.198729899648264596e-01
-2.675159643944078486e-02
-8.025722456829084139e-01
2.042891511437677499e-01
-3.491391772987899045e-01
8.733560726792911899e-02
-2.548212893357655329e-01
4.167811816612938536e-01
5.540039606245754644e-01
2.272631232731229523e-01
-8.882400965286243455e-01
-1.042658682418381999e-01
1.276108016684987523e-01
-2.814104903499295429e-01
2.536655661021312014e-01
6.233095849471476796e-02
1.912419542000607375e-01
-1.031323336692347548e+00
-6.854727854777495910e-01
2.935952497327515287e-01
1.004556745362247122e-01
-7.187742696341931081e-01
9.785374194942947357e-02
2.657338233917840298e-01
3.303759702524149966e-01
1.875466460547775202e-02
9.509618123980428939e-02
-2.254610915955425343e-01
1.329900430160842473e-01
-9.595114957905129804e-01
-2.478563443530669083e-02
-5.803610973198658485e-01
4.026973525547276056e-01
2.026519562240819694e-01
