1.832121555292498760e+00
1.962920482382373821e+00
3.454827885319013081e+00
2.540023678509101490e+00
3.480117867562532830e+00
1.411713628897801387e+00
3.272130643340515732e+00
2.485177012378487316e+00
2.652516593046686744e+00
1.943892378372919394e+00
2.600476261365038066e+00
3.615211160687793690e+00
3.139384665291724996e+00
1.746856466482258119e+00
2.527565789681517128e+00
2.372906756273296836e+00
2.608306356450168728e+00
2.798860820859453646e+00
2.514031004403078473e+00
2.890084051110248797e+00
3.253169786781244799e+00
2.219795072455927887e+00
2.399558529779288740e+00
2.119768659905841623e+00
2.889221281282597253e+00
3.516352762118659214e+00
9.894194769078609175e-01
1.399521730629215366e+00
2.414689748683650272e+00
1.230505301978873867e+00
1.131343238694638931e+00
2.551129098124993444e+00
2.675454278236257810e+00
2.966900433823297156e+00
2.986531887862352352e+00
1.715072169894295673e+00
2.421604064722230998e+00
2.457325251839485691e+00
2.197415126453218903e+00
1.699935725534855724e+00
1.502183787378509994e+00
2.822514728705342701e+00
1.962885474668053964e+00
2.365445530982225986e+00
1.889155966214646432e+00
2.649592748531772735e+00
1.233580505583574238e+00
1.895807435398793039e+00
2.064483130193141225e+00
1.053234219902080770e+00
2.519738709151270850e+00
1.645887450898867232e+00
2.358150464681307401e+00
1.949840534799613279e+00
2.958222697934467238e+00
3.176094614849655606e+00
2.696541266799864278e+00
1.009134286999732177e+00
1.993148906831812450e+00
2.494830577462380905e+00
1.695380987157754760e+00
2.803178367121285763e+00
2.401175994006656822e+00
2.440588698451455762e+00
9.486859591462060148e-01
1.137092102375221403e+00
2.698121144076391253e+00
2.186845409312482502e+00
1.197196585476577368e+00
2.512852470891078660e+00
2.754091466796830368e+00
2.739253824291055572e+00
2.149806522980314938e+00
2.252896919460601666e+00
2.003455099630835790e+00
2.574180104367265631e+00
1.004261564089139913e+00
2.155791787747185495e+00
1.413835269998532818e+00
3.031562427542061844e+00
2.453877813948659892e+00
