2.991025499141539701e+00 3.098572089305372756e+00 3.237856413733538830e+00 1.671799600922785123e+00 3.795431049294627268e+00 3.280000486265230553e+00 2.624657803347906285e-03 3.637331812406213505e+00 5.432354529904275253e-01 4.663948511584850021e-01
1.533012153654578436e+00 3.640812345088281221e-01 2.111614384822231738e+00 2.282891528821236804e+00 2.699862709203467936e+00 2.364577202195621286e+00 1.034404003732910526e+00 6.908014309676083542e+00 4.922493851809504939e+00 1.388445909574871628e-01
7.714921923797894987e-01 5.240801141140107866e+00 1.177461487613799429e+00 4.575099674157968171e-02 6.732859119586166230e+00 3.193238857810605680e+00 3.468559985381694410e+00 1.613406798025902145e+00 2.752500093180667573e+00 4.256183604520713537e+00
1.549917486706610781e+00 4.523303484503546912e-01 1.738720114515665882e+00 3.831670919875164838e+00 6.215399214602824962e+00 1.465625625566726375e+00 3.749367154307448935e+00 2.011635626454977288e+00 1.923812947095137504e+00 2.605774760480245256e+00
3.388662885763656263e+00 6.200005033334147875e+00 4.137430902917455661e-02 4.545914584299117212e-01 2.685747022733960598e+00 4.395216167505439309e+00 1.129146998131943747e+00 2.700954528148561185e+00 2.649241392046413512e+00 5.803473116502233076e+00
1.265418415016720567e-02 2.969073776888173644e+00 5.509474883715684612e+00 1.809824997090161203e+00 6.281957464214591447e-01 6.146931503966244215e-01 2.611109132688328671e+00 3.632720387237778237e+00 6.758078275349433950e-01 2.672508884527490469e+00
2.080992579158625233e+00 4.512163291384872821e+00 1.939181911311410322e-01 3.462242464968303124e-01 4.695196306437532385e+00 4.608205284912953559e+00 2.322696399509042831e+00 3.526961789029609218e+00 3.406772778956259184e+00 2.640136000686331030e+00
1.028652184576231532e+00 3.969947910889192411e+00 1.051542953112235557e+00 3.820332863091608910e+00 2.458809797249062790e+00 4.559624850789480099e+00 2.761432222011020787e+00 7.492201453708473569e-01 2.504151426933503899e+00 2.497143872516774277e+00
1.755215182253522244e+00 3.655702286549383118e+00 7.551229003732166101e-01 4.588116129588907022e+00 2.066382695662114521e+00 2.986554984381787126e+00 6.900938085420433410e+00 1.591132447037820308e+00 2.409121882100879741e+00 8.036382767053630582e-02
5.437301217813093057e-01 2.455860288200124864e-02 2.146616021490044712e+00 3.141623765008345615e+00 4.033785092928792615e+00 3.945724647354083459e+00 1.373263105067051626e+00 5.033297232123948639e+00 1.808272904338285247e+00 1.393887887931334113e+00
5.541430843171356813e+00 3.955607358871623624e+00 2.211131371061808848e-01 4.300117182815039740e+00 3.450109410961822665e+00 4.275567646463437205e-02 1.741720776567478313e-01 2.579335096992219079e+00 2.864295978658005226e-01 4.086710445980922479e+00
2.450647446019573295e+00 6.556306432932394124e+00 7.617279534497963800e-01 8.507755934145808663e-01 4.254648039265115145e+00 3.395059067541457587e+00 3.303169629617248582e-01 1.931784383024829799e+00 3.926130944552962188e+00 5.364611248112010067e+00
3.364770860385053908e+00 3.731350099543381038e+00 1.155909666592383200e-01 4.331794593967053936e-02 3.811720805902055975e+00 3.537425577637386631e+00 2.321567195514807835e+00 3.340152859348815895e+00 4.609734282572858888e+00 3.497201418762609926e+00
3.283651466217570036e-02 2.429671045439328214e+00 4.666643254139577479e+00 1.390701990841124225e+00 2.564460586425845179e+00 3.724879567708634931e-01 3.880760988120918409e+00 4.312360215233183247e+00 1.622459325531364183e+00 1.550821412207410210e+00
1.333474306345781679e+00 2.758472288317406651e+00 6.731713172683134738e-01 3.652129680317742100e+00 2.330303732538832051e+00 4.826913395316151600e+00 3.638422795504647755e+00 1.720395411835335953e+00 3.689419787326497335e+00 1.264548760611776457e+00
7.047625874976211069e-01 3.857012431865066926e+00 1.365586870929431651e+00 4.130910617025074671e+00 1.757717434865629258e+00 4.663219230376330238e+00 3.455534216822518268e+00 2.628170250050694268e+00 1.769257284687280496e+00 1.249676271839446740e+00
2.283087293372938475e+00 1.244951292545578347e+00 6.821186542632118321e-01 2.578577379696586291e+00 3.471222409945261322e+00 1.650338015368516764e+00 4.787974123690529993e+00 7.111721526609513511e-01 4.010510291899523239e+00 4.099550695427892855e+00
3.289264810156017127e+00 2.751404696688943829e+00 2.222239823537536241e-02 2.554564269877410698e+00 2.721702967621439484e+00 4.112887583416659609e+00 5.817948440375535490e+00 3.805031582494901699e+00 4.427115092878456393e-01 1.290663668165418887e+00
2.504595811735456312e+00 1.277673345422911666e+00 1.218374378266820379e+00 4.405288217109303517e+00 5.044541885097491019e+00 4.199001548612648488e-02 6.814407314896159917e+00 4.573656507510484026e-01 1.190280140217633953e+00 1.634751280563627063e+00
1.425958360713278861e+00 3.510644882926871602e-01 1.189050090717755026e+00 4.366059730291286911e+00 6.302245035836680387e+00 8.477015976150015231e-01 6.075912169364038995e+00 2.411955228604500956e+00 2.126798886122376331e+00 1.959708913386881690e+00
3.346757932588836137e+00 4.076770155345059266e+00 9.985800409845949632e-01 9.083518050164176572e-01 5.858268806392320727e+00 3.462984839259109382e+00 3.266553989653094625e+00 1.104827097475040293e-01 2.511869994628777913e+00 3.896274496317596814e+00
3.361269187757529142e+00 2.764192843874870853e+00 2.415770938143108726e+00 6.477998656485206563e-01 2.163313328492732612e+00 2.378266292633151924e+00 5.939312570066037189e+00 1.791559470357798056e-02 3.741081512181651192e+00 1.155368332517619390e+00
2.707057370473235469e+00 6.049387702903410435e+00 1.018674381537730822e+00 5.505584518786276860e+00 2.145298581552347983e+00 2.337023387927907384e-02 4.571327050340829423e+00 1.397564379064634821e+00 5.910118516870770389e-01 5.505907279325766845e-01
1.171437175767167327e+00 1.354999428029969755e+00 8.637152996200473387e-01 3.922188410130502234e+00 5.546052014225088200e+00 4.097345690223677117e+00 9.326627744273886800e-02 3.232990783404694479e+00 9.312458132789193099e-01 1.952961447152624208e+00
2.968175476498463805e+00 2.992885802030517350e+00 1.025339621081684083e+00 1.906696377677995491e+00 3.689635056300272442e+00 5.098617889866384756e-01 2.310011454238020345e+00 3.215546091316412447e+00 2.092412166251613304e+00 5.993658903307726327e+00
1.530030214589459980e+00 5.483740195695733455e+00 4.236912770389663491e-02 1.226755757706595285e+00 4.478632458262151950e+00 4.404792958752543619e+00 3.323328247063601637e+00 1.315025304718131061e+00 3.871423204082738323e+00 3.922951457310138945e+00
2.200823711220759371e+00 4.729251794331622016e-01 5.111871844637346562e+00 4.694337115880713895e+00 9.821558392285024697e-01 7.268768595589244486e-01 2.006381625799133483e-02 1.057036680002669364e-02 8.130723483702818888e-02 1.500157946545674914e+00
2.589025283670673971e+00 8.786635895748058367e-01 4.649296937750230008e+00 2.498433576370498788e+00 3.473057654262341920e+00 2.694784401713696376e+00 2.624324680289637918e-02 1.445631344446292710e+00 1.031128023689137363e+00 1.067368249667251190e+00
1.328391965170564015e+00 2.765704487544258683e+00 3.075309954850800942e+00 8.461545420343538071e-01 1.213096628491512119e+00 2.369602583165466125e+00 3.135827941370225691e+00 4.289067951661330369e+00 3.111267491294545273e+00 4.066357857998974090e+00
1.324197332404416949e+00 2.229686468353718531e+00 5.897865382453995053e+00 1.529491635961893969e+00 1.587901108474714662e-01 4.095180890111069227e-01 2.645001534434155310e+00 2.724879426462427645e+00 2.528055969509408474e+00 5.303090569295128009e-01
1.881154224537748609e+00 1.124509691052146161e-02 6.345409558695253693e+00 7.856969316976424311e-01 2.554746760294346331e-02 3.845543319500243751e+00 1.297548899014854928e+00 3.409962858646904849e+00 7.261873359889425839e-01 1.301875416706407940e+00
4.842153775778296421e+00 3.432419173689850389e+00 5.306210590889373635e-02 3.998316528868411712e+00 2.929132154961845980e-01 6.440859499654489895e-01 2.591409532278246552e-02 2.696675123382839434e+00 2.110059885638395638e+00 6.859433412812388831e+00
2.437714105336506343e+00 2.949187686893917970e+00 1.637374042349601933e+00 3.582634204619943030e-02 1.729065939296434040e+00 3.821201374990366162e+00 3.289007974651547705e+00 3.228831384113803438e+00 3.786249477605966529e+00 3.940382160294787273e+00
1.559422323186747006e+00 5.132095413611122758e+00 1.264082636456549391e+00 1.232785544964659641e+00 3.377286035989617297e+00 3.436166907856081032e+00 3.136323685087459179e+00 1.914100135276286530e+00 4.368688783909651541e+00 2.438784738775995109e+00
3.731185824828110231e+00 2.891545691728893530e+00 3.893841794742197021e-02 2.319064449153716900e+00 4.642339314340762080e+00 3.005991061402776943e+00 1.112755945751023878e+00 3.486788401911901314e+00 1.603221411448359390e+00 4.223204810786509000e+00
3.254293536453788105e-02 2.961587943210799434e+00 4.743542144472244537e+00 1.059444320146303076e+00 1.804852631466500101e+00 6.637251964503387835e-01 4.353276862097470001e+00 3.832588470478797138e+00 1.557493746009135149e+00 1.732654406839086558e+00
3.792574766338906223e+00 1.032214194684629403e-02 1.999824610039706851e-01 2.675381808085010249e+00 5.774423270047663870e+00 2.753803834930414543e-02 7.416701448455255807e+00 1.318178224433546930e+00 2.137489129893610507e+00 8.130475150215963343e-01
1.107788101089327570e+00 3.362246120611331435e+00 2.663021236416915349e-01 3.152043623404232164e+00 1.823608820626889879e-02 2.600236615556816400e+00 2.515761687184315587e+00 2.590157836893032695e+00 2.067089806115008255e+00 7.905990272414446629e+00
4.973857213318283454e-01 2.882054468448202567e+00 2.816838362087270120e+00 3.172001290175226362e+00 2.474117890471424275e+00 2.977185575224754188e-02 9.095291820145873229e-01 4.514846087235576455e+00 5.970265635302284046e+00 1.987752107188437867e+00
4.290248073045682120e-01 3.211365446882910923e+00 5.105659362055716244e+00 1.336664171012307722e+00 8.516647269012695975e-01 7.819450508730327876e-01 3.301348164806957808e+00 3.681890331136508099e+00 2.165661294535832671e+00 2.285372689439344907e+00
2.627318443327106984e-02 1.816448040743717796e+00 3.161196506815035612e+00 3.464961602757282488e+00 3.916762525372209591e+00 3.279051472504172171e+00 3.488978881724912884e-01 3.875316883642536236e+00 8.533335122293207453e-01 1.036691492605286424e-01
2.348836786713766500e+00 5.012260726723823723e+00 5.219568820875797321e-01 3.012331377495929718e+00 5.869627423759606888e-01 1.344510232318465004e+00 1.988233518545022616e+00 3.650768948526469160e+00 4.727967914174028508e+00 3.923690402108711783e+00
5.891392071020896265e-02 4.377053574981001560e+00 5.014760993720082993e+00 9.599319152695189317e-01 1.485345440534205919e+00 2.014262705079744364e+00 1.921673913399660094e+00 4.717810056309763134e+00 2.793790508757162602e-02 3.414388282123832052e+00
1.607175559829345998e-02 2.836187800220644206e+00 2.764284505446027218e+00 1.008306817144238643e+00 3.057346765184333126e+00 1.118382276777054596e+00 2.491546016416874565e+00 7.146602657350765497e+00 5.638823900065673023e+00 7.890401929030799177e-01
3.864225417731500301e+00 1.200084997740066828e-02 1.656971966136359553e+00 1.891252680967448807e+00 3.714230868597645507e-01 2.733708098407036324e+00 2.020711186754162725e+00 1.386118529692305021e-02 3.852677234234455295e+00 5.167091384401398813e+00
1.202302275924920005e+00 1.269237395143685720e+00 1.049278617174887129e+00 2.497926299704307240e+00 2.980120152595412186e+00 3.224966567364211834e+00 4.522034557502816909e+00 2.800653196032850012e+00 1.070103218774597797e+00 5.476804660545959713e+00
1.010325437927449110e+00 6.743025816520246130e-01 6.169359098983676404e+00 1.446246066965027222e+00 2.591974751150262879e+00 2.267219435027245211e+00 4.315562166377172049e-01 2.451319237808957663e+00 5.439398529929957010e-02 2.214649669144490574e+00
3.156208401198357549e+00 1.017422906507219338e+00 3.358768364535346773e+00 1.537808312120381160e+00 2.931864810176727065e+00 1.699034839950929632e+00 2.183490805317936267e+00 3.656553195412056562e-02 1.555582846364989669e+00 4.687547681149371925e+00
1.328569217045386663e+00 7.989342609230990488e-01 3.237955510332121367e+00 1.204607242028217007e+00 3.408692340948275668e+00 9.357258470596458988e-01 1.972777588545525651e+00 7.258601365401311512e+00 4.166280215846978052e+00 7.016772877130635910e-01
6.065063392496073957e-01 2.157735972512589750e+00 6.729810462270972238e+00 3.136701028896569654e-01 1.455055496702319262e+00 2.128841740672144933e+00 2.448881499233081932e-02 2.534232162884543449e+00 1.634098514498011578e+00 1.066851139502461132e+00
2.712461807478834253e+00 5.316722604531232577e+00 2.780883612731959609e+00 3.711493720733138435e+00 3.384639618899376590e+00 1.794466276860904763e+00 1.340539717884632998e+00 1.381223819746409731e+00 1.676662228513341235e+00 1.316069693006685082e+00
2.668286183010287971e+00 1.645699593239206004e+00 3.652592110778102974e+00 2.357191544051606691e+00 2.244222459001847525e-02 4.102787604032251068e+00 3.288663241199278608e-02 4.104511739764777900e+00 2.575388569304366104e+00 1.306355475361860918e+00
2.067322189672979871e+00 1.350310146397402988e+00 2.047084314568836660e+00 1.492718291499923078e+00 5.644734540106522758e+00 3.432770295288151363e+00 2.117252120103576107e+00 3.801729162037173371e+00 1.904005446921571254e+00 1.497162747816453310e+00
2.784633596069203243e+00 3.450506515548897646e+00 1.791257500482470455e+00 2.716485407927096585e+00 1.428916855760138382e-01 4.612002653554266196e+00 3.486075597317102925e+00 3.655785707284812114e-01 3.912971320317613966e+00 2.587510690775018940e-02
3.353725416414172350e-02 6.771025063750772510e+00 2.162911384710816343e+00 1.840988887012140252e+00 3.666643048187274712e+00 3.449508377296886863e+00 2.786845165249664191e+00 3.698893669273843887e-01 4.744248732388539835e+00 1.997178662077403022e+00
3.009049019168938521e+00 4.050433236892098776e+00 6.717864885028154709e-02 2.321363947704327746e+00 4.054595437433794913e+00 3.174229766496501348e+00 1.381757188513606183e+00 4.391041894485447017e+00 3.552656677451301093e+00 2.456180002311861177e+00
3.541445186090198760e+00 2.359122843773158618e+00 7.535342352283552758e-01 2.650625842694634304e+00 3.863596334680102107e+00 3.122328546876863786e+00 6.763447802471861614e+00 1.052894946171488488e+00 2.053380629025125526e+00 3.908291261352777601e-01
2.810819269581401603e+00 1.150728115521980482e-01 6.495427432617943531e+00 -0.000000000000000000e+00 1.196342966697460541e+00 3.295532249553820403e+00 8.416516464314370838e-01 8.593407097952272533e-01 -0.000000000000000000e+00 1.139482720509530811e+00
2.063416700115482671e-01 2.048815892129827620e+00 2.646073941051814149e+00 1.852492902787074902e+00 2.260928658840048566e+00 1.600162145789635337e-01 2.170992149915961011e+00 6.257252125606993509e+00 6.934744519806351093e+00 1.512545794287256835e-02
2.869253539748329196e+00 1.333269213549997112e-01 1.075313598498686796e+00 1.967763737038197513e+00 3.406835477212196039e+00 3.564839618620039285e+00 1.832775218893515357e+00 1.525984479319115295e+00 2.358303094142466971e+00 6.351593350446568031e+00
3.082200065880461359e+00 2.646144461665979275e+00 2.828395376077921242e+00 3.808044267322104215e+00 3.647422910843187260e+00 6.371854477350522572e-01 1.086198093817184018e+00 3.964770267354539968e+00 1.393370889755833099e-02 1.278731495183589410e-02
5.065101334559767743e+00 1.656569193154741271e+00 4.389980860148965519e-02 2.271356641164350876e+00 3.210898998455390174e+00 1.918847117808734515e+00 3.356202563681974116e+00 8.644650267629561124e-01 3.797241828648302508e+00 4.315127994520056909e+00
7.278135492942718443e+00 5.323331330191123811e+00 1.459899624680341956e+00 2.956809611372308133e+00 7.053315517989100503e-01 3.904009454065072299e-02 9.407854007392558726e-01 1.658135434843804878e+00 3.804388482563234586e-01 3.593154448183536687e+00
2.378668579050987830e+00 2.703151824783704527e+00 2.251898672702251414e+00 1.087102242004393426e+00 1.381056013710578290e+00 1.779925552842202663e+00 5.916587665947008468e-01 7.338694263687183472e+00 4.365613829062101381e+00 2.832872507505469706e+00
9.912649543613871739e-01 1.563284020952765072e-02 4.614944210980421957e+00 3.238590682998306658e+00 9.579197493335129057e-03 2.415854661244423163e+00 2.793132314584436532e-02 8.329890322422416624e-04 4.393203563387293009e+00 9.241519121428480865e-01
7.753552114454438371e-01 1.163745757115770552e+00 6.797482355862038972e+00 1.219197788637196300e+00 1.295596114482669980e+00 1.794876332992257462e+00 4.934643579782034828e-01 2.468188637434633126e+00 2.483742868903105361e+00 9.254985221226482706e-01
1.645080228638673425e+00 2.914757528564380973e+00 4.662719695041275814e-02 4.395535432410335730e+00 3.830231720924091476e+00 3.052879261348079520e+00 4.421098856624461781e+00 3.590261423165541199e+00 1.312633064421025786e+00 1.047072366698193147e+00
3.692910945994689609e-01 2.154764953136904193e+00 3.711622184425988458e+00 2.491529215862359425e+00 1.912304712739963497e+00 4.971174495771620711e-02 1.933499379017324049e+00 7.268669299430196240e+00 5.815314605151267635e+00 2.927266703726918995e-01
4.015078896308162726e+00 8.134302682526901862e-02 4.304757716704635584e+00 2.775725326274709470e+00 2.007532624986011205e-01 2.108627591194293771e+00 4.265364859680978449e-01 2.119581347798100701e-01 3.807877562750458189e+00 8.686282012391128848e-01
1.298921448696242820e+00 6.023002911722135089e-01 7.863042460140567957e-01 3.609203868562574247e+00 3.368062598061224655e+00 2.319256006728663611e+00 5.415181963912298890e+00 2.814106335841905920e-02 4.277627662504686512e+00 3.580516569251086967e+00
1.616477634589210455e+00 2.999516463081188800e-01 2.582297154985690457e-01 2.360389040639303992e+00 2.512589971675601497e+00 3.853195220161164336e+00 3.829879120766520373e+00 2.991379687819632149e+00 2.910266374567991310e+00 6.152154807131917202e+00
2.952225601821657719e+00 5.890378622740938042e+00 2.827976969472210556e+00 3.988742197426687341e-01 4.873744471872731410e+00 2.442845697846714348e+00 5.928751766919283517e-01 4.809874032234913166e-01 2.512550045372603957e+00 3.187731848214540697e+00
1.318380946758948222e-02 1.211598593293482962e+00 2.659821806059153637e+00 1.212890753115207554e+00 3.292912562921984865e+00 3.780536739203592123e-01 2.304095007665917016e+00 6.548978989625134695e+00 6.644062941035284275e+00 1.188340029789805019e+00
4.187313020949483544e+00 3.286830404741976963e+00 2.722499531944139850e+00 2.040454115387960510e+00 4.144214754054986738e-01 5.705430393012016861e-04 1.493529025120534648e+00 3.569369411702607575e+00 3.684192790019335195e+00 3.710634003908129142e+00
5.369165225835074828e+00 5.633132406402792391e-02 7.762843886154952022e-01 3.201955671325233066e+00 7.639304300787252977e-01 2.463536930029847305e+00 4.555350620914207838e+00 4.796375751797475606e-02 1.945405764550534711e+00 3.253642863304490707e+00
7.098109310958193419e+00 4.225226771608165066e+00 6.031417649351030752e-01 8.015964250480066555e-01 2.911497093314900031e+00 2.228304930548753671e+00 4.721934191729788566e+00 1.020600327557076525e+00 6.184803995311386471e-01 1.463898432572287245e+00
2.364761979960587013e+00 1.221039405697315505e+00 4.702265121893132616e+00 2.293667511524532188e+00 7.047909303037543614e-03 4.603815683136183168e+00 4.410017997226343966e-02 5.240793205456375503e-01 6.847278961709111697e-03 6.714259937720780114e-01
1.005349457184020912e+00 2.493829512575557850e+00 1.393527053602673593e+00 3.712723607682348437e+00 2.640740372214670728e+00 4.639343940148689782e+00 2.832061153490204486e+00 3.785271320413897023e+00 1.481753366079374246e+00 3.904593522669891348e-01
5.558221058117431390e+00 7.583867514770091800e-01 4.210406651032296388e+00 8.594576134093206629e-03 1.032199408657594013e-02 3.107771818721682067e+00 1.220980739627801848e+00 7.404931163260899396e-01 1.045285087085706666e+00 3.327189492627748990e+00
1.950704088455808005e+00 2.169598070616461261e+00 6.586814030184077184e-01 1.758391458154643816e+00 7.264611713208072530e+00 1.315454515115322742e+00 5.548277005777659809e+00 2.020683892982650498e+00 2.320428418049727881e+00 2.145576019300914350e+00
7.277521910111132364e+00 4.727714904024467479e+00 2.937028310281700527e+00 1.256664445917029908e-02 -0.000000000000000000e+00 8.624481131428748393e-01 3.003952309828185285e+00 3.877081919656765407e+00 2.446415975296389045e-01 3.024129603755649764e+00
