4.319269231230871697e-01
6.377190945915215403e-01
3.023673958341468460e+00
1.577846582317007806e+00
2.877605080632323897e+00
-3.441964212442096271e-01
2.670821038021062854e+00
1.486216315899014040e+00
1.760088143643005365e+00
6.505555386090027259e-01
1.620670303306405602e+00
3.176782661235135308e+00
2.497197063556284569e+00
3.138158452288770106e-01
1.562995465395837336e+00
1.334414995928386416e+00
1.671891658372062661e+00
1.905809007207166950e+00
1.571295187278784589e+00
2.073894626622712511e+00
2.645480178906787216e+00
1.087039516389667781e+00
1.387960593170276313e+00
9.142311142723203998e-01
2.063523516170894023e+00
3.046606218465019555e+00
-1.442535208891166931e+00
-3.525943727352027213e-01
1.365709483452818285e+00
-8.070567919575439841e-01
-1.076107083636053563e+00
1.542681422082874620e+00
1.764709999800869511e+00
2.221768573983682771e+00
2.214438232454138067e+00
2.139153576029650949e-01
1.394551303257664854e+00
1.435318297994509384e+00
1.067683254755085853e+00
2.209106509964951781e-01
-1.480418425381077319e-01
1.995741206214544983e+00
6.015441619401112883e-01
1.364958116666992849e+00
4.801451299431226394e-01
1.703883113877627364e+00
-8.768998087742545522e-01
5.503287479659743076e-01
8.666720355670527454e-01
-1.168825128563405924e+00
1.481256910522551040e+00
4.189016721537935223e-02
1.270345252095091082e+00
6.541935134250169703e-01
2.254605637063975543e+00
2.512775505877685944e+00
1.817736531069073402e+00
-1.427744087932455885e+00
7.801641561303872541e-01
1.456441902753176532e+00
1.908480055345270765e-01
1.915688678575160342e+00
1.328095718786400203e+00
1.361643641637347857e+00
-1.464370904812740015e+00
-9.604557108499268692e-01
1.826128240495399790e+00
1.025588219510302102e+00
-9.374522640560277731e-01
1.547877891727572397e+00
1.859498168423103781e+00
1.859478783720108330e+00
1.004577438391047739e+00
1.108026636363889095e+00
7.160785290013231830e-01
1.630768867384847720e+00
-1.442559189156227495e+00
9.683138804415686307e-01
-5.079470764328967158e-01
2.317783208045405718e+00
1.403685910897967126e+00
