-4.066046616673845149e-01
-1.568208252866354624e-01
2.494181523870367290e+00
8.813023318307815490e-01
2.275922313969330979e+00
-1.354832814371369043e+00
2.067184640010352847e+00
7.746229056715642214e-01
1.081360120849064188e+00
-1.414491575281475177e-01
9.207158771514515339e-01
2.644460799649422267e+00
1.895791976883560492e+00
-5.342145908861858361e-01
8.593925960060052605e-01
6.044953333817496555e-01
9.868590078522366804e-01
1.223476798147973499e+00
8.871211848623115070e-01
1.409272262330637515e+00
2.044790087809091883e+00
3.431508555204452193e-01
6.807863602329919939e-01
1.405437476391643015e-01
1.408491056011900611e+00
2.489567919046505651e+00
-3.289445821592388963e+00
-1.380939443377994680e+00
6.515823399647354686e-01
-2.036459068329646183e+00
-2.562614390602529824e+00
8.442743115062480985e-01
1.082074414499810455e+00
1.591264658323457093e+00
1.564440421659741398e+00
-6.620383234499750413e-01
6.815376966005647352e-01
7.291557450679276853e-01
3.350468950650268285e-01
-6.391101921737962765e-01
-1.101539926100812306e+00
1.352477921657342153e+00
-2.257152871987393450e-01
6.784809374740461418e-01
-3.654138109284827407e-01
1.008678184746711670e+00
-2.211897949970908606e+00
-2.756551941868578548e-01
1.270969202913357354e-01
-2.652670747283444985e+00
7.589143571276201206e-01
-8.979004179524705531e-01
5.365735678570494605e-01
-1.358779208794620164e-01
1.629004869898954100e+00
1.900467170550832030e+00
1.144106631821664388e+00
-3.205203290444786024e+00
4.179742544753265593e-02
7.297441749808633027e-01
-6.938168989418663779e-01
1.240497169389011445e+00
6.006824899081301128e-01
6.372028640626918872e-01
-3.180344940373527773e+00
-2.260611058711416099e+00
1.156613984256975147e+00
2.939821040898121796e-01
-2.296133759110209116e+00
8.554398880026384822e-01
1.177352088112006756e+00
1.180374261013010795e+00
2.718806412260619254e-01
3.815615607294803868e-01
-7.825402528299686689e-02
9.421069083530682065e-01
-3.365750109453375938e+00
2.058404415395783948e-01
-1.645788397231243261e+00
1.684200212544848529e+00
6.868752722384601217e-01
