1.516272859615062529e+00
2.265805078701596642e+00
4.265408349287325152e+00
8.758875763755109567e-01
3.548643361748722747e+00
3.263309535599197453e+00
4.464870665457203458e+00
4.410545774907120631e+00
2.490300475698901117e+00
2.880454095180811080e+00
-1.434693131288876655e-01
1.911131306954033215e+00
2.958377468563877066e+00
3.436652374893324424e+00
3.795346544007121903e+00
5.349220565767360061e-03
6.829994810022205876e+00
3.003420721710478247e+00
2.295790841984684416e+00
3.422585938340195533e+00
3.625116917817805096e+00
1.118155152256806506e+00
2.623409599023030392e+00
7.550077008027894498e-02
1.102025424707503198e+00
3.593154030054426240e+00
1.397529494052058008e-01
1.939886331480450643e+00
2.764244702090480565e+00
1.672448226555260931e+00
4.728134660574265347e+00
-4.669546855466599755e-01
3.672684834697923062e+00
1.188481597922201649e+00
3.804104133900839013e+00
3.627322493770793965e+00
4.260877411695366490e+00
3.806922389032648457e+00
6.808726645761457696e+00
1.475992225687622783e+00
3.774837349310559809e+00
1.288016302620071662e-01
6.899093351292283849e+00
3.775767128970231479e+00
1.695142903421421154e+00
3.421624467029462657e+00
3.572698770445207561e+00
5.216261267500129861e+00
3.867292122893825623e-01
3.608608254624610989e+00
6.447228726977820124e+00
7.073213206121247154e+00
-3.930462875393724298e-01
3.865537607135446141e+00
3.364393106411261769e+00
5.561264947300727179e+00
4.037135495420784537e+00
3.212256113840505023e+00
6.387722835983597136e+00
2.208097016747362140e+00
6.592787091245968512e+00
6.349885623783602107e-01
3.602317999182807373e+00
-6.564839566623441314e-02
2.185704382304443083e+00
4.723023334899295378e+00
-6.641758268587230063e-01
3.882992715513172044e+00
1.732083299122815667e+00
7.173493700453950517e+00
4.220798251578265159e+00
1.075613876728218621e+00
2.005142805381247673e+00
6.391761441189656168e+00
2.138409068502979959e+00
-2.360573257858768204e-02
3.250703863945853200e+00
1.746674805188932700e+00
5.334164754945799336e-01
2.543654885139643440e+00
3.465724861657531797e+00
3.973794552617819331e+00
6.077124890306642158e-01
-5.899103449760214612e-01
7.065483757691743527e+00
1.525726651508868548e+00
3.657943626732637288e+00
2.778619394703033763e+00
2.734926060106923185e+00
5.238604101112448674e+00
6.323347226437515900e+00
4.715169831948141876e+00
-4.799150639302448562e-01
4.088324174837779879e+00
3.718738448101178928e+00
-9.011297742705164371e-01
-2.296674858411332121e+00
2.332845165402728516e-01
1.065032192984393111e+00
2.916893069286095042e+00
4.226287533305195687e+00
4.433997654405700928e+00
5.835371499117602667e+00
1.911901909534210242e+00
6.887172895593898225e+00
3.920567281365182399e+00
3.478188428793226095e+00
3.384229546133767919e+00
6.482576114329964279e-01
6.411933595100341776e+00
3.573369509289165524e+00
2.177310777370196515e+00
2.183005016464754977e+00
6.911427950846154467e+00
5.465502890882912190e+00
4.774040100467279224e+00
1.490835462351015606e+00
2.790165290462296444e+00
2.857498795707302364e+00
1.032431990626338170e+00
3.631341985108071047e+00
6.813434531446155518e+00
3.952342926977620685e+00
3.725122425778023771e+00
6.255405844742870092e-02
3.843321300675170082e+00
7.115287159911717896e-02
3.542505182526690888e+00
3.241891221064329809e+00
3.074157528530818140e-01
3.492424488090138723e+00
1.713329706821621889e-01
1.816534999400999162e+00
1.673249052822228577e+00
2.047718039420696190e+00
2.947448737666489738e+00
5.104291500315235375e+00
-1.246605784468400174e-01
-1.134503847344833671e+00
7.151520421941400585e+00
3.661458202670598183e+00
2.315489204309280069e+00
3.189006798118811492e+00
1.279230943913629126e+00
3.506683558340177864e+00
1.976680269103223253e+00
6.670343618025886379e+00
6.679772732872806706e+00
-3.545838766080712912e+00
1.875707433269109492e+00
3.385368986386617873e+00
-3.143734621194612111e-01
6.644724617389742072e+00
3.443684357687764042e+00
3.937569905564181294e+00
5.934508880710782641e+00
4.216483584076882174e+00
6.922892913975902118e+00
-1.666994994622058857e-01
4.186929003997569509e+00
1.591484875122150422e+00
-1.542734585580690432e+00
2.597601919027004769e+00
9.205567398724964212e-01
5.135868324893864134e-01
-9.209563523517653172e-01
1.318155500150444359e+00
2.877188602624136671e+00
1.575837389061907068e+00
7.379718134052110301e+00
2.136079925676080737e+00
4.004499698828301035e+00
3.119497519113818118e+00
3.996362680610829137e-04
3.418891896230075389e+00
3.352542550787471765e+00
3.160324302678283459e+00
5.544728558129848217e+00
8.634840264912525543e-01
3.588733990469008539e+00
2.271379231463683812e+00
9.402611474951656778e-02
1.110876266732248041e+00
3.625227828919303175e+00
1.107005910948528404e+00
1.208933263866244889e+00
3.207431014593779217e+00
4.090662015110005378e-01
4.422827308066021423e+00
7.117515843300991740e+00
2.536683539082414285e+00
2.656595941611955780e+00
2.822285026413262177e+00
2.096674635016647414e+00
2.843242732156880503e+00
3.538536274591972841e+00
3.948216752154445341e+00
3.698457436731201309e+00
3.164113355425021368e+00
2.173383688889297671e-01
6.003409205688825523e-01
6.884795082245667608e+00
2.492266437004608259e-01
6.138564165760407310e-01
1.358711462042717200e+00
3.060120321711898406e+00
1.739527478586926579e+00
1.219468006941452964e+00
7.059911697000613717e-01
6.391292167571835492e+00
-2.232198034035021705e-01
7.110394610105136515e+00
1.988119730352352121e+00
3.864381268694889293e+00
2.645346468599187428e+00
-9.213258360815090864e-01
6.391181880194438669e+00
