9.183982961871763884e-01
1.455533620006280060e+00
3.686517963140844234e+00
6.780985777774010126e-01
2.809145978126823540e+00
1.500905666653381099e+00
4.742933636541245335e+00
2.420239166904547545e+00
1.426349715311807431e+00
2.207205182844067082e+00
-3.509349082312247792e-02
1.354885629226337596e+00
1.858276243377179338e+00
3.074461932398699915e+00
3.381953615111089384e+00
-1.132874214548211522e-02
5.244752100030831699e+00
1.916755828046679211e+00
1.592719156621423604e+00
2.605059083867382608e+00
3.163922292280713311e+00
8.514578605529701250e-01
2.061065594197672102e+00
3.845044852485769021e-02
6.555367982990853992e-01
3.389010919983281855e+00
9.304156499462436225e-02
1.428478047618118918e+00
2.019918219326473530e+00
1.241160451905015671e+00
3.030465014736154927e+00
-2.903109999866828606e-01
3.205665069492977359e+00
6.890649946853539820e-01
3.609111375360110063e+00
3.065310972470211670e+00
4.385179413715902363e+00
3.489549228088283161e+00
4.658118603018436055e+00
9.744783439931136160e-01
3.564811920098775122e+00
-1.008829090043885518e-01
6.278061705948386972e+00
3.718306748200675749e+00
8.399369132642524605e-01
1.749543624526713748e+00
3.361607015367812590e+00
3.379470158118568879e+00
2.663705401462004296e-01
3.945213970981215734e+00
2.772594981529038716e+00
6.824287017261284838e+00
-2.666963902207531434e-01
3.764952546670175870e+00
2.860224946542544888e+00
2.023427467272686187e+00
3.146411861572908197e+00
2.280595768454178440e+00
5.689222316658687717e+00
1.418580543288464391e+00
4.011850944131343688e+00
5.434303206660088259e-01
3.408570107324919718e+00
-1.323872700711516137e-01
1.424488003636788180e+00
1.812470140537146168e+00
-3.869042649609176210e-01
3.074341740827690295e+00
9.690789897009062237e-01
7.330773568978694144e+00
4.297697160860616705e+00
7.534163676606450144e-01
1.465598385913967627e+00
3.223033959467373588e+00
1.221261151401979328e+00
3.305597860783596187e-02
2.688654764551036358e+00
9.390716771059332002e-01
4.138781405769587640e-01
1.828871599235815548e+00
3.578454126437010885e+00
3.738383931749881040e+00
4.034222968738490067e-01
-5.294649262528546840e-01
6.755832672925080828e+00
9.240416938492989063e-01
2.993236077657891236e+00
2.206635407570650464e+00
2.014710335164138222e+00
1.919064365079265810e+00
4.122227136863676478e+00
2.629794335004065342e+00
-1.997914518693053587e-01
4.046714544951566239e+00
3.261402435223388352e+00
-8.999133263505535441e-01
-1.563032222312871200e+00
3.814178357558727916e-01
7.845143001691990969e-01
1.746753073297567127e+00
4.357559463703284841e+00
4.681822799865301477e+00
2.111754077267781415e+00
9.661224220030703025e-01
3.723475419824360255e+00
3.305822859928214896e+00
2.942184448678625497e+00
2.645345946323899078e+00
3.818137353981632121e-01
4.474361273515429893e+00
3.170582048989957880e+00
1.663808032018591065e+00
1.392463418204049841e+00
3.678610640209458271e+00
2.988938288900307327e+00
4.027056445714707777e+00
8.198958799343103454e-01
1.446632942345869255e+00
1.917506873009958257e+00
6.927584829993093107e-01
2.936289901261947222e+00
5.654519866594436728e+00
3.871200212566835663e+00
3.165248522657754027e+00
1.409165908826426339e-01
2.385303020453345635e+00
9.645139157040441558e-02
2.042197965004749705e+00
2.510803998376781365e+00
1.149281928649499712e-01
2.847150906548396865e+00
1.155710349957041055e-01
9.747110426294326446e-01
1.068502916427682470e+00
1.732873202469429330e+00
2.239485506633114742e+00
4.939667171110530219e+00
-1.567837833262311353e-01
-6.690763134360200315e-01
5.131716863366147408e+00
1.798020088413742723e+00
1.553600791460380881e+00
2.367306442151217549e+00
8.725297242621022908e-01
3.009821377155767141e+00
1.053815012797656436e+00
6.236741609164775824e+00
4.069896157167243622e+00
-2.683694571302301934e+00
1.172392263963878634e+00
2.748885862560778381e+00
-2.314504170266963867e-01
4.717655501850410715e+00
2.467154432955958487e+00
4.185373648789049383e+00
3.475678953805481530e+00
4.149083183591693036e+00
4.589386191805422399e+00
1.004578216818382240e-02
4.246088767968727140e+00
8.697032249305647333e-01
-9.523248848482940287e-01
1.827272834170574844e+00
8.224968115512724109e-01
4.418729639381956953e-01
-5.892369874579446165e-01
1.029280074780432486e+00
1.991267480550851010e+00
9.099477580169604840e-01
6.356807126814571163e+00
1.658693547188576645e+00
3.736497373069107120e+00
2.231199087327026653e+00
4.517733073085739709e-02
2.979175758894280879e+00
2.380760318569148382e+00
1.964015378195738348e+00
1.968148044931379959e+00
6.804827842699799900e-01
2.899729228382905699e+00
1.314170991114367082e+00
8.624514059602553240e-02
7.480210809136954575e-01
3.503163431973172148e+00
6.567301446637902052e-01
1.045687634363763774e+00
2.479364020506387156e+00
2.300160222240056063e-01
2.041935843335956680e+00
7.177488738677223701e+00
1.862026200935645193e+00
1.822942850881162480e+00
1.987621863808941569e+00
1.568597851142852218e+00
2.129102083644250687e+00
3.312238410397928323e+00
3.916894236444485422e+00
3.729094150925252205e+00
2.356217205524570701e+00
6.635355453587291064e-02
4.157272471732578745e-01
6.700676728667557036e+00
8.832531405245235001e-02
4.896531244948509332e-01
7.604015591643041860e-01
1.873523456784098595e+00
1.121465410405010799e+00
7.957857761886699688e-01
2.539409811753212676e-01
5.989944624422934183e+00
-1.497181783011979073e-01
5.222436544230175670e+00
1.292836080228380480e+00
3.957387739167423479e+00
1.907040447708779451e+00
-6.064177525471147190e-01
4.307884300694144741e+00
