1.024699199202953492e+00
1.574316205195799512e+00
3.974547692081494610e+00
7.048414581899199449e-01
3.264299916597788620e+00
1.710632889252445166e+00
4.699011315474931116e+00
2.825764382743775283e+00
1.604168754448441758e+00
2.312605309351183802e+00
-9.797793330749871021e-02
1.475817206926850256e+00
2.134972816613799118e+00
3.176554495695098179e+00
3.716333247126985206e+00
-8.910653355105798215e-03
6.373361861211101598e+00
2.142243022525063711e+00
1.697432407285499600e+00
2.866496173728437125e+00
3.346047191329641901e+00
8.730836043734886420e-01
2.159832971137557678e+00
4.428662923830682663e-02
7.571688708028826431e-01
3.493955737057966360e+00
1.009795154282619595e-01
1.493008293335071013e+00
2.187570123499658070e+00
1.294327633632508023e+00
3.522345595293549625e+00
-3.332920386979064675e-01
3.403785670370065297e+00
7.656292643687830912e-01
3.730242182589658562e+00
3.276815150674095012e+00
4.384921650546651506e+00
3.623761910083048932e+00
6.219990313693049444e+00
1.023857479969726869e+00
3.635238568306952356e+00
-6.471477822005462788e-02
6.705740135898185628e+00
3.780031872050721109e+00
9.609079181852777651e-01
1.918106006878286696e+00
3.439045364630630264e+00
4.511017532360860116e+00
2.847161350102702659e-01
3.874770082239560320e+00
3.531266989610887919e+00
7.056020005221824043e+00
-2.795021737223125080e-01
3.839634791571638228e+00
3.019435391597579343e+00
2.401067310905875996e+00
3.376370470271122581e+00
2.590669602517495118e+00
6.228939758764648893e+00
1.564872646996152250e+00
5.601924211121238173e+00
5.390685493351317081e-01
3.517500670838692667e+00
-8.478994938341295751e-02
1.596993020231547433e+00
2.192368433257409599e+00
-4.214337047026514016e-01
3.484152474783986708e+00
1.087779286637647669e+00
7.325724477955063207e+00
4.299295893992639783e+00
7.853220102407544312e-01
1.521351224390046664e+00
4.678288328747522762e+00
1.321015336584843824e+00
2.587800801767722175e-02
2.796377460237569057e+00
1.053543814580840898e+00
4.209183359586173290e-01
1.974139553586843343e+00
3.558644271252002333e+00
3.963427967851231859e+00
4.291626676628997883e-01
-5.394032935906356574e-01
7.045913535174736175e+00
1.005309070417918837e+00
3.277384356650977271e+00
2.288838654416473162e+00
2.246830352757330118e+00
2.187795050200227021e+00
5.755497532539256333e+00
2.991491313556954079e+00
-2.582252895222630906e-01
4.099133845100713991e+00
3.407009544899098685e+00
-8.962149966629769926e-01
-1.719870981591493875e+00
3.312440786130350090e-01
8.578308316605832706e-01
1.913608866742738446e+00
4.363847328001939196e+00
4.638892527085418216e+00
2.583476738146937457e+00
1.092280275707509407e+00
5.918092082360036699e+00
3.736703136000430359e+00
3.118279528579815718e+00
2.863986248013670188e+00
4.223196474544116397e-01
5.633315033776858272e+00
3.260040723238558869e+00
1.740321081676512227e+00
1.521277800112587730e+00
5.786927261671982237e+00
3.428960909326470574e+00
4.490924144214262448e+00
9.270160598791384876e-01
1.604657023586270936e+00
2.097151861004015849e+00
7.815259320776991592e-01
3.200330200704099237e+00
6.394964410956395895e+00
3.976813509908751154e+00
3.391129007937942141e+00
1.220043277168513240e-01
2.855628576514357420e+00
9.939094551206391348e-02
2.368007929097588171e+00
2.757916744183411151e+00
1.522148474436192667e-01
3.064227665397702527e+00
1.264005482061253127e-01
1.108210175841435330e+00
1.165015644193800881e+00
1.788882869121589447e+00
2.417796211085982971e+00
5.091908332527053993e+00
-1.515051096888955229e-01
-7.541505993723467416e-01
6.607528948441834693e+00
2.020088570082918533e+00
1.660008998572678030e+00
2.596983706819421478e+00
9.458752189560005741e-01
3.263073407635337819e+00
1.190135770589086706e+00
6.404292849201079996e+00
5.808644944996783188e+00
-3.078293187592517022e+00
1.263698680665664487e+00
3.046162717925191554e+00
-2.353651269379142819e-01
5.718288776388500416e+00
2.717027773243997579e+00
4.133461610932551267e+00
4.694849534622270504e+00
4.230934072562352100e+00
6.132087681553850089e+00
-3.901120676086854838e-02
4.275546281484550626e+00
9.733471352849247804e-01
-1.031286441949400556e+00
1.938560229868330431e+00
8.017230540666451244e-01
4.387804402686474314e-01
-6.676379968153570710e-01
1.069373434644736109e+00
2.146820220201958396e+00
1.007216886896302288e+00
7.153986887085340030e+00
1.741808994665645871e+00
3.902711685212465476e+00
2.441300361666177476e+00
3.900614328895644911e-02
3.153515064473824125e+00
2.789910652444509864e+00
2.312566458681343917e+00
2.299971352906276856e+00
6.847271525611409171e-01
3.117818706912981241e+00
1.466713053974138425e+00
8.723680864109249755e-02
7.929436435545568207e-01
3.553839530344674813e+00
7.565576117924021071e-01
1.064256107971195409e+00
2.669800141874338006e+00
2.619901181192468287e-01
2.282986299751617487e+00
7.208055726724888146e+00
1.948171686918584333e+00
2.007784487715324140e+00
2.145191697459809976e+00
1.620143680000412756e+00
2.336137633724501672e+00
3.437668433780840971e+00
3.983265928591173566e+00
3.782100045794493326e+00
2.691978005681908481e+00
1.024241932962748347e-01
4.341985625548437921e-01
6.836507851371753652e+00
1.011861684793405047e-01
4.989383515806272151e-01
8.487597562296452791e-01
2.159441794060792397e+00
1.201152351715711442e+00
8.507346131252101484e-01
3.319366990554602492e-01
6.330363750020910452e+00
-1.602934938397613529e-01
6.656473673548181758e+00
1.391010606771901470e+00
3.976626754858563206e+00
2.023838940657350260e+00
-6.529264103623044768e-01
5.636352054448776627e+00
