2.511594294670299821e+00 1.096189375534402377e-01 3.327468015670743462e+00 3.703780983306764085e+00 3.800509494622898110e+00
6.226546255155999354e+00 1.524726511208664759e+00 1.139488638026183054e+00 2.668928724492493298e+00 1.110650796938122742e+00
3.105967126926150623e+00 4.012859213726991392e+00 1.503227767791195241e-02 3.151638937017835040e+00 5.446390392791244039e+00
2.661350343828702059e+00 4.622910251403411941e+00 1.693577121785325712e+00 4.686386584197577143e+00 7.114809434761774076e-01
2.603862056037657080e+00 4.418638228820724656e+00 1.998753137632345966e+00 3.048365625429669268e-01 6.411818530955545548e+00
3.994992008049424115e+00 6.348902183919369335e-01 4.689165022181073894e+00 2.092150321303170468e+00 8.233305536781216905e-01
3.281275335525527304e+00 2.978474086788822639e+00 1.000922925881806286e-01 2.788170909105396778e+00 6.209619616260004804e+00
4.559589291514523079e-01 2.361707316769175335e+00 2.387671963206356551e+00 4.615700566428859730e+00 4.640080444014058614e+00
1.009953492617836401e+00 3.907970798491333664e+00 1.022790437190260970e+00 5.917783238269019641e+00 2.942700151492584570e+00
3.680636659539728406e+00 1.230938473574944680e+00 1.786861429497105913e+00 5.012857357499205690e+00 1.834089176417967426e+00
8.008275260516543037e-01 4.539709279084291005e+00 2.665321169395287182e+00 1.410099348187282109e+00 4.567898935737773058e+00
2.761750682158708337e+00 3.953491360101447860e+00 1.355619464525910534e+00 9.826305121819931543e-01 7.085322107544147485e+00
3.510361704133487581e+00 4.396318303151430129e+00 6.688290005895463075e-01 8.495662501121512555e-01 5.348740178983875104e+00
4.438398621526314258e+00 1.100224229690272004e+00 2.826587794814345411e+00 3.576176476903253576e+00 9.126125200052697117e-01
1.340594599922380503e+00 2.492194853302983848e+00 1.276886754085073905e+00 5.018280203731010580e+00 4.221898270400679998e+00
1.292670694441920620e+00 1.580871615247268380e+00 2.210850177699928309e+00 5.126250678005669137e+00 4.420984173585811305e+00
2.336944481514482863e+00 6.190731136269281620e+00 1.279959326836430655e+00 2.079884083828713592e+00 1.440238189523569412e+00
1.251963593221839588e+00 3.631594836346826227e+00 1.707230515980597829e+00 4.609490314130824551e+00 3.873066106308056700e+00
1.232790294242875229e+00 5.969282929576994690e+00 8.986709066037913418e-01 5.308744057106997261e+00 1.778810119336003692e-01
3.381216648294900651e+00 5.551265362089890409e+00 4.453116488716808985e-01 5.279143770225955379e+00 2.045286362944610525e-01
1.363612645619229014e+00 5.128172886915237427e+00 1.607059705081882672e+00 2.790408842050798643e+00 4.809801611648412134e+00
1.171765060519454282e+00 4.606905675425667646e+00 2.666217104828056073e+00 3.030225158542437125e+00 1.827473222062741209e+00
2.887362790939061452e-01 3.114494955113156660e+00 1.442494193833682825e+00 5.314268776675305617e+00 3.989914796965021715e+00
2.028064976244180251e+00 1.253819075289760443e+00 1.472042556790225110e+00 5.353018179731403592e+00 3.759259566469135727e+00
3.079804050832935403e+00 5.597682998870994631e+00 1.733730225140445613e+00 2.075129056344002521e-01 3.390547445860990994e+00
1.919035880263122218e+00 4.671050124877974774e+00 4.805888787596748757e-01 2.546503687888219236e+00 6.197264032717397342e+00
1.282946510540266816e-01 6.591064521988045932e-01 5.557517671177396146e+00 3.833652963930544555e+00 6.159513587266554104e-03
1.443532535099895320e+00 5.637040947191629403e-01 4.491859016485907574e+00 3.971990848791753237e+00 1.918116041008107286e+00
3.956954225238028311e+00 2.633611173674233807e+00 3.384194490126205324e+00 9.988536547378062957e-01 3.394051515705741373e+00
4.061020355721622899e+00 8.243035191318048849e-01 4.577575550268393911e+00 1.830042486161572945e+00 4.229953505019414667e-02
2.921536243645489250e+00 1.691447574099277651e-01 6.079066783203711744e+00 1.836065251230732720e+00 5.275689326541197488e-01
9.184177231504756511e-01 4.839078374659847803e+00 3.742325845123306127e+00 1.431487666863181726e-02 4.288366264369717129e+00
2.850874138787047762e+00 3.506447353544220213e+00 2.096419193294781991e+00 6.008260967080120141e-01 5.143479918709592091e+00
2.517246414901932461e+00 2.863699373609971843e+00 8.301499200894405517e-01 3.021282377489364901e+00 5.712041842227175259e+00
2.032715649375062217e+00 4.817803156723832636e+00 8.743548479271040508e-01 2.207662277786002658e+00 4.771818041717382108e+00
4.336059796284904344e+00 1.536354479953663033e+00 3.604655822834714751e+00 2.839394270382600283e+00 7.699549138903688528e-01
1.894084215461673049e+00 6.243112203847033470e+00 5.674794993118724429e-02 4.543632455534680759e+00 3.656714976468858347e-02
1.100504053127077553e+00 4.721793855944827811e+00 3.876849220474440028e+00 5.266989734602836593e-02 4.023135880469103753e+00
5.922967577532092243e+00 2.358326407960570581e+00 1.316174033138649113e+00 1.611704147091622685e+00 2.227385263326610687e+00
4.237113457913372017e+00 1.493676803602337566e+00 3.927444663848774109e+00 2.426216899429100682e+00 9.700085178323909485e-01
3.278922982211017079e+00 9.761383571756258870e-03 1.874676624941228331e+00 5.084677001443790978e+00 1.831666542287280208e+00
2.788338469163598177e+00 3.474397421049749468e+00 1.650362523620006128e+00 1.107804559823039492e+00 5.467407982661079302e+00
3.633753384200006931e+00 5.027854128291600055e-01 4.217287685181001500e+00 2.188380907097582817e+00 3.334760735097681117e+00
7.323720440195118364e+00 1.963517008256683294e+00 1.472586967199226438e-01 2.060397347412699531e+00 2.321679082035408737e+00
9.341810474562457500e-01 4.890765000431911425e+00 4.340039074729201474e+00 2.265297411938827499e-01 1.629928993616204691e+00
2.261455916320388226e+00 5.406552379324438995e+00 2.325532633259240978e+00 2.158429610985893810e+00 1.928057029207791651e+00
2.566300410875589133e+00 3.193433310426140315e-01 5.182319221296432410e+00 3.163854319663339965e+00 6.833493372856522807e-01
9.858491044093316003e-01 4.460813906712292720e+00 4.256987247971132149e+00 1.044060878794661473e+00 1.612365194144216307e+00
6.664579343830895120e+00 1.623871782895400795e+00 1.545913446913947498e+00 2.317317201029849283e+00 1.107358522235964982e+00
3.957071152599580088e+00 2.491828501743093699e-02 5.043122524419463737e+00 1.369933891135003412e+00 3.893688215849444578e-01
1.495196495878575282e+00 1.981890540874767348e+00 3.127878747110792279e+00 4.162489829916532713e+00 4.323271228405936917e+00
2.985035248880233638e+00 2.982852833379238677e-01 4.852216684685129344e+00 2.170243325778844046e+00 2.708322634876620949e+00
3.650857277449261140e+00 2.051794307229357628e+00 1.492217942387799479e+00 4.685158801025965047e+00 2.474351742653311703e+00
2.106152409194383124e-01 1.480235012129540673e+00 3.114524466650165024e+00 4.572565275785938077e+00 4.080607822756772585e+00
2.876591959302760237e+00 2.262573687903513875e+00 7.611204655221596171e-01 3.454388404080502628e+00 5.877877109268210276e+00
3.946964659319825763e+00 3.557988096815972945e+00 4.914650275226422060e-01 2.394318130871345485e+00 4.905236687182990885e+00
8.537770210702234630e-01 4.665083494183670965e+00 1.400966183136347798e+00 5.413786372984387363e+00 2.254097696454468114e+00
1.509516968065724551e+00 3.194339509193686033e-02 6.189875604993401836e+00 1.898409029911100721e+00 6.951909007123139306e-01
7.187044779155240093e+00 2.055386095539800895e+00 3.792829126116113725e-02 2.025231570894155730e+00 1.048682803164559862e+00
1.560974193227959717e+00 5.634880039075265579e+00 3.579017592964669703e+00 8.179056061242302444e-01 2.106326186777412346e+00
3.035007243089440365e+00 1.084824491672103486e+00 2.489727641232529542e+00 4.787243951387526231e+00 1.507521487057680964e+00
1.288260969125934352e+00 6.750007286703626264e+00 1.754077105651461466e+00 9.731060508545837928e-01 2.987641908660411794e+00
2.524802678845401993e-01 4.511801737933246237e+00 4.173336563419165479e+00 4.340574187004774820e-01 4.167910952838330907e+00
5.991242775567645396e+00 2.200399288166398737e+00 2.127908661376797461e+00 5.492974812591560480e-02 3.487637227176414001e+00
1.301551585804169298e+00 5.203037713999153491e-01 5.170571051628598092e+00 2.874620910149210840e+00 8.084779106823543338e-03
3.816518327266218868e+00 1.008356918978353389e-01 5.245579330203558932e+00 1.751757021205673004e+00 4.528527318085771025e-01
1.969166227372066924e+00 3.088239674773696652e+00 4.762680678056936956e-01 5.641628035364429472e+00 3.536623716138514784e+00
7.364597823225080830e+00 1.501627937393426260e+00 1.619483409827569886e+00 2.042891775981728664e+00 1.286883878574501816e+00
1.416379525759225100e+00 1.829931679649064113e+00 5.703275170960421470e+00 1.938315005631628951e+00 2.737633563038129880e-01
1.725640857514324056e+00 6.108534822136908460e+00 1.541684365317846028e+00 3.301398847658183033e+00 9.694966041628683140e-01
2.949819907370311967e+00 6.019206874471706215e+00 2.409330856868340920e+00 6.565878710904126114e-01 2.008120345756680081e+00
1.716506207799463946e+00 2.691371506380699774e+00 2.006018113076173837e+00 2.180834700189114628e+00 6.254882631684401062e+00
7.264242828133084195e+00 2.273860482894247692e+00 2.334612022233127082e-01 1.819665107269951898e+00 1.336473332638962397e+00
3.710332075320418088e+00 3.984786814401432231e+00 3.698341630967150184e+00 2.386681051781737797e-02 2.125864536425722928e+00
6.856467770204021858e-03 5.249947729163633170e+00 3.948535185949955117e+00 2.374046519657874388e+00 8.611655990835382912e-01
3.594878869747555883e-02 5.679480032081296592e+00 2.087919773991119055e+00 1.969178502132023834e+00 3.800434209514504502e+00
2.397566244609629360e-02 4.009762592406033131e-03 5.716264798250119128e+00 2.684537750000690171e+00 1.783808971431326329e+00
2.634485498854609364e+00 1.322324229866206569e+00 1.511582513476359191e+00 5.421741701544199543e+00 3.017112245362205236e+00
8.730705298514551682e-01 2.817393396482942070e+00 6.025696230714842727e+00 2.078987962788351324e-02 1.651048683014925134e+00
2.960205277851948757e+00 4.859976085619988062e+00 4.442773905483981406e-02 4.479120881075922433e+00 2.505411300956351894e+00
2.077482633005635293e+00 3.989201331847441523e+00 4.529306441277072715e+00 4.858635122959386460e-02 3.705311499162210254e+00
