3.091567648346589259e-01 -0.000000000000000000e+00 1.825447044720627243e-01 6.732904462118947109e-01 1.680409799014624950e-01 3.003919984294526890e-01 2.985910214383019068e-01 3.052098151686772898e-01 1.842829581047800425e-01 2.881606132221470884e-01
4.117364732446102682e-01 3.073974991970088722e-01 4.665894054496714793e-01 3.935471475605840097e-01 3.651113708391892643e-01 2.330358148468970325e-01 2.631114361397700052e-01 9.599766242991088216e-02 1.327151127620161408e-01 2.823585294694704872e-01
2.780823387738928093e-02 3.291706081166174136e-01 2.003550893127766241e-01 2.733045703125516757e-01 1.339754667153673084e-01 1.793072823519930095e-02 4.826022813798041544e-01 2.250420214486170967e-01 4.525033577402040041e-01 5.190922500288576158e-01
2.494172354470610697e-01 4.798750681917683669e-02 3.701302147222731431e-01 3.385791028441061945e-01 3.742526248743260897e-01 2.772612190497626972e-01 2.462368696513219934e-01 6.365545620810102445e-01 3.290805102154370498e-02 -0.000000000000000000e+00
2.560932707801357247e-02 1.586829934859771973e-01 3.810179873902974634e-01 5.443076428039463760e-02 5.337110856982851814e-01 5.309897770792774141e-01 3.838341317853130596e-01 1.488011252100241311e-03 1.184102833328661009e-02 3.343018455184410542e-01
1.194146278657890747e-01 1.819557567753423422e-01 3.253075925672944679e-01 2.104480030580265226e-01 8.381874931565252984e-03 2.806692739666143965e-01 4.185936003272289208e-01 9.576735387591694265e-03 3.900486182266392834e-03 7.405037679786503624e-01
1.069290187502621170e-01 1.782178023553193102e-01 -0.000000000000000000e+00 1.624436393691403857e-01 1.220939193989645059e-02 6.490113058769840793e-01 2.361036823582481625e-01 1.664801775083633306e-01 1.564948162415378541e-01 6.333251089738598516e-01
2.198546366894708060e-01 1.940844709920978850e-01 3.235761604684455062e-01 4.091004471802409115e-01 4.787585208015063820e-01 2.104280969683011704e-01 9.352343194731155621e-03 3.407100350440773195e-01 4.256219710215401464e-01 2.666756224072755477e-01
2.549821071498924452e-01 5.366180596188373231e-02 2.501009615386514673e-01 4.565167614314871170e-01 1.327968372731510027e-01 6.128126308420381863e-01 3.507393225111619106e-01 6.826364031307401159e-02 1.366615816626402802e-01 3.487374167301965922e-01
1.849935910884369927e-01 3.400776534412738861e-02 4.691165559770590354e-01 -0.000000000000000000e+00 6.544973808240314161e-01 2.483639189034958228e-01 1.261454655928445912e-01 3.573995326613110257e-01 1.999654004586031986e-01 2.662062668784820896e-01
8.677128311355478824e-03 4.380088397761874863e-01 5.665882394686125867e-01 4.688403213556535110e-01 1.779328853416050071e-01 4.549397659279139257e-03 2.108751173638990714e-02 1.330594234417707411e-01 4.005838718317401570e-01 2.386246912926745234e-01
2.199567830533862844e-01 1.123859551811711988e-01 5.901758459961307102e-01 5.467680119533803798e-03 3.740260898783324683e-01 2.951464031114814368e-01 1.820529713486850609e-01 1.282053428822144125e-01 1.941336224271544841e-01 5.257150493254338919e-01
6.541855819347339174e-02 1.740672015389466976e-01 3.359795686797631409e-01 1.420290482795753470e-02 4.806523417564260992e-03 5.215499243755040704e-01 3.465242002432741275e-01 2.790683859876554474e-03 2.117906729026620416e-01 6.444823533921071324e-01
5.153362926680908965e-03 3.917727390234278517e-01 1.172319875040091774e-01 6.636106992825232531e-01 2.481515286662711040e-01 1.819310324896027380e-03 2.962259311966597072e-02 3.500576912761390602e-01 1.523715325881656313e-01 4.291242296291382097e-01
2.962144478030048073e-02 4.371517780795719510e-01 3.714059325855712662e-02 5.918335793636860798e-01 1.283503886987859555e-01 4.778445252305200119e-01 1.029376054792194017e-01 2.533830675664366233e-02 4.204808549226418113e-01 1.533719050592081690e-01
3.367659132024081181e-01 7.129993363823042274e-02 5.615116116946631264e-01 4.857455793353686602e-01 4.182873258586516929e-01 1.533165384867652692e-01 6.449770094310222635e-02 5.234942365056725888e-02 2.641637790006781672e-01 2.347505390609009590e-01
4.077457212221197169e-01 2.753429555547606267e-01 1.724080018798348768e-01 2.696092302366370763e-01 3.945918284360963035e-01 5.935214772594067656e-02 2.790361461738699589e-01 2.578402725791126282e-01 3.009030418207684354e-01 5.112780274860073693e-01
8.924670916906672982e-03 2.390148744645187173e-01 4.613756846329973293e-01 4.053499652181976297e-03 1.780596100815534100e-01 3.385821983107141220e-01 3.236079194078863019e-01 1.223437938235682060e-01 4.544658812724995840e-03 6.810685822544294554e-01
1.720426454615456013e-01 6.831674320158175051e-02 2.290982661059610681e-01 2.812433277888842786e-01 2.658905399199281150e-01 1.920514532298159827e-01 6.641129917750004941e-01 8.369121493149075594e-03 4.932643508804374077e-01 2.052875008065402906e-01
1.795976537106525883e-01 4.137992810522785336e-01 1.169519887594763635e-01 6.034297826724370761e-01 5.510756671866002838e-04 4.831747715335995008e-01 1.119327829107017863e-01 4.585235303740797276e-03 1.543953163819376112e-02 4.152867112613597977e-01
-0.000000000000000000e+00 2.497771294632296080e-01 1.496919186486190927e-02 5.769200977989817972e-03 5.743352533901558976e-01 2.960191774845110646e-01 3.589448311455283869e-01 5.931040027251948121e-01 1.363876014086493060e-01 1.437023340590273535e-01
4.093974996389904697e-01 2.599125891882984041e-01 4.684715356201640812e-01 1.592036877590333466e-01 1.353621455125438577e-01 3.545908215723365675e-01 6.168172173887120913e-02 2.786895736532823409e-01 4.947158566216817155e-01 2.230557915738556329e-01
1.304263062617494751e-01 6.063536162600295654e-02 2.170438297118030269e-01 2.619248434534501291e-01 2.701951049662587589e-01 1.779325429393079638e-01 6.182907784495270676e-01 4.564630736831148949e-01 2.615168984909295724e-01 3.160714899962814850e-01
3.467900417360034737e-01 1.519083951510296071e-01 5.499104937061026765e-01 5.308000216663980586e-01 7.324286012297751003e-02 1.789425065598903575e-01 2.782560514937323926e-01 9.625579013499480086e-02 1.662908188401492626e-01 3.475357699221607866e-01
2.835279142232968730e-01 3.207586298830911176e-01 3.514067368192701490e-01 2.676815325739756446e-01 3.676850915250313157e-01 4.662529450784663188e-01 2.686810184361919807e-03 4.518520517254912550e-01 -0.000000000000000000e+00 2.546057633420188426e-01
2.215228996579605980e-01 4.878114713449447498e-02 3.693914002494710358e-01 1.548095072938767691e-01 4.732906313771269580e-01 3.122353379842619514e-01 4.213999901289943728e-01 1.067974239140727921e-01 2.219390715600394193e-01 4.779084572684371146e-01
3.754713512110527396e-01 1.438602366057909268e-02 3.944031133973436853e-01 5.453481536816228159e-01 9.252400303385591163e-02 4.382443959809403378e-01 2.242661976107603317e-01 1.711339524868026873e-01 3.348552801413247626e-01 1.163048781966331963e-01
2.872602322912137796e-01 2.979464342581156222e-01 1.894960819334222668e-01 7.090036124109649895e-01 8.934157696123412248e-03 2.217200702428039072e-01 7.408261727924428386e-03 3.202404622655731781e-01 2.394661255351582252e-01 2.844681419105232201e-01
2.611872414025357414e-01 3.791439995578931715e-02 3.596453581968886981e-01 5.715718168571974900e-01 3.625065376701330222e-01 2.246192481171820632e-01 3.342849427242651772e-01 2.661780262115224782e-01 1.985008380737765254e-01 2.654054519827829806e-01
6.654476846473239560e-02 1.795423739543375585e-01 4.315979335680381057e-01 4.141179617641056465e-01 9.107853537137585234e-03 2.317625899512684162e-01 3.513853123138916401e-01 4.116663155080931280e-01 1.220427434448027731e-01 4.938965396421707843e-01
3.272698158734605456e-01 3.112314492458742032e-01 1.017601856689752393e-01 1.518264246223022251e-01 3.576405007681543458e-01 5.944403231829205325e-02 1.695416088366035190e-01 6.013612224018294317e-01 1.802055317698300907e-01 4.564307424282027514e-01
2.303038575805707866e-01 4.473648713581344638e-01 6.015259834708966968e-01 1.927782393851285581e-01 2.214742957402183673e-02 2.350333446445210597e-02 1.718604519635229255e-01 5.229002845973140801e-01 1.579225616650805353e-01 1.374215167125026060e-01
1.264910254429158117e-02 6.008160157869247842e-01 2.283315396841863534e-02 2.429124072702155013e-03 3.072035343514286088e-01 1.108214934468797486e-01 2.381110568555076246e-01 4.256516814202347398e-01 2.314246600181595059e-01 4.901467579509191097e-01
2.953544470198448679e-01 1.064990356387039566e-01 4.731903062823761830e-01 1.228264090604238266e-02 4.887912866126182393e-03 3.171434057038839960e-01 1.004001560023346090e-01 2.257641527978725970e-01 6.824720357131437432e-01 2.234775643962271796e-01
1.198481853194831651e-02 3.167692907561733273e-01 1.711318324868837670e-01 2.560478578084476875e-01 1.943517287577585240e-01 6.130747974428047975e-01 1.855434722439583128e-01 1.578666388480754260e-02 5.669221700621261961e-01 1.869687767847916238e-01
1.192594751033878610e-02 1.618787016919901178e-01 2.487196654806918539e-01 1.203456823099324086e-02 8.710564395954337180e-02 2.608446920563783356e-01 1.621724212783295649e-01 2.657313141268223822e-01 2.645660092527370444e-01 8.179921818200990291e-01
4.658165721083351585e-01 4.038319754066388989e-01 4.873635820492849824e-02 6.794102410691052474e-02 1.709990463134496708e-01 1.474761035634768180e-01 5.632600870059965015e-01 4.360902822894044961e-01 1.779893835302144012e-01 1.511181189915414280e-01
1.682113344531077914e-01 3.767320527831458654e-01 5.325869838204491669e-02 3.084806818668639223e-03 4.518475334308915126e-01 1.638115619305895165e-02 3.763950841205263020e-01 1.956255147950187179e-01 5.667492660692231565e-01 3.483533187097898054e-01
3.102876770759353114e-02 2.687610307485125416e-01 1.941209010623086151e-01 3.663288387943451907e-01 3.033466412608060714e-01 2.022297291238816241e-01 2.700424963049899985e-01 4.639308276229088188e-03 2.038244299254585445e-01 7.124044232258867071e-01
1.626641590519039560e-01 9.058609252548592561e-02 1.812218410661670109e-01 3.658801192938685998e-01 5.233792407001144342e-01 2.575308085329441193e-02 2.389692046124240743e-01 6.330953867274503599e-01 2.556862043072409829e-01 2.728330141334201625e-02
6.194453434687972188e-02 2.062470500610062707e-01 2.631202129902253037e-03 3.764937043870355549e-01 3.366242733972538703e-01 4.290132983087012186e-01 3.637781945454566790e-01 2.746944476092857412e-01 3.110350477518399881e-01 4.582225108698919636e-01
1.093896524458328467e-01 3.628278224911931932e-03 6.412962943971196594e-01 3.149190018390929467e-03 3.408672588888647659e-01 2.623641031940512347e-01 8.664589443724798890e-02 1.668121138143570381e-02 2.383587065743838496e-01 5.719473990382597517e-01
1.672118612676967986e-01 5.326426819930915046e-01 2.356683426036569884e-01 1.616489592391973651e-01 4.176580407081826318e-01 2.996901737625159642e-02 3.191776119557370173e-01 2.125264943706726695e-01 4.679398722555238033e-01 2.555700476219037731e-01
2.269510269382569723e-01 5.028161227993577231e-01 3.110683544184757454e-01 6.617604280007972559e-03 1.851021219560610442e-01 1.691671250976827662e-02 4.174701827785488040e-01 1.120779832044450398e-02 5.358816508908663678e-01 3.205257891169212559e-01
5.566121369336322067e-01 2.971440878464353119e-01 2.967384391336425620e-01 2.501939942418716645e-01 1.906858482060979493e-02 3.399441331551996126e-01 8.502575480452934445e-03 2.109659922426893042e-01 5.321926561732374418e-03 5.391703746434334255e-01
2.750255462612650748e-01 2.697305181949830599e-01 3.358580807263304435e-01 3.859982089986401799e-01 3.108245992803572166e-01 6.955683447453239743e-02 5.237637333598862965e-02 4.375792912957696124e-01 3.096266287346656210e-01 4.452790968621601619e-01
1.759002005638223357e-02 5.719784889651574958e-03 4.657594189935017510e-03 4.630739342818372406e-01 3.258749010014706099e-03 1.647061206831307856e-01 6.301569860747054941e-01 8.534771711064099986e-03 1.230053792829812753e-01 5.880127507675934062e-01
3.925230599386848040e-01 2.748182917422326565e-01 2.156957684999871172e-01 2.940825381061964450e-01 4.932481396860680101e-01 3.849202231359013515e-01 1.483320362329500555e-02 2.484458821426061836e-01 1.266409303775003492e-01 4.098179341603837011e-01
2.085116432996763358e-01 1.885549160799951081e-03 5.098537797446612840e-01 3.151793519070314464e-01 3.502894930085318870e-04 2.268329067567558324e-02 2.179395220268028621e-01 1.288607086558856973e-01 5.271844055200546331e-01 5.046678803189964535e-01
3.057056694715795664e-01 4.705067234879647398e-01 8.095893970288328689e-02 2.801141984117838657e-01 3.981770348203479415e-01 2.032781019550539137e-01 5.320536405524117773e-01 1.801602842257487846e-01 2.891106276572532607e-01 3.403609086454700838e-02
4.546817433499236727e-01 3.387434686326215583e-01 3.475822824625248164e-01 2.663192701530482376e-01 3.334548211640755988e-01 2.090136286964320300e-01 2.323320849948984912e-01 1.147890895209875417e-01 2.271057776994361010e-01 4.617005481827896607e-01
3.650159080749363905e-01 4.609016967106395746e-01 1.839429049630126461e-02 4.607755180048429544e-01 4.428645237091493603e-01 1.070149561292199625e-01 8.342118909777652969e-02 1.059064869407681103e-01 3.111803957054777303e-01 3.450954654475761885e-01
3.078128626516162258e-01 1.025638452339596302e-01 5.884658353643776874e-01 1.684323830049825887e-01 2.964790944566518816e-01 1.994254218717186333e-01 7.932735518586366344e-03 9.985586749434225903e-03 6.253048035043951014e-01 3.508991794592544733e-02
1.384434871232310404e-01 2.672093192800250594e-01 1.098602897192661049e-02 -0.000000000000000000e+00 2.522703578124064761e-01 7.198513244916935339e-01 4.797745959183581481e-03 3.498166636995214129e-01 4.316012799446897752e-01 1.371540867389700602e-01
1.314347496397825187e-02 4.302319449545328189e-01 5.562471332959485759e-03 5.023165467345730439e-01 5.223807680013160537e-01 5.774530697328509113e-03 6.004181015295122215e-02 2.094490451199915726e-01 4.707897630149111556e-01 1.426286576591812016e-01
1.571462667805176849e-01 2.570104777762903248e-01 2.999495426592051484e-01 5.637743889122599494e-01 3.187756929840426245e-01 3.350077885611482675e-01 4.133495956289607864e-01 1.566997980857254835e-01 1.560604875562275097e-02 3.032077685296140079e-01
2.671594707422199344e-02 1.623066049612174044e-01 3.470478473366908970e-03 3.893535343412510286e-01 6.029589054223343236e-01 5.679704217024144491e-02 2.147664157355855530e-01 1.424368778345448117e-01 5.765453843544416923e-01 2.360758392764299995e-01
1.413944807878950716e-01 -0.000000000000000000e+00 3.270961803217247166e-01 3.589537552139113186e-01 4.655852206769017232e-01 2.160496624751647998e-01 1.618547177216005661e-01 1.208785331088718523e-01 3.196636120741197518e-01 5.811432203609828706e-01
3.062314642638663820e-01 2.745247720240829303e-01 1.273599411899336599e-02 1.193722098216399991e-01 3.868607310371985353e-01 7.040662287299139788e-01 1.978210996010241196e-01 2.213537386636507953e-01 2.193435769428556947e-01 1.866380463507197607e-01
2.081972588700365945e-01 3.654225209950691111e-01 4.071640982993837699e-01 1.337927223942095845e-01 4.060793595078075469e-01 6.198371547005729898e-01 1.805711198648083174e-02 -0.000000000000000000e+00 5.886952154534506182e-02 2.941886514010415565e-01
4.139135785350909758e-01 2.038330314697016019e-02 2.043108432020048978e-02 3.708151682726271159e-01 3.813039980520693262e-01 3.692936388101003553e-02 6.442651483445124283e-01 2.423440268884237067e-02 1.369846922089350827e-01 3.303824175675082464e-01
4.548892926168510153e-01 1.212369150528040673e-01 5.030648184305646087e-01 1.192384693594406020e-01 4.941638172225534253e-01 2.036746226791192049e-01 2.678792937399689378e-01 2.464970975102439565e-01 2.997933412925074537e-01 5.484437089519085540e-02
6.541413391488782869e-01 1.044327047419907201e-01 3.920553694356565533e-01 1.283354763677820032e-01 4.596393366013789006e-01 2.769510063649742795e-02 1.586994035200903208e-01 5.609032786960437694e-02 3.653266224747394597e-01 1.310915954641463099e-01
1.657755585900349549e-01 2.225144549521193907e-02 2.225243221937553417e-01 7.988222903300277178e-01 1.568792303912169561e-01 5.789321504064915726e-03 2.564216279298731083e-01 3.006933517493362573e-01 1.300155603787194261e-02 3.215696179121310672e-01
2.670995788739076726e-01 -0.000000000000000000e+00 2.879840501424969085e-02 -0.000000000000000000e+00 1.164981249624529730e-01 2.718102667518440541e-01 2.991130822926173494e-01 5.614559524758653275e-01 6.599666163710110611e-01 1.088463638197986923e-02
3.439342457666910158e-01 3.396032481415302562e-01 2.266915438763873747e-01 3.027583104617208032e-01 1.806179067820938913e-02 3.835580504390751488e-01 6.755565286656426416e-01 9.055126972068266999e-02 1.787582721189650767e-02 1.048260960519145774e-01
7.579539008363549157e-02 9.682443625373306217e-02 6.035580930799125943e-01 4.923490633460206323e-01 2.306324010179031658e-01 4.084757778323661048e-01 2.801167891303287805e-01 1.933385376777848608e-01 7.692830825116728222e-02 1.907437540176790403e-01
1.722331906709550498e-01 4.509412582963489569e-01 2.979227294092026135e-01 4.141153115625145764e-01 3.615537179762527420e-01 4.466490523977164062e-01 2.054007801536834321e-01 3.390207487171315037e-01 4.368703468442002025e-03 1.392054758964947625e-01
2.104974514773936267e-01 4.411644910995684010e-01 6.135770289218711593e-01 1.154293935068376881e-01 1.598591552381428693e-01 2.474033528902367107e-01 3.912594970458022625e-01 3.507844686324624608e-04 1.898996642909059063e-01 3.087954521970396882e-01
3.887862550831594488e-01 2.520612235588093331e-01 1.876137490346338824e-02 2.887370636816293246e-01 3.737722184081910815e-01 4.169838141791724906e-02 5.818358362846942633e-01 2.035276206333134219e-01 2.992270656733273526e-01 3.010840587955447845e-01
4.676797078410883102e-01 3.613272727591075872e-01 7.038370178406273218e-04 2.150358067464637757e-01 6.456775208033470326e-02 2.430354862834750163e-01 2.397079651783752818e-01 5.299339258192229396e-01 2.875515566614665897e-01 3.467944420260703486e-01
2.318028463913012482e-01 2.012873230783094602e-01 4.337491869139103451e-01 -0.000000000000000000e+00 1.716289618541320394e-01 5.006404185502277837e-01 9.580284556127163093e-03 5.669180030204397092e-01 2.209969547920772881e-01 2.592059211570512112e-01
2.559887786505052332e-01 3.244913996728550631e-01 5.037172957422377806e-01 7.748469707115414849e-03 2.443495577808108554e-01 3.205338678394769603e-01 3.121881762541577898e-01 5.029705268305615373e-01 8.886600285957819978e-02 2.336606136975974690e-01
1.462198500071506813e-01 3.763641791949609017e-01 2.718904231153264628e-01 1.185588728098331025e-02 5.486812853188188788e-01 5.274401433274301665e-01 2.995298285040250974e-01 3.161171203962472726e-02 2.870241676543939247e-01 1.027630617777782612e-01
4.536371549245235557e-02 4.007998944762352495e-02 4.973109043655388889e-02 5.843698482951036749e-02 1.493816372811257731e-01 5.044933164351288468e-01 3.130292350209116781e-01 7.256540213355107127e-01 1.677604189534653290e-01 2.468089676257793075e-01
1.624937962528651691e-01 9.700294092934463874e-03 3.828839843865486925e-01 1.688093109924919122e-01 1.601432802782600884e-03 8.138691719921625767e-03 5.218153551194616435e-01 4.553684219366998208e-03 -0.000000000000000000e+00 7.252752151618108156e-01
1.358823411305394302e-01 3.858664317138784106e-01 3.532411240942471831e-01 1.148319265936420669e-01 4.225341126226395683e-01 8.314054956673989916e-02 3.322677288139576635e-01 5.205728768744926072e-01 1.812937819163659148e-01 3.081632630709516540e-01
4.867842344375174213e-02 4.807949477038556130e-01 3.831756250679390075e-01 2.898263232435766557e-01 -0.000000000000000000e+00 1.084385963222441879e-01 3.439400188270635983e-02 1.233444855372479824e-02 9.910994155456745794e-03 7.228080859386268875e-01
3.695514880347826603e-01 -0.000000000000000000e+00 3.667301274359847096e-01 2.979786273198681279e-01 6.698684831265827588e-01 8.453313405618599619e-02 1.572964695983754962e-02 4.289887646707051805e-01 -0.000000000000000000e+00 1.015645500508182341e-03
1.164056320667930522e-01 1.452736614334998733e-01 3.772107499967035371e-02 7.124258335662239650e-02 2.860605354413121582e-01 5.941604503961130275e-03 5.790999337695982435e-02 4.701299894050493533e-01 4.669514382055164337e-01 6.592128293807820727e-01
4.834408942866901260e-01 1.203801266145673038e-01 -0.000000000000000000e+00 2.394029450025632680e-02 2.428398620870171054e-01 8.782177029866211626e-02 2.394354238008006008e-01 6.129818858957155614e-01 3.940621633541178115e-01 3.101216277457768955e-01
3.736982860846515403e-02 1.126274357560124173e-01 2.984868999373080280e-03 3.441270137538649521e-01 3.217893358393869030e-01 3.459139254510160133e-01 3.644981203092652056e-01 5.342455238077670199e-01 2.111692332926920213e-01 4.259246654031346169e-01
4.598895627918505799e-03 1.036965655230108613e-01 6.414453203167403972e-01 2.326041599064538057e-01 4.466625539145570034e-01 4.766055456331632079e-01 1.766629971006836997e-01 2.441981258134969662e-02 1.283576577894995074e-01 2.207418514773136220e-01
7.387031177909703095e-02 9.773768611222165281e-03 6.983805340468632883e-01 2.963843885913086673e-01 1.793871959770929336e-01 1.860688970705990097e-01 3.594200602356330543e-01 4.320186412018452160e-02 1.703359747165947291e-01 4.381822095488099311e-01
3.657698115608224443e-01 5.278473304442189429e-01 6.015314183518328389e-02 3.468063520280775802e-01 3.785486790526707557e-01 2.249896262298474725e-01 2.041123782159906183e-02 1.435601759825798074e-01 3.671972910563761627e-01 3.375161726106420956e-01
3.984383436831667180e-01 7.927438817198531607e-02 5.258117919529268214e-01 1.870529318918628114e-01 1.728560649813541961e-01 5.029739332728256906e-01 1.656275030812924265e-01 4.048426104104332901e-01 2.213718213482176178e-01 1.726640542216660926e-02
5.533345705959578920e-02 5.190246141333222374e-01 2.056271437275670466e-01 -0.000000000000000000e+00 7.312796585554576234e-02 5.533060054274825390e-01 3.812014629838204050e-01 2.128288913404198790e-01 9.823829574422689170e-02 4.165482517822126085e-01
2.872164332770628034e-02 3.660651305540435496e-01 4.311417972678068256e-01 1.069639353821328631e-01 3.757135032225829563e-01 6.991732166309379964e-03 3.972797504257539192e-01 3.124010580540547699e-01 4.280290977156337995e-01 2.966526657353450447e-01
9.906707857537840056e-02 2.503471398845402152e-01 2.445937065767124496e-01 1.753620052955725261e-01 6.381543148496621187e-01 3.526436312398674167e-01 5.522925663809532537e-01 1.188141793014780428e-02 7.116290527409939448e-03 1.080557810155614515e-02
3.648507630747278574e-01 4.378990676916594826e-01 1.394710869748009563e-01 1.408021018339114527e-02 3.689641641578683684e-01 2.575617128897207952e-01 1.839689384957481910e-01 6.467007678261820214e-01 2.428496292446000182e-02 1.868388439146763044e-02
4.656116888220083183e-01 1.248535105715434523e-01 1.123182870712714602e-02 3.981832721737764147e-01 1.997550624952921516e-01 3.320151579885757265e-01 2.855945709063563154e-01 3.868751539688684155e-02 3.970699417026573586e-01 4.669899489346190924e-01
2.826836226449370160e-01 6.871335133090804292e-02 3.193599038668734069e-01 4.425585670821051143e-01 2.597810644865944929e-01 1.625614094275336374e-01 2.359872768163988610e-01 4.150599759424728474e-01 2.707924535282646428e-01 4.715017144234873725e-01
1.431639799003034397e-01 1.161143431229715202e-02 3.624125493060668668e-01 4.709685821505941172e-01 3.218626678045880332e-03 2.165703343715912662e-03 2.601378343635225576e-01 6.441792640464581998e-01 6.604760057025734279e-03 3.788372980660656419e-01
5.118909411965798760e-03 4.191574610912913168e-01 3.538707794160341532e-03 2.389943467981461497e-02 4.833100802052935352e-01 2.988073701730571963e-01 5.306805073676142820e-03 2.749007890509312380e-01 5.328241228588669332e-01 3.759288285673852426e-01
1.519785960761031729e-02 5.534236207992424550e-01 1.938410463646442206e-01 2.971877443343560743e-01 2.217717548315817910e-01 1.083658821796990995e-01 4.796909042852181559e-01 9.007768177158077816e-02 5.181015375547393109e-01 4.897252388844419713e-03
3.062126663919675362e-01 3.186496155988155499e-01 6.447662748024851620e-01 2.405764505403354403e-01 5.047504083923147755e-01 4.611743942622652942e-02 2.801013410917342628e-02 2.020715671021693915e-01 4.637664909819639442e-03 1.804351988149541508e-01
8.906432616296724308e-03 3.877175135538836193e-01 7.338297831202605925e-01 5.874347526972407973e-02 -0.000000000000000000e+00 1.876067536647345602e-01 9.159866567123979564e-02 3.996612360964884592e-01 2.369452944511965531e-01 2.194995965518912739e-01
5.262212967196829849e-01 3.246797058091355909e-02 2.237579030568795091e-01 4.271653455213556549e-01 6.344512537588316292e-02 1.381062382787138360e-02 1.072766786159670832e-01 4.282212542071511252e-01 5.388713617431829528e-01 4.365325780899089944e-03
-0.000000000000000000e+00 4.328344111902708846e-01 5.650625502020785174e-01 2.791906462915626913e-02 1.786777947689496826e-01 8.290692709702866814e-02 4.230727972952627591e-01 1.027787598513812094e-02 2.497622727536029374e-02 5.235072695768857587e-01
2.008050015401301458e-01 9.586256218871191601e-03 3.734084197206840594e-01 5.108575744702562593e-01 4.242083689967789950e-01 3.491934493670511563e-01 2.802639359947172171e-01 1.855702986170520707e-01 2.601835236621157232e-01 2.767808967309131063e-01
6.458426131982345497e-01 4.024417031935527689e-01 6.977686692423371029e-02 -0.000000000000000000e+00 5.038032890620921522e-01 1.483801615080841338e-02 1.272360870461032023e-01 3.482455196057968605e-01 1.431470802166549539e-01 6.376685824347938514e-02
8.901700122430949991e-02 5.402324764294754722e-01 4.814763756656453321e-03 1.945014483119618665e-01 2.073548041218448712e-01 3.378226195371843987e-01 3.889195609881412885e-01 3.549296060357374771e-01 4.697447249683228687e-01 8.577386373244971773e-02
5.140584361830389248e-01 2.129654716825687966e-01 1.920106951187765254e-01 5.147010894616085297e-01 2.327882606872752336e-01 2.152798315359708836e-01 3.913093336900481112e-01 1.241594181531791852e-01 1.547212859173224542e-01 3.091784295227415491e-01
6.328488626861241695e-01 2.998870049451912156e-01 2.902931296068146927e-01 1.459214456494193068e-01 4.840661434244003525e-02 2.653064020665927836e-01 2.786055347956980024e-02 2.030305257464532220e-01 1.115842138464905910e-02 5.377305360327435668e-01
3.067761365592968081e-01 2.694407209391583846e-01 1.949971122790740141e-01 6.976964483957751040e-02 5.729182618973783780e-01 5.606347541530424250e-01 2.662672145495788012e-01 2.875415837154128226e-03 1.323864007485813787e-01 2.437603408189536192e-01
4.090988543202290773e-01 5.046825587424673687e-01 1.618034420037607057e-01 3.338538954590881680e-01 6.831864374887092195e-02 4.625129785933242976e-01 8.821931052171372994e-03 2.260704449690921145e-02 8.933603079268856439e-02 4.616701649017826981e-01
1.092833167968158999e-02 3.460845913202189594e-01 1.454967853640341535e-01 5.504410538145386722e-01 1.838570103154003876e-01 3.192413051746725294e-01 1.326766383006853511e-01 3.946763560019637684e-01 3.409429806811937191e-01 3.614115595223898469e-01
5.155451719163244712e-03 5.454418239535964164e-01 1.058922759757569970e-01 4.207362389267763625e-01 1.944221905429217578e-01 4.450952956283096285e-01 3.956756176539108494e-01 1.588818125697039618e-01 1.480462010999310934e-02 3.103270359288247682e-01
6.449401193796848730e-01 2.911844167169826483e-02 3.782148998128822548e-01 4.371703816662546593e-01 2.154205250411492523e-01 2.375102537766199950e-01 2.073917619628563858e-01 2.319914787466968165e-01 1.546316359285749009e-01 1.596259706104213583e-01
6.198030939122027572e-02 4.726214553039463362e-01 1.557878299764445529e-01 1.371824767689927838e-01 3.514544357235378502e-01 7.259200508813685136e-03 2.380145850197531443e-01 3.774471293661484927e-01 5.699162231919752131e-01 2.867120948701841199e-01
4.319261300569004168e-03 4.711574017925601043e-01 1.007137940818110255e-01 3.840059084477196460e-01 2.710533965228269504e-01 1.172749357199488578e-02 1.579026626006394263e-01 3.901072504121414625e-02 4.333705306465781004e-01 5.766417071693984431e-01
1.800962652214166404e-01 4.524411207272280855e-01 4.595509916635905912e-01 1.553191188400154799e-01 2.283119404326002244e-01 1.682743633219349333e-01 5.184703246070478805e-03 4.083288897417299279e-01 4.242770831516333718e-01 3.167620791438512384e-01
1.385887383603711005e-02 3.228723393981317025e-01 4.447923361111835727e-01 1.294262367515437717e-01 2.977598666696450458e-01 3.226545942927663835e-01 2.631282558477697764e-01 4.673803860611774330e-01 1.742785673164935212e-01 4.124914087605158763e-01
1.974156543707263761e-02 7.042690485903913000e-01 8.162281565026541577e-03 9.061630193404267633e-03 1.284490955998957296e-01 3.579854663303989049e-01 4.667523523850358735e-03 3.068594984487451049e-01 6.523741189050379086e-02 5.102679884836137658e-01
4.211998548392357211e-01 4.158698260929829527e-01 1.035233796243113097e-01 4.664218694814517008e-01 2.739780609389920185e-01 8.825790485012686981e-02 9.751649464116944610e-02 4.982404800859975835e-01 2.735877207404315281e-01 7.694023824756707208e-02
2.112880176495267326e-01 1.834513604276967746e-01 1.380329783904923890e-01 4.207965129121256087e-01 1.141083113007513028e-01 2.240843405290599555e-01 7.189569477676636122e-01 6.490504071917421042e-03 1.196471234060562105e-01 3.620621654474633355e-01
3.715075929272705912e-01 1.024823846246584041e-01 3.875463410373899409e-01 3.297595422728122894e-01 1.530295843732801531e-01 5.497491154957846460e-01 1.799318770743046914e-02 2.680603506960860943e-02 3.566986739259070949e-01 3.723271962739232999e-01
2.543618830685673293e-01 2.786184893961961562e-01 1.319762841139652532e-01 6.833966710888130791e-01 3.175070991387236169e-02 4.276765377756922559e-01 2.087164176804602589e-01 1.713243552052273189e-01 3.283577387658787039e-01 9.259756658499440629e-02
1.453561339072944290e-02 2.756931026224007653e-01 4.424315234760094195e-02 1.876154466782609664e-01 2.031861374601996173e-01 7.609613520647965368e-01 3.545592016453621986e-01 2.663042882141169465e-01 2.231820989889981288e-01 1.408466551033991099e-01
2.692151564742282718e-02 2.008336450919554206e-01 4.915754346094253213e-01 3.756507458768266750e-01 6.972188247019275517e-03 2.264503786973363630e-01 6.308536795036020495e-01 -0.000000000000000000e+00 1.181244791378982008e-03 3.561952308797142197e-01
3.028314210031894382e-01 1.947092764682832600e-01 1.167407129475350053e-02 7.374850181430704296e-03 4.505006769542375666e-01 3.700933663103893601e-01 3.687886637272382723e-02 2.090231123077444103e-02 7.184104262663500995e-01 1.111768773778374214e-01
3.189742870563689880e-01 1.912813763931755506e-01 8.354699449282380896e-02 8.641559353225640450e-02 7.308588166641855066e-02 1.980637487242593586e-01 3.842074976946313614e-01 4.579787130658217742e-01 4.827883478578051113e-01 4.606558343889367579e-01
5.644529961676553187e-01 1.273364533033609913e-01 3.398334834920757053e-01 1.139053625649000395e-01 5.508460862648577594e-01 6.545948856968311635e-02 3.029627924510077119e-01 3.224575820413868449e-02 1.532051692068616723e-02 3.687000115085065644e-01
1.824043193009692865e-01 1.599643078027129517e-01 8.780683400174734560e-03 4.577908169424994012e-01 4.387454059191688849e-01 6.006134116833352632e-01 3.849493204885211517e-01 4.440968251750126300e-02 2.136542902300982150e-02 1.662584426109108837e-01
2.204575029500890557e-02 8.427176747081910335e-02 5.334770613630194225e-01 4.394209170034390488e-01 3.451822874323813850e-01 3.491017910169506161e-02 4.978740779245849346e-01 2.825513397196940946e-01 2.581453457800001461e-01 1.152407965675670111e-03
1.416083901910998311e-01 3.137199714111476578e-01 4.687562883893780508e-01 3.486816701153490072e-01 1.409439793591597545e-01 3.505304438953568691e-01 2.737627120816102377e-01 2.443635548077005004e-01 3.384335421727554527e-01 3.850738228691417131e-01
2.320283048238797052e-01 1.559506892923030047e-02 2.710520617459135084e-01 5.923340782030384055e-01 1.417313289848602664e-01 4.611193068844629539e-01 1.345944018393390069e-02 9.759885429867203727e-03 5.179943038092201801e-01 1.423990299770529488e-01
9.212203954846821807e-02 1.135598465932204232e-01 3.140036002992893094e-01 6.246383975052431925e-01 2.992518489481683641e-01 3.068849137646111336e-01 3.921311623195000706e-01 1.354228715353594271e-02 -0.000000000000000000e+00 3.900846588033419771e-01
5.324838004531096992e-03 3.437131261283264405e-01 2.264591757249486692e-01 2.766794809634456342e-01 6.123239921350024373e-01 5.096829529772634038e-01 1.483354176470959573e-01 2.703049150057884042e-01 4.681824649147622863e-02 1.483919278868049696e-01
2.516410940234319882e-01 9.919052488449994764e-02 4.056056182537524646e-01 4.177874312403343504e-01 5.436627806491150204e-03 4.496112585420258267e-01 5.485305779947798888e-01 3.335133225044192157e-02 3.029698568124502677e-03 2.891169627489725835e-01
1.063792740300492819e-02 4.090271280499701012e-01 1.541338523339976230e-01 3.575159095670791820e-01 4.870538462661991308e-01 9.879643718918827699e-02 1.180840486284797514e-01 3.001123690049662951e-01 2.683948392981495568e-01 5.079168450590569872e-01
4.053935090006259290e-01 1.117545224133467685e-01 4.563896096044341988e-01 4.863833515142742536e-01 2.446548563196089821e-01 4.115484429271006328e-01 1.765430541223342309e-01 2.604084101749810087e-01 1.931836953238483257e-01 1.130430865246020711e-01
3.921155301473756571e-01 1.726546895604296195e-01 3.693285413671239525e-01 3.709488632631794403e-01 2.198939205640217942e-01 5.438593177806839707e-01 2.633935993127917152e-01 1.376330385482539831e-01 9.276840435944327945e-02 3.183831440594254159e-01
8.395118728076264580e-02 4.974198368690838264e-03 3.443220683835931939e-01 5.842762132265894026e-01 4.827761706690505417e-01 5.039551367954192562e-01 3.950887944378122379e-02 2.667085818593721222e-02 6.072065744052907582e-02 1.999704479335152607e-01
3.861713468147017214e-01 1.428963548325298261e-01 3.014081971013016226e-01 2.084523524817938345e-02 8.992537374411526188e-03 3.621270304198335177e-01 7.324285939321476535e-01 9.470790996319400357e-02 2.111374573509517405e-01 1.339917398861761866e-01
3.171834065865613561e-01 3.264844347273520020e-01 3.684179962753612592e-01 5.018402397636967383e-01 3.496783093520100527e-01 -0.000000000000000000e+00 1.723612919687450562e-01 2.323284938038551739e-01 3.718376044059095165e-01 2.469900527498225529e-01
1.041129744058260226e-01 2.043206563212175697e-01 1.536318927571508619e-01 2.246448632291664013e-02 5.160909917745060138e-01 3.167929456680340095e-01 1.801755613181964533e-01 1.558842170237208224e-01 4.016696742328144110e-01 5.818047910729143846e-01
-0.000000000000000000e+00 3.576896487947476277e-01 6.286674612448860389e-01 2.509686700584178864e-01 4.606378968113732375e-01 2.023680352139884016e-03 1.512280720265600682e-02 3.483445233211478476e-01 4.544362817876197030e-02 2.793223373408578181e-01
4.769275023291234122e-02 1.325228212391399152e-01 7.799829967309149792e-01 9.882732363761263794e-02 3.721654368352528830e-01 1.967787619387992015e-01 6.981444836734451709e-02 3.708038939508677689e-01 1.359597875503514020e-01 1.547228037933876810e-01
9.176003361617854348e-02 7.667920010972676392e-01 4.879201643066034128e-02 5.239389104573458945e-03 5.265913672140175306e-02 9.084584456550405529e-02 5.789917899996160910e-01 8.098268126863185368e-02 9.039917665923638546e-02 2.005351848686400262e-01
1.834466098903888079e-02 1.775793342822362952e-01 3.945786200006524136e-01 2.633272953431013974e-01 2.269151369914169381e-01 3.001419499524745314e-03 3.974095867565825002e-01 3.085022242219707111e-01 2.944104673131435201e-01 5.931361466311195763e-01
2.880343351762407744e-01 1.708934047019641800e-01 3.968123894386051953e-01 2.718065284420357816e-02 2.516107105712948599e-01 4.742957137748256002e-01 4.275627883102472299e-02 2.681779086357751196e-01 1.621889445685232578e-01 5.842222934025971259e-01
4.583372016483832079e-01 3.604808375035662427e-01 4.023000110790957429e-01 1.331520771963891521e-02 2.922405856054234863e-01 9.389957316838778989e-02 2.801067438800316500e-01 3.556794440642134791e-01 2.692451345456981504e-01 3.553529155886582802e-01
6.608936975147444715e-03 3.149807370378701066e-01 3.126797019708844605e-01 4.312822690139288609e-03 3.591824527341038187e-01 6.998749914621682500e-01 4.761774022752111868e-02 3.012830716528042130e-01 3.017621954045792698e-01 4.456650357424810603e-03
3.394526780566233803e-01 3.764026048378701916e-01 7.314478641355474930e-03 6.543697099293592778e-01 2.656928436413989458e-01 7.220236104893394853e-03 9.573589749156682926e-02 2.667482942552926867e-02 3.241227202621715375e-01 3.595309085536512184e-01
3.532251670116458575e-01 2.588120261279872603e-01 3.962464986684579582e-01 5.068446881898351908e-01 2.488756028149767818e-01 3.069002258053230570e-01 3.744095440466124747e-01 1.227164700483599769e-01 8.356201184650988156e-02 2.756705063546376899e-01
3.621511114971212586e-01 3.209342083831200343e-01 5.436470462844527132e-03 5.282584759045729633e-02 2.440918344144219210e-01 4.695083401871774642e-02 2.529029547510644460e-01 5.144772283315804939e-01 5.579332831509223878e-01 2.476008987507395676e-01
1.519653304128834037e-01 4.332061102217011350e-01 2.850683050285439668e-01 2.512568366789867391e-01 5.077536624507382745e-01 3.693531566212438499e-01 1.231217923853280133e-01 2.089160570393636673e-01 3.324033816173374012e-01 2.851536938414113154e-01
4.199978313108258116e-02 1.498228470281771918e-01 9.064574791547512778e-01 3.730805122333872431e-02 9.065489093546897151e-03 2.021191281668515416e-01 4.678064664004866896e-02 7.366680321401207487e-02 2.012995163076315430e-01 2.523113818254955620e-01
6.748405336668282517e-02 1.531349111657492011e-02 1.725244874820488217e-01 4.331247748790831992e-02 3.175660260903018783e-01 5.347920961825873652e-04 6.219619471188827381e-02 7.003284456566026828e-01 2.192782490471328893e-02 6.065584350885614429e-01
1.762372287438090102e-01 5.766752054336667932e-01 2.980600455192805587e-01 2.685697544563340755e-01 3.536278637165981009e-01 3.003236378013023761e-02 -0.000000000000000000e+00 1.755588683493018720e-01 2.275720261040196646e-01 5.165772843504505829e-01
4.444168016556978573e-01 3.141707748525798261e-01 5.651062364142392935e-01 4.562671929336113985e-01 1.700804151161308328e-02 2.127001757835842444e-01 1.101425874775463082e-01 1.268188594927492814e-02 3.432913786194785044e-01 2.436785087972540703e-02
1.778201033503370998e-02 3.946612810624332002e-01 2.085159164963846026e-02 5.248113466805846006e-01 2.705560797970916753e-01 2.971885152325099422e-01 2.008734765854344184e-01 2.813372507896067520e-01 5.315695592436803230e-01 6.690239432504906103e-02
5.985511201151024752e-01 2.823261758266426558e-01 4.342296035977516455e-01 8.048561342284829556e-02 4.125045788302258432e-01 1.902590045594915735e-01 2.284654178129823521e-01 1.140078918046419781e-01 2.901722957223333843e-01 1.060305632188561498e-01
9.703476232580961203e-02 5.262599377386830701e-01 2.321372308392117834e-01 1.936489094341174722e-02 5.034831937548841507e-01 -0.000000000000000000e+00 2.232602671360174318e-01 4.447360984969098707e-01 1.467533918553916017e-01 3.697361373819497699e-01
3.902552597268622026e-01 1.880267469144033740e-02 1.927852267955247889e-01 3.580460018605324257e-01 3.869611553522096514e-01 1.403448845751696927e-01 3.876674847561757953e-01 2.614417470893328765e-01 4.214139725421686689e-03 5.421189549823823839e-01
2.507261258233191015e-01 3.774655387336615653e-01 2.139401588829157805e-02 -0.000000000000000000e+00 1.551125843861451969e-01 5.399516457165311895e-02 3.852091985911497707e-01 3.918970171565359095e-01 3.445571292976493671e-01 5.886714425424214303e-01
5.297140601154832346e-02 3.353175223147737416e-01 3.560560201027226923e-02 4.527900714724128473e-01 6.515622338444118089e-01 2.140773384397702539e-01 2.689538741067771799e-01 2.015467400917875240e-01 3.080681082807724680e-01 1.561717231748276785e-02
5.843357138391294496e-03 2.483904382372436812e-02 3.807930106318179742e-01 5.868868575516001940e-01 1.398899221507146629e-02 2.695850001046945499e-01 3.303059475765576791e-03 2.674863237869174459e-01 5.257788089189096015e-01 2.983863483114995163e-01
1.031361723440798149e-02 6.664362727728864177e-01 1.447682446687504898e-01 2.957319475526856700e-01 5.453354274843530414e-01 -0.000000000000000000e+00 3.406879064959172365e-01 1.623841028924526142e-01 1.568820443068610904e-02 8.524904358285159689e-02
5.049215836302267668e-01 4.441990339185630798e-02 4.009963605987034718e-01 4.448727578157915530e-01 1.771626694852402872e-01 2.543325988450014230e-01 2.674365882171962361e-01 2.127671476989000388e-01 1.278646267698502759e-01 3.939009796591105839e-01
4.566387574162943802e-02 3.052685779471309702e-01 7.641120777156565902e-01 1.791275850009007090e-02 1.298731296208631703e-01 4.574581826270606930e-03 2.764318134604066279e-01 4.766796500972282358e-01 3.431702600951906743e-03 4.531445886053345949e-05
2.194991037424108005e-01 4.042098616331767924e-01 4.534643171989359289e-01 2.203027185473386829e-01 3.151509667419835625e-01 1.307895031551468412e-01 3.637458450058365100e-01 4.570698179508952963e-01 1.372326745963918168e-02 2.764654483987122324e-01
2.401281143343292623e-01 2.802133399712890011e-03 4.433262504878941468e-01 1.663081302864421324e-03 6.567918120145084249e-01 5.025530985571796672e-02 9.477741826783094015e-02 4.788395389144528003e-01 2.099993056209295272e-01 1.718105195934911122e-01
6.355659372570686416e-02 1.486506935932143947e-01 4.708762099360355724e-01 5.993308559535482499e-02 5.565959451968535143e-01 2.745386535403322448e-01 4.108294175847073126e-01 3.627371090078420068e-01 2.507160346387776184e-01 1.261276055704387174e-02
2.036729485542180529e-01 2.660825862495161953e-01 7.965976380667555423e-01 5.771535517339002053e-02 2.051579219402145660e-01 8.904236431271427693e-03 8.853203804584512671e-02 2.187741484004815939e-01 2.691317223018160343e-01 2.819885388564146722e-01
5.924856294504218246e-01 7.238909208721872046e-02 5.019995066412830109e-01 3.844208320184568789e-02 4.194100178703682458e-01 2.891241429016959130e-01 9.313565909618992666e-02 3.090110987650119823e-01 1.025883919790463589e-01 1.267094250234985231e-01
1.118273077865726689e-01 3.503127903948228816e-01 2.570275850933854134e-01 6.817922854207648931e-02 3.301150867364212593e-01 3.808642850643067512e-01 2.716345034042355056e-01 6.133427462467844204e-01 6.257222422681753098e-03 3.000277664504896746e-01
1.800296080850835034e-01 3.004207537480978463e-01 5.539199106958399010e-01 2.648162321506906669e-01 2.979429335637295839e-01 6.498074438242276707e-02 3.032228345759985788e-01 1.522185727090843987e-02 3.271490544857521554e-01 4.562751600244358552e-01
4.404715698600096263e-01 4.002226187764036935e-01 1.168608244831713903e-02 4.292519090318727137e-01 2.139902683850546106e-01 2.831493968240894055e-01 4.685831393763340014e-01 9.258008751775284248e-03 2.969262665870900375e-01 1.662118910481143463e-01
4.711906834116293408e-01 3.547277950017043713e-01 4.290244272111233548e-02 2.612487387930761962e-01 1.249508370646543187e-01 9.139860116197572049e-03 2.139253834940335053e-01 7.204211039770487268e-01 1.771524179896899129e-02 3.571124375071633994e-02
4.953029544374047966e-01 4.077556229714135450e-01 1.383840671309816694e-01 3.628857218535810891e-01 3.284111708441161959e-01 7.692890424866836128e-03 1.147621773651839455e-01 3.229763800569911414e-01 2.995688762477369815e-01 3.499077726443439729e-01
4.326211773834123808e-01 9.920078619064787162e-02 2.371549345388169194e-01 7.211882425161129581e-03 3.270099896403063644e-01 6.222208144619910675e-01 8.265101623182449786e-02 2.936742671490583656e-01 1.096108784624846150e-01 3.840821019691211258e-01
2.422330551444747126e-01 2.816277577839449986e-01 3.466519835672005612e-01 5.581520106010636750e-01 -0.000000000000000000e+00 8.229056377213274723e-03 1.793146371791317500e-02 2.172440276929925654e-02 6.508486599971534670e-01 7.643628546820940839e-02
2.732512879462762889e-01 4.898161683925528198e-01 5.473203080306038304e-02 2.336711542439788916e-02 6.177470476711328651e-01 3.516901673085426894e-01 7.992249563312573551e-03 3.357871971183195026e-01 2.523260107551113518e-01 9.461254921812947694e-03
4.154857021146381446e-01 2.609676278304745023e-01 2.504552071726099394e-01 1.886316737787815112e-01 5.417505420229662416e-01 5.003266970073385611e-01 1.059489011107619949e-02 7.673093659399035128e-03 3.419776630031781672e-01 4.183997376167187740e-03
-0.000000000000000000e+00 1.420633555487977873e-01 4.745080759264641013e-01 2.954676975075145803e-02 2.586735869882320626e-01 2.101568813449011530e-01 3.955920346299116042e-01 6.662055936927563371e-02 2.875070517885960353e-01 6.317574505177006028e-01
2.215166316954477466e-01 1.454778654280000638e-01 5.630816063788492837e-02 6.927331150893216716e-01 6.264121446677674010e-01 8.258713670009501517e-02 4.496173036721685251e-02 1.926477393424175233e-01 6.928106452481694322e-02 5.974454074136308079e-02
4.306911490474508719e-01 9.377004068230457290e-02 4.799491751662005035e-01 1.706019929649202904e-01 4.848251660889096315e-01 2.523313055473298469e-02 8.082023902768718099e-03 3.942518050267667107e-01 3.735666560182536733e-01 1.245474164311999726e-01
3.026427942130416882e-01 4.130433055440779211e-01 1.787918467082063104e-02 5.338499548266313344e-01 1.871031120527267833e-01 1.106696902457256770e-01 3.476463277313794273e-03 4.487080548712642503e-01 3.500327739200505550e-01 2.852329317293446076e-01
3.032284137175991212e-01 1.706535749142428782e-01 3.462111619092202996e-01 2.337273545668977839e-02 1.539494004826141016e-01 6.219665342231881500e-01 3.491107182844061518e-01 1.899439889584576824e-01 4.012671462415748902e-01 1.703123902483728302e-01
2.276133871328145653e-01 9.907536339214159660e-02 5.677951025898467785e-01 4.927096536848460939e-01 3.968722320173514451e-01 3.050061608008817204e-01 1.036073289474524345e-01 1.404992444269756724e-01 2.021550290068080402e-01 2.265935530537865061e-01
3.860259815776687087e-01 1.911117469540527317e-02 2.952504358873092039e-01 3.023704548376220935e-01 5.051502507339279413e-01 4.338174381920349709e-03 2.287981327069314036e-02 4.976047430004066352e-01 1.051686924295809449e-02 4.105823017062575908e-01
2.076957687547739684e-01 3.445205743113524503e-03 -0.000000000000000000e+00 2.967893863256306775e-01 6.109624175980901128e-01 1.317659510843718212e-02 5.997960742518355648e-01 1.618989818707824435e-01 2.494984887332821200e-01 2.170296133903183156e-01
1.621260323395259662e-01 2.018617354812405479e-02 5.358650599138198301e-01 2.244576257904994931e-01 3.860274249208059047e-03 3.334865514018625077e-01 9.591479332116136002e-04 2.870665127679927417e-02 3.994020085092262473e-01 6.034898026865926912e-01
2.706234160383029219e-01 1.954973280422294887e-02 2.863619740239918277e-01 5.173387451523193681e-01 3.653325516440614762e-01 2.911007722572324097e-01 5.950282161010698317e-02 2.347274649670666458e-01 6.378580820578697887e-03 5.475878280733758041e-01
2.450688547323050803e-01 3.359282888738722161e-01 3.407453377612452150e-01 1.114473984060908723e-01 1.668643511447621408e-01 1.563601833657556339e-01 1.979738389473275073e-01 3.449016596576266469e-01 6.222396125754563467e-01 3.177111636874614398e-01
6.848145460714502586e-02 1.243416090107462291e-01 5.790408145505667736e-01 3.821440259669883766e-02 1.697794040141738584e-02 6.250644287397889576e-01 3.638475860478677659e-01 8.626519693535573963e-02 2.537815933946086511e-01 2.188040479633921176e-01
9.723243384194603378e-02 4.514587362841037538e-02 2.539253300358380594e-01 8.937663585657189616e-03 5.458494270410694238e-01 3.172016312873608412e-01 2.952378899610154095e-01 5.394158649064672018e-01 2.783427539587405852e-01 2.641433347334969373e-01
3.780564225426947811e-01 2.311720130292759245e-01 1.818160295388540973e-02 1.456237740223180477e-01 4.331314421116981839e-01 5.997377063031412991e-02 4.551884539481158010e-01 1.605446623556392172e-01 7.451180184869163337e-02 5.936102781935790329e-01
2.034552448959437154e-01 4.301455517675860096e-01 3.486535028299468375e-01 -0.000000000000000000e+00 7.842553491218394457e-02 6.904930912635907046e-03 1.813981499637966621e-01 1.107676868242472717e-01 7.317298158880817249e-01 2.553820026388701758e-01
1.730506794559605044e-01 1.464976245554107936e-01 4.590408420909749543e-01 1.965538376455360989e-02 5.218025331684610357e-01 4.391189240965736595e-01 3.703862381017309358e-01 7.584324438312900485e-02 1.028366161936642431e-01 3.447756280195854450e-01
4.037222177191862604e-01 2.768719537327680169e-01 2.312280463579647338e-01 4.803665114306591155e-01 1.416820179170157623e-01 8.853643840536891407e-02 5.827377950620209468e-01 2.100824461016123357e-01 2.049003023488645547e-01 1.500576437457802059e-01
2.006273442544871319e-02 1.852349935743876908e-01 7.091030895084068919e-02 3.657375316647801244e-01 1.859422510217637325e-01 1.152577663771553323e-01 1.469065747367310493e-01 7.218119564739298166e-01 1.911672781403295496e-01 4.466491083531298201e-01
3.552266169563856549e-03 3.427654939907012199e-01 3.448386037815757144e-01 1.027550678342807264e-02 5.689952006002831908e-01 3.541509927771829269e-01 4.390982912517631641e-03 3.056658311695398256e-01 2.173216437874364582e-01 4.166796214257310060e-01
1.323498035952939099e-02 5.730173789621882952e-01 5.714837148455394200e-03 3.827115852565083354e-01 1.007669133709244817e-02 4.958871199461396539e-01 3.085201018138949633e-02 2.262480965915709963e-01 2.227195173623736646e-01 4.209815854102808563e-01
3.226893665072614881e-01 6.165408284910889845e-03 -0.000000000000000000e+00 1.207642190689059702e-01 5.540351668279803743e-01 6.146480837443687451e-01 2.703976864845042405e-01 1.909660984463289746e-01 6.198442688501821715e-03 2.947557474249137277e-01
2.271903181713420816e-01 3.776266411711554638e-01 2.727585764755287301e-02 1.177887451088244913e-02 5.350413632809205566e-01 1.777753354920609818e-01 5.140961500188830913e-01 3.973298062158759913e-01 5.912237383335833957e-02 2.477203122909935051e-01
2.222135548198970190e-01 6.925740414134692359e-03 3.742761844009890870e-01 1.390879317580508145e-01 4.203973554435556093e-01 5.271854939787451455e-02 5.817778659356210857e-01 6.152682530955672253e-03 2.075202023049174116e-01 4.796497661099898835e-01
4.828693243697135609e-03 2.333143589877643698e-01 4.416949286701197241e-01 -0.000000000000000000e+00 1.975150423045041459e-01 2.253019011030655411e-02 5.806954962187798053e-01 5.546025044286210237e-01 1.039104631386080814e-02 2.569585785784512244e-01
2.022054548564612350e-02 4.256940920258709959e-01 5.054155565851833343e-01 2.930470033027630095e-01 3.103618654138843302e-01 2.570580841829384067e-01 2.158385400125531137e-02 4.531237587454563509e-01 3.294337435205863529e-01 1.836566256245345322e-02
1.394224121504738234e-01 3.120300309821451568e-01 6.229139571937603731e-02 7.800176701031694138e-02 2.579874745885814558e-01 2.793545324138479446e-01 5.464981206459987861e-01 2.726619532885247166e-01 4.618587517219678307e-01 3.772524646842947971e-01
7.545659180462974125e-02 8.718260736416007239e-02 6.047653697860831956e-01 1.976036318547877424e-01 1.441959372406838580e-01 3.837464168702595102e-02 2.861678552201754044e-01 8.040493865445376073e-03 4.827445504749031113e-01 4.946241750604769005e-01
1.999445350717314052e-01 3.737588030024268648e-01 5.820360539462425820e-01 3.339110281589151574e-01 2.227349543021306388e-02 2.951161991820021591e-01 1.511502819313625123e-01 1.512111832291479774e-01 3.804835976362337946e-01 3.033073027536155042e-01
4.486495255402267457e-01 3.990967456674066743e-02 3.818822871043416889e-01 9.419430228119281615e-03 2.477192177445824983e-01 2.891986129814472228e-01 6.761884024523230619e-02 9.110910960169511796e-02 5.918497808178848629e-01 3.782036821417240069e-01
4.127547320012238674e-01 3.489088517441540360e-01 3.231550395169827672e-01 1.601517401099298741e-03 4.541685397142039039e-03 5.402326162135212551e-01 4.029704869853606430e-01 2.557534491571851198e-01 2.126646638005187939e-01 1.963955041960211700e-01
2.472195637571536209e-01 3.937477123512977961e-01 4.491320520064515098e-01 4.294228269057954739e-01 1.785406795917210687e-01 5.304976982204489926e-03 3.990238447238783071e-01 4.408566339588840602e-03 2.481402391634329185e-01 3.807935168161538653e-01
4.429018544178650769e-03 1.461297406784218267e-01 4.822728363048614519e-01 3.648163587976549493e-01 2.004097526227110737e-01 5.019348353781126759e-01 1.827086358092110396e-01 2.029697310626845386e-01 2.059078365659263998e-01 4.515180793739566045e-01
6.759698183246305447e-01 3.007955375259009356e-01 4.085756401189069020e-01 9.816878486240786239e-02 2.256698499756296453e-02 1.090393558441041938e-02 3.720431879150087971e-03 4.917117646421152732e-02 1.457350510282143796e-01 5.017142307820127156e-01
2.052514252741593215e-01 2.675842805529612956e-01 1.817400030210977735e-01 2.230803356127354642e-01 4.525886653991826325e-01 3.406344045805076992e-01 1.849087774532458539e-01 1.430362114427351783e-01 4.202060852129170243e-01 5.013822642892752368e-01
3.735453576339330395e-01 7.962906092168153815e-03 5.863438580904343222e-01 4.472004453405885593e-01 1.194247673962395423e-01 3.509400248142521828e-01 2.131312997201821602e-01 1.361783865627091139e-01 2.861374014003557065e-01 1.826138199366341697e-01
2.275468350579317733e-01 3.081018527838434440e-01 2.043593038216773294e-01 1.813969437744117341e-01 6.418382741640629163e-01 1.131335071911597906e-01 1.831839452629651088e-01 2.687550371739509947e-01 3.795569141767359822e-01 3.225266971244178382e-01
-0.000000000000000000e+00 4.487873184141623062e-01 4.050874276925221507e-01 5.064105731347867678e-02 1.778993031023610727e-01 4.187515567071984357e-01 3.373234923226072768e-01 4.120764767228095038e-01 1.689172750379729915e-01 3.358591473132565008e-01
3.825334268951020023e-01 -0.000000000000000000e+00 1.627291982265939296e-01 2.056271331114765087e-03 3.631213984890471758e-01 3.286211411132527460e-01 3.888792478071464442e-01 8.132908154666726452e-02 3.151881270424653492e-01 5.745860321697709994e-01
3.680884771870978622e-01 3.456246137136452234e-01 4.665625933547596360e-01 1.685721532672510015e-01 3.462137470946661799e-01 1.819622920295553281e-01 5.740563988698661468e-01 8.600596421483143461e-02 9.460369826148196104e-02 9.767594156743667627e-03
3.099122631719998244e-01 -0.000000000000000000e+00 6.072421140584934873e-01 2.132779459960846280e-01 1.475128861258602764e-01 1.278643848128641625e-01 2.296943848317135363e-03 3.450486217750802775e-01 4.655074311781040031e-01 3.403726979391217822e-01
2.786317628211046893e-01 3.537758784385124922e-01 1.251002955583735143e-01 1.036174780954893793e-01 4.128856790488166784e-01 2.034471452345720799e-01 1.565987823877604823e-01 5.754166737394096343e-01 4.327309236431719497e-01 1.267730202336963541e-01
