1.462844292336221153e-01
2.283226199193186812e-01
1.938045579056617562e-01
3.506198273782821229e-01
3.231633689640040635e-02
-1.083177645178697579e-01
-1.951432297014843720e-01
-2.521135903349004947e-01
8.063822234442622472e-01
6.405984702761000626e-01
-1.712903176272310146e-01
2.781025137698286270e-02
-7.536326294183156582e-01
3.131435594156309343e-01
2.142447354489429856e-01
-3.422389751240629274e-01
1.740075230593854036e-02
4.326562295488890486e-01
5.255393415755348352e-01
-1.196171610852510697e-01
-4.801732987999669799e-02
-3.781427620701312969e-02
9.226690323417059691e-02
-2.617851776048016887e-01
1.426694323071882875e-01
-3.760881849678375244e-01
-2.418512541822348261e-01
5.130383241165916708e-01
3.208595080419533452e-01
-1.345520205812300307e-01
1.039154641285306990e-01
1.756339699424950829e-01
7.442867783781447200e-01
7.440516167859391461e-02
1.929596754381855406e-01
-2.240829662323333069e-02
-1.610046693163521558e-01
4.245582452051197553e-01
2.280642137443688877e-01
1.705402860396377507e-01
2.401688353540484266e-01
-4.923468977414247605e-01
-6.787530146065580139e-01
-3.719509468072981773e-01
-3.289468821183416658e-01
-1.767143880468199646e-01
3.899944844376507236e-02
2.726123367867972491e-01
1.184264370866438265e-01
4.922824266364431850e-02
-4.998757263177683319e-02
-4.369402913255348575e-01
-1.898676378992207939e-02
2.816437675187871692e-01
2.336623428763087706e-01
2.387172808572369520e-01
-2.196738151822547891e-01
-1.283584899229552601e-01
-2.466106960867338327e-01
4.790638392108614863e-01
2.242043133395644483e-01
1.370768987833818342e-01
3.850523235465213578e-01
-3.047996930984145370e-01
-2.586485972282993595e-01
1.805203840062654386e-01
-5.056711965240634488e-01
-1.571412101141650974e-01
-1.181806200733907103e-01
2.799968410688494225e-01
3.451054604890618216e-01
3.092122023243908946e-01
1.647958549014807705e-01
5.305094838271449953e-02
9.070778694331915748e-02
1.883911384308619430e-01
-1.861249057672286489e-01
4.177223041630611644e-01
-2.185253290108609969e-01
9.963423797759074496e-02
