-5.142903072364419376e-02
1.956400936002159474e-01
-2.734383624661637646e-02
2.224044003226787469e-01
7.878311534917699366e-03
-3.604487095343782976e-01
-2.026357934778262593e-01
-3.774507228867099440e-01
6.742706630155510528e-01
5.680161811032264918e-01
-1.143916855871214555e-01
-5.675849310162318917e-02
-9.956341631483177634e-01
-1.277851872643499635e-02
1.188976402155711154e-01
-6.542654915730862220e-01
-2.591809311651769865e-01
1.861553847000165518e-01
3.897166060907731322e-01
-2.558615960828375946e-01
-1.425422189320863231e-01
-2.498336320203440875e-01
9.661709128423552617e-02
-3.263358980510668306e-01
-2.567725209229674774e-02
-6.846986206855338875e-01
-5.815871650677000293e-01
4.161590318502270125e-01
2.111000623124773823e-01
-2.862612791533720169e-01
-7.843252035841925818e-02
-4.562391620374185719e-02
7.174297326652177009e-01
1.937305491434983609e-02
1.960332491701969604e-01
-8.482127585996930563e-02
-1.515738298257737482e-01
2.012747930139714425e-01
-3.239732592777695014e-02
7.122061211446164240e-05
2.591489950923336200e-02
-6.428799947380692270e-01
-9.875079924742242721e-01
-7.087345038659227381e-01
-5.002482879981593467e-01
-2.227741863330526262e-01
-1.435282623256610157e-01
1.346517545271894711e-01
-3.989047465979795454e-02
-7.781401182440432496e-02
-3.558246162699966325e-02
-4.969477473981027682e-01
-3.021624394234005348e-02
1.113862552560657831e-01
1.754152974304381274e-01
-1.987553913406195361e-01
-4.189099332570819789e-01
-2.859104727429844783e-01
-2.417393728791072949e-01
1.089160978729125373e-01
1.331425342096583808e-01
1.767828768537352963e-02
-3.600882030361823860e-02
-3.819689595530384452e-01
-2.940926009168232658e-01
-9.116029547034996960e-02
-6.834152314475453460e-01
-3.293212463614516583e-01
-2.772896844481073098e-01
8.257088615212544724e-02
2.418471829885232571e-01
4.195271366509202293e-01
1.242341233025082009e-01
-1.431376337871567705e-01
-8.633191177084303947e-02
6.575960107095540907e-02
-4.573178488414172960e-01
2.587357611189267659e-01
-3.053268338998779696e-01
2.495998044264524998e-02
