-7.719357851959200711e-02
3.599010782049637536e-01
2.012794598526870902e-03
2.988490856763448278e-01
2.308859693553201031e-01
-2.389445263667550889e-01
1.596649690810406433e-02
-3.046698355491699317e-01
8.156082257535678393e-01
7.422816346994042247e-01
1.106275891705916226e-01
1.842857272953797310e-01
-9.430736541616684399e-01
-6.419059934370886789e-02
2.213170956099995423e-01
-6.554097909385222520e-01
-1.853839908365762790e-01
2.574887317771478168e-01
4.494809770173537888e-01
-1.113761438683900235e-01
-3.601405142712925389e-02
-1.352606163243819937e-01
4.090933454801383706e-01
-1.264438914636582256e-01
2.961550711023927529e-02
-7.592930856992049504e-01
-5.583352361220036419e-01
5.843488236708399564e-01
2.749460731244094402e-01
-2.388504124723556943e-01
-2.563848410584097445e-02
-9.508243549840049349e-04
9.337402755758775763e-01
1.963604922920755003e-01
3.475239654858224836e-01
1.035243413825881337e-01
3.713346240623267153e-02
3.415013155610605033e-01
6.662121498211689800e-03
1.167705828935565321e-01
1.353808787356177989e-01
-5.380413025557692075e-01
-8.764253548957914308e-01
-7.015824491843623001e-01
-3.979277591409322579e-01
-3.695357812170436962e-02
-4.946285389655901560e-02
2.637091879579101517e-01
3.890738292557683470e-02
8.501710009971254201e-02
1.983721979429859394e-01
-3.978959146537412450e-01
1.441023381506104373e-01
2.516182691694512918e-01
2.756526550470694836e-01
-3.177895509584796607e-01
-3.514951032268523456e-01
-1.667773448630237298e-01
-3.840300704156417860e-02
1.075856842983276135e-01
2.509141386697041343e-01
1.558396175516640891e-01
-2.898515000677769765e-02
-3.130619098798392841e-01
-5.081096262250178394e-03
-7.752906980932403047e-02
-5.753425566984183837e-01
-2.058085451458919746e-01
-1.900873061932769892e-01
8.246380879125292385e-02
4.261455856901714134e-01
6.835725758683728337e-01
2.425882630638331316e-01
8.184705231749817705e-03
-4.790822170459615309e-02
2.327784665165154865e-01
-4.963405958425889386e-01
3.312106761987598236e-01
-7.622833377050919346e-02
9.026905463493466175e-02
