5.722907904573581311e-02
3.766165418612464899e-01
1.514229657581891708e-01
4.040045996649826998e-01
2.238178568893492149e-01
-2.120014856826492322e-01
7.279467998553014463e-02
-2.151080263677950799e-01
7.710302448774227768e-01
7.044604276256050124e-01
1.378608170903699304e-01
1.903600790969284529e-01
-8.481279642238777061e-01
7.654855376442576409e-02
1.154641499691607537e-01
-5.254062366574018261e-01
-1.216773775591891982e-01
2.542689228159920600e-01
4.507299332665790637e-01
7.798174708657926342e-03
1.841611231160969475e-02
-1.746492441673550000e-01
4.006918763805764061e-01
-1.232386630219418910e-01
1.257759794387990071e-01
-6.576397685241764934e-01
-4.909948135974250838e-01
6.547187554993946224e-01
2.715388661283095195e-01
-1.851926471827720355e-01
8.569204025080071063e-02
1.137267297143133293e-01
9.200485205768473840e-01
2.651400560172995080e-01
3.927455771205225488e-01
1.203384145428663538e-01
1.603704521634893507e-02
3.452471171249629212e-01
8.264392626557469368e-02
1.126232176703905880e-01
8.019687933479273390e-02
-4.597888531246194788e-01
-7.825872592630772617e-01
-6.291053004472976218e-01
-3.395921004989923553e-01
-4.696120663648450239e-02
4.035160065544655950e-02
2.901407045230344206e-01
9.778983590305743989e-02
1.193126256384496736e-01
1.522790369634997865e-01
-3.975342228918296028e-01
1.154593355738391114e-01
2.461953588951888428e-01
3.617076385595002219e-01
-1.942102932469737253e-01
-2.563061798027925220e-01
-1.602900261423896022e-01
-1.196814925258685575e-01
2.080310573345911240e-01
2.332872399609148828e-01
1.761249283790435327e-01
1.321291638011087843e-01
-2.086222780810432498e-01
-9.057829414716063454e-02
1.851270833799992591e-02
-4.764004893231069127e-01
-3.154137821938536868e-01
-1.337908094095977274e-01
2.178228897424928923e-01
3.673536897444893423e-01
6.149019034729733546e-01
3.028125579205232509e-01
-1.442302822309361136e-03
4.587723696718968430e-02
2.474955869452591939e-01
-4.215589592325667545e-01
3.417278006861847461e-01
-9.588306132972881923e-02
1.262610870891308634e-01
