8.364747937939879252e-01 1.832760674406477275e-01 1.276369829719934623e+00
7.181764004523378819e-01 7.214379434606551511e-01 8.906693695539840139e-01
7.032496074914618145e-01 6.108157810708371160e-01 1.177063601953208943e-01
4.024115333615748136e-01 9.324692044682023617e-01 2.058908035759667021e-01
3.258523231788222341e-01 1.483231652693214997e+00 4.743871589739502848e-01
4.339378478630860902e-01 1.176076032819101530e-01 1.111641762057334892e-01
8.473343397592283388e-01 2.497093640133585257e-01 3.122873092376198811e-01
1.241934022289320261e+00 2.195766039701584418e-02 1.235340633619018247e+00
5.830371171935613134e-02 3.828206361299219540e-01 1.044092042640126367e-01
1.250479794307937931e-01 3.978213522537121793e-02 1.357690727794695240e+00
1.055780054520966793e+00 2.027254950830619518e-01 1.857867795378942422e-01
5.663563143956131807e-01 8.381609071204906281e-01 2.481059507017128671e-02
3.650759832465924615e-02 1.675188741278752294e-02 1.083938786191289833e-01
6.175657734342351324e-01 2.661404533726792199e-01 3.677191596715974620e-01
8.872114832345893987e-02 5.851375992944153337e-01 9.999751781518326776e-01
6.472786758288927300e-02 6.352767831549188671e-01 2.113350369179537239e-02
5.761041269634008533e-01 1.273442230487410676e+00 3.329744657675602904e-01
2.438158654363457856e-01 6.350455904087199954e-01 2.609924424259861889e-02
8.859388908305768084e-02 1.395545327196895391e-02 1.048923999728661016e+00
1.274726702097141562e+00 2.122320932902971996e-02 3.544358949608731324e-01
3.202619130585097201e-02 2.845999346441586142e-01 7.152398331593362579e-01
2.225506692091706040e-01 1.569360037789490903e-01 1.213298929867917986e+00
1.263196202726278639e+00 5.634466829484385819e-01 5.087265417579463905e-02
8.417377212583517787e-01 7.211113718219648305e-01 2.703122287141834224e-01
8.160845798286635588e-01 9.293675695099841150e-01 9.766853112422126948e-01
9.102438806184913467e-02 4.678213984060185238e-02 1.437631116595124332e-02
3.935444389651452934e-01 4.271833316998677188e-02 3.793419471093305989e-02
1.557699649336990122e+00 5.336247747299894401e-02 1.029822725324634813e+00
2.927394564612192246e-02 5.524091076620418761e-01 1.666170371356735513e+00
4.983414028404428708e-01 1.776210554565602409e-02 1.737041985111581130e-02
1.744106151589461529e-01 1.831919112973217967e+00 3.158282965063356484e-01
4.317852362221561435e-01 3.154172782140355485e-02 7.485651901226771932e-01
2.079960709156868370e-01 3.792586458301629854e-02 3.174551315338562385e-01
1.224371150950808618e+00 1.766939442440350172e+00 2.267291584608510657e-02
1.110355526024555672e+00 3.602245420735090964e-02 8.275250137327957445e-01
1.257982606803661030e+00 8.936736948550628723e-01 8.566814955315441571e-01
8.520478287375912729e-02 8.582006168451020711e-01 1.522997960351614166e-01
2.180953145427074191e-01 4.285228504071817435e-01 5.810706424530163311e-02
5.179746520070771520e-01 1.138600259969212436e+00 2.760448187798572039e-01
1.308651169849391060e-01 1.931747775913948972e-01 6.415578364134680300e-02
2.386781445677636782e-01 2.708572347783947953e-01 2.705871876178288504e-01
5.434225965298514760e-01 1.575352756315423486e-01 6.349001843389771027e-01
1.755332023072743164e-01 5.363215504649690435e-02 7.718211726051661670e-02
4.129338327132277969e-02 3.349474499362164459e-01 5.019361808736954450e-02
5.825703599984404235e-01 8.190294030070421893e-01 4.190865871413391175e-01
7.797856744857036837e-01 6.080627259934894696e-02 6.310050413459767915e-01
1.198117443064238508e+00 3.022656594601779156e-01 2.171241079339208124e-01
1.728924509393864051e-01 3.549602399525141755e-02 7.332218004926026322e-02
5.783555961052219141e-01 1.058957627819351988e+00 8.389232651499017868e-01
2.063871944006744341e-01 1.512580146053233543e+00 4.921566137567007782e-01
1.129150274738226489e+00 8.931666319036069002e-02 1.278651252337723587e+00
2.232119066223715170e-02 9.327381860599227581e-01 1.092325422377119715e+00
1.409864894023865611e-01 5.748180992373608245e-01 1.400221088550644755e+00
1.239709595995433400e+00 7.916631038323096448e-02 4.426435062411535615e-01
5.094887426133478669e-01 5.121306296456655527e-02 2.131111473886887764e-01
1.322240445155287991e-01 8.247730625380692571e-01 1.328259514697584631e+00
3.762128302868273932e-01 5.253015973191986487e-02 1.079599584582012078e-01
8.741450773468102675e-02 3.297434437543470542e-01 5.217447860792191472e-01
1.964556507373128313e-01 7.521615863294854876e-01 3.932131106561665423e-01
1.238071328101542745e+00 5.646063972359690597e-01 1.727370463727442573e-01
1.647834635502723188e-01 6.394248712381123134e-01 1.145094957668875146e+00
3.860295592272640630e-01 6.680841317040812077e-01 4.260540818669213969e-01
1.615140230920326880e+00 4.433501928748989629e-01 1.306632172674180963e-02
4.589620652733094608e-01 7.777719400277343098e-01 4.001628874050504603e-01
1.192219890833161378e+00 4.980952955982706487e-01 1.353240304609067302e+00
1.286615040631032381e+00 3.797829514868594769e-01 4.393890010870234175e-02
1.175193484719524672e+00 1.158868814740309006e+00 9.620343933717392382e-01
3.797730356881878766e-01 8.583002777952108975e-01 1.623272405867645096e+00
6.645217713365461076e-01 9.610518114823189961e-01 3.657026948156852364e-02
8.501162524668606224e-01 3.518215037336336337e-02 2.934112815512108785e-01
3.506593032507112073e-01 3.283469636069619862e-02 7.416507604393735020e-01
3.863666996051254299e-01 7.075719160234520411e-01 6.985541365027655436e-01
4.381006324398730722e-01 7.153290792736499704e-01 6.656116404409626597e-01
7.646508816886292692e-01 3.192204041373738338e-02 2.391040980000592661e-02
8.155216589041273112e-01 4.249629990733720941e-01 1.228726174869608334e+00
1.454684037290935594e-01 7.831107732661121146e-01 1.512269068573074242e-02
7.017521915328525303e-03 2.932640731320568586e-02 5.705060043981724505e-01
4.941658331783504998e-01 8.683886422359432533e-02 1.054011290761682984e+00
1.374419051020214111e+00 4.276704463878174822e-01 7.193920512165903336e-01
2.726051157331208508e-01 1.015969899507478624e+00 7.833306495575848016e-01
