-1.589292340425084438e-02
2.973173379350652068e-01
3.954941324530390073e-02
3.111848712128169048e-01
1.586821367834084784e-01
-2.261933336934316141e-01
-6.679101995269945413e-02
-2.950866951305306518e-01
7.875595965707914425e-01
7.000763538614654946e-01
7.830059930489446235e-03
1.231741943008538565e-01
-8.901186762092665461e-01
4.191566779005348464e-02
2.162550531459882242e-01
-5.472042908845976550e-01
-1.493157966650426050e-01
2.995097979795420806e-01
4.860464836127691979e-01
-1.665638891241197073e-01
-4.837405978362396830e-02
-1.154803674098079519e-01
2.725698035677938114e-01
-1.843109339583652584e-01
5.629124353906481831e-02
-6.618424971346692498e-01
-4.656038220487645485e-01
5.486242068379194592e-01
2.830991309766804354e-01
-2.152763880869998925e-01
1.760723524671757925e-02
3.998893091100415298e-02
8.553371172671074829e-01
1.409309674519140243e-01
3.049552692695280398e-01
4.323414788026550687e-02
-3.401088742346908972e-02
3.462108962845554250e-01
6.318171270404664142e-02
1.152536503471496138e-01
1.498536164192281472e-01
-5.392763658033310481e-01
-8.316712741804987985e-01
-6.043042938485708726e-01
-3.998813124251867634e-01
-1.105491493364634537e-01
-4.227266115252520384e-02
2.541295398731074351e-01
5.856251660821613914e-02
7.703963295925309041e-02
1.171218656571952343e-01
-4.154557187225260129e-01
9.149672360785396363e-02
2.345786518499462514e-01
2.550977635642706076e-01
-1.405270251017069205e-01
-3.289723352360111042e-01
-1.827316290550161926e-01
-1.041012609144807421e-01
1.989520455339466032e-01
2.615954360346048890e-01
1.352261552255245025e-01
7.659735448862262097e-02
-3.387568749374212929e-01
-1.143590565886055260e-01
-1.072835052034630185e-02
-5.730092267579971477e-01
-1.691333380835905176e-01
-1.847196400196831068e-01
1.285928583214498433e-01
3.968241583419248042e-01
5.787746375546701794e-01
2.005417078286631793e-01
-1.516889996850524953e-02
-1.000806356294947977e-02
2.196423092078518546e-01
-3.814497498591752911e-01
3.359454163124210302e-01
-1.519644620127325874e-01
9.810833553466416501e-02
