-1.740246880657345119e-02
1.330548711001619255e-01
2.385194602965216154e-02
2.798760351113636080e-01
1.944948203841397050e-02
-2.960138491949460549e-01
-2.086799983967043415e-01
-3.505570879131936768e-01
7.670357358785372393e-01
6.279219161952409589e-01
-1.565159412902319414e-01
-2.030010110196469458e-02
-8.747222046923393002e-01
1.016194496302296330e-01
1.383193820773132854e-01
-4.249144621823651713e-01
-1.337784284555205705e-01
2.491308262463728385e-01
5.080061448908939070e-01
-2.821731885448209298e-01
-6.352441730726590685e-02
-7.379231803862926209e-02
3.017364740467861489e-02
-3.256505663706141251e-01
5.019916132698794276e-02
-7.132249550808733574e-01
-4.412395909704184271e-01
4.220111397827424060e-01
2.863001737805145885e-01
-2.857729399282482596e-01
7.733895623312303513e-02
5.489002250553459000e-02
7.510184597100257875e-01
-9.218809853683215816e-03
1.616380669945650939e-01
-7.728635518879305166e-02
-1.586955449453192890e-01
2.954032178397805741e-01
8.361036869561441764e-02
5.145315401862231297e-02
6.218097435561722314e-02
-6.205509998402330973e-01
-8.200427792300244434e-01
-5.688530733977011922e-01
-4.591692378728582380e-01
-2.591283363180070798e-01
-1.206769972286184933e-01
1.308205883994595642e-01
7.767926140875416885e-02
7.842006679448727813e-02
-4.032595167252345236e-02
-4.279663679102314044e-01
5.585547305436638910e-02
9.529785062751187918e-02
1.542198774450123655e-01
1.086942776285400036e-01
-3.785530311323607733e-01
-2.396199761422721786e-01
-2.566698655657387307e-01
1.981000077625403588e-01
2.266858175969082290e-01
7.861075587092425376e-02
8.384465886585087957e-02
-4.734338012306321120e-01
-2.890631832872429530e-01
-2.203883083284765773e-02
-5.857952735041747072e-01
-1.030473841215845121e-01
-2.836925544681949130e-01
8.763661107923785554e-02
3.135432125046846985e-01
3.783027591032224191e-01
1.172958585253500025e-01
-1.836897611050827828e-01
3.356545634359387603e-02
1.620847844821444728e-01
-2.126368659131082639e-01
2.946923157182381181e-01
-3.463278415303601143e-01
6.534633029239809987e-02
