-3.766392660415375514e-48 -9.191922228028986881e-48
1.351599612967818987e-47 3.298593489852848727e-47
5.795704342311623721e-48 1.414447910593740388e-47
-8.152331088246651387e-48 -1.989585253171861496e-47
-7.199679886822371662e-49 -1.757089689460522822e-48
3.535879854566941212e-49 8.629351986434009615e-49
-1.549158698695549322e-48 -3.780738687696243122e-48
1.339918617516114994e-47 3.270085895876832781e-47
6.716475623569518591e-48 1.639163191372362805e-47
7.809435528695949775e-49 1.905900858526379717e-48
-7.277555464302952528e-48 -1.776095286691007482e-47
1.347913643872529241e-47 3.289597849079819045e-47
-9.979551108274968081e-49 -2.435520516829515589e-48
1.408039942486839958e-47 3.436336660167405603e-47
-2.477541772269369785e-47 -6.046467527351255155e-47
-2.037872065127876409e-46 -4.973448895990353969e-46
-5.851953787901827783e-48 -1.428175671496554443e-47
-1.165608022062556136e-48 -2.844679214033044971e-48
4.106758161768453531e-48 1.002258776526701545e-47
2.830468825215644487e-47 6.907789845337927535e-47
-2.477902113612088690e-47 -6.047346944560241909e-47
-2.592459940108822806e-47 -6.326926997070281842e-47
6.317095511044853796e-48 1.541693979156242822e-47
2.509588400346468711e-47 6.124677297891761867e-47
-1.323928739121586334e-47 -3.231062448359202945e-47
8.702477591510636950e-48 2.123849071353342746e-47
4.800484939499229374e-48 1.171563549715149594e-47
2.304383725404683850e-46 5.623873413096409942e-46
1.695233334727462083e-47 4.137235302371773513e-47
-1.091911297066955916e-47 -2.664821351350883971e-47
-2.821545386409913718e-46 -6.886012100513817992e-46
5.545552401711463058e-48 1.353398053521435959e-47
-2.368118029117834075e-46 -5.779417741619579520e-46
-1.934230218834650390e-46 -4.720509787359091157e-46
-6.816244939971193857e-48 -1.663511997809412748e-47
4.753869029414956852e-49 1.160185871883806207e-48
-1.483847307679329191e-47 -3.621345439938164063e-47
8.191999989482919497e-48 1.999266467013520359e-47
7.057061890414733796e-48 1.722283616673185121e-47
3.524560454051495456e-48 8.601727866976043286e-48
-3.511198372247080558e-46 -8.569117666567608411e-46
-3.477657544198549007e-46 -8.487260925563283232e-46
-1.593462871459149716e-47 -3.888863392139366516e-47
4.620239847300773561e-48 1.127574515574772883e-47
-3.569141311443285930e-48 -8.710528246172236943e-48
3.036399352299846096e-48 7.410365396687219177e-48
4.203648803699490214e-48 1.025905026405349607e-47
8.326656517785074487e-48 2.032129532696514140e-47
-3.814668640709142311e-48 -9.309739978186524869e-48
-3.731586801145959253e-48 -9.106978520998951857e-48
-2.458621545228789606e-48 -6.000292726308554198e-48
1.622875922334909977e-48 3.960646164834558110e-48
-3.920285514881236252e-46 -9.567499264563653413e-46
-4.262684719373300157e-46 -1.040312824051753140e-45
-3.482474216034642218e-48 -8.499016209536137214e-48
5.561199471686090948e-48 1.357216753264236982e-47
2.661662886425676607e-48 6.495817050383381171e-48
-9.141703270423997783e-48 -2.231042627666140962e-47
-6.267917091279879791e-47 -1.529691950141655732e-46
1.024406226757271101e-47 2.500074473831731463e-47
2.133287918529490302e-48 5.206312352145768634e-48
-4.289718875427332298e-46 -1.046910538764424574e-45
4.797242908597361358e-48 1.170772310413233854e-47
-1.266094459349416879e-46 -3.089917273719846491e-46
-3.387283350412758609e-48 -8.266701770882092697e-48
6.580319558801839039e-48 1.605934090038562359e-47
4.213904813264979802e-48 1.028408016066398977e-47
7.016449410101841034e-47 1.712372069237900546e-46
-6.895889076390601732e-49 -1.682949364353621778e-48
-1.533201211575814559e-49 -3.741796488710451720e-49
-5.320060655433692836e-48 -1.298366577844821374e-47
-1.747606102664152489e-47 -4.265051660960892031e-47
-1.009285983600748888e-46 -2.463173423611292967e-46
-9.107462724432440903e-47 -2.222686146587162870e-46
-2.773085090908176873e-48 -6.767744323439438297e-48
-1.868602800202450664e-47 -4.560345358053906572e-47
3.696746804446987496e-47 9.021950593746963265e-47
-1.176479352412873642e-47 -2.871210618571783998e-47
-3.246586288711901676e-48 -7.923328992904980970e-48
-2.832707261822301542e-46 -6.913252764799560942e-46
-6.082520706155528196e-48 -1.484445762754351492e-47
-1.177549422729644139e-47 -2.873822166212525509e-47
9.081172861729419086e-47 2.216270053637072260e-46
-2.115939530955481248e-46 -5.163973334451969776e-46
-1.238884209215657484e-46 -3.023510319219950806e-46
-3.108956093650385459e-46 -7.587441031509284223e-46
-2.751725145912494034e-47 -6.715615165546314213e-47
-1.700404553237794396e-46 -4.149855724872400695e-46
4.836488987496617741e-48 1.180350366131873514e-47
-8.758525035400950055e-47 -2.137527531853442155e-46
4.612866860898753070e-48 1.125775124392415905e-47
-1.868591551218007781e-47 -4.560317941311832127e-47
7.962032903467945196e-48 1.943142740907397445e-47
-5.279617240907853677e-48 -1.288496305809982391e-47
-1.018771492683050796e-47 -2.486322862712470552e-47
6.555782060600631440e-48 1.599945704756215374e-47
-1.307662245125521452e-47 -3.191363894407104358e-47
-2.189996538056680325e-46 -5.344710312693664594e-46
3.221764262155662357e-47 7.862750326435841458e-47
-2.277749271067823346e-46 -5.558871803230055807e-46
-9.648152314937849899e-48 -2.354642027323732020e-47
-4.290826235086146095e-48 -1.047180788587856948e-47
-2.547622842038408375e-47 -6.217501147804829728e-47
-1.112706139651534289e-47 -2.715571404446443752e-47
1.075742962172768690e-46 2.625362328580423905e-46
-9.045114533020790996e-48 -2.207470000770064897e-47
-5.163584803900097228e-48 -1.260178468128672257e-47
-1.588059634221223473e-46 -3.875676764816357106e-46
-2.698515156678154752e-47 -6.585755496875349426e-47
-2.367904134501057407e-47 -5.778895689033789159e-47
1.335729453115228309e-47 3.259862197522853877e-47
2.887031685785751111e-47 7.045832099539661960e-47
1.010915238196261232e-47 2.467149588731825703e-47
-2.011478137696264957e-47 -4.909034173860864101e-47
-2.119848702829305983e-47 -5.173513744735488889e-47
2.031108372843848781e-49 4.956939900874210070e-49
3.035812129012362134e-48 7.408932320465029361e-48
1.103616086621479131e-47 2.693387001877721461e-47
-6.238206155079019019e-48 -1.522440996542640601e-47
-1.991034002652625172e-46 -4.859140057890566519e-46
7.296563573994420541e-48 1.780734234590447387e-47
-8.138740261388946037e-47 -1.986268386932995332e-46
-2.550216266417287841e-46 -6.223830447364823661e-46
-3.946995261419049837e-46 -9.632684689834237217e-46
7.971493897901883474e-48 1.945451712305207281e-47
1.982068550725966057e-47 4.837259752468225185e-47
-2.502115839150066793e-46 -6.106440827964666202e-46
5.797014677009739973e-47 1.414767652315437642e-46
-3.581789948716336145e-47 -8.741397224322047742e-47
4.126641481773042469e-48 1.007111320609833327e-47
-1.497422851325141443e-48 -3.654476740133873109e-48
4.084298456572011583e-48 9.967774788777242208e-48
3.301438089464789090e-48 8.057195313190088104e-48
2.130939387811218048e-46 5.200580639225513561e-46
2.432794738972215214e-48 5.937261724060717785e-48
-5.419705502143127062e-48 -1.322684996661035432e-47
5.835275809841960925e-48 1.424105377766947350e-47
-2.249998072073038339e-46 -5.491144662987801495e-46
-2.914519084843326666e-47 -7.112915519000752885e-47
4.107765363686182697e-48 1.002504569068913417e-47
1.712756357047798385e-48 4.180000242205821291e-48
-1.929162024250830137e-47 -4.708140812220003790e-47
-3.597989538905269516e-46 -8.780932460195524428e-46
-9.779104220265319288e-48 -2.386600971365194553e-47
1.121025140127221630e-47 2.735873980807970711e-47
-1.616852309574974011e-47 -3.945945574782400824e-47
6.353170435147424067e-48 1.550498118750744387e-47
-1.036373330199721151e-48 -2.529282581500985568e-48
1.557513415274991256e-46 3.801128340865832394e-46
1.147359079462431492e-47 2.800142264356926108e-47
-8.664480466327122133e-48 -2.114576150801386182e-47
9.469542309846835504e-48 2.311052040833085411e-47
-3.797576841285565746e-47 -9.268027421665956525e-47
1.116482685391900143e-48 2.724786759570004660e-48
1.584994353457031925e-48 3.868195714768444828e-48
3.673197634632926590e-48 8.964478330804151881e-48
-1.510592295606497204e-47 -3.686616866846318668e-47
4.935702438838834710e-49 1.204563498170834404e-48
2.265266577760233871e-48 5.528407558274308741e-48
1.495379570247582953e-46 3.649490015535680681e-46
-9.643948703893826656e-48 -2.353616122368450348e-47
2.065924487539228475e-47 5.041911054413944905e-47
1.382153761165886799e-48 3.373161083334446383e-48
-6.410392671222009348e-48 -1.564463286931014278e-47
1.292284314982097537e-47 3.153833856574218840e-47
-1.986743524934346308e-47 -4.848669090794561799e-47
1.012827731391629572e-47 2.471817040466565072e-47
-2.122903156413207818e-46 -5.180968156299380874e-46
1.306182996501427270e-48 3.187753790327962137e-48
-3.496338642615907932e-48 -8.532852454723581926e-48
-2.390060918042153281e-49 -5.832970026100529987e-49
-2.058442669522361181e-46 -5.023651642951304460e-46
-1.303024656944980437e-47 -3.180045804706588165e-47
-1.156271616476121233e-47 -2.821893396026636705e-47
8.400359237270452516e-48 2.050116765256902359e-47
1.298588159232520975e-48 3.169218397699389599e-48
-4.856700614850654842e-47 -1.185283062698920838e-46
