-8.582097822816476299e-48 -1.826434739778842228e-31 -3.021537642339526915e-31
3.079753275457005155e-47 -3.600429293305853259e-31 -5.956321570855999452e-31
1.320608505823611991e-47 -3.238912962769455132e-31 -5.358251912386601265e-31
-1.857589190990696678e-47 -2.108474641846058328e-31 -3.488126544848581177e-31
-1.640518202305977656e-48 1.004052607658024428e-30 1.661040869872647014e-30
8.056851828563356274e-49 -4.437022839615209295e-31 -7.340328804433987903e-31
-3.529911155186742037e-48 2.092658471942761214e-31 3.461961277795990721e-31
3.053136972747733057e-47 -4.233313780478914453e-31 -7.003325473923290066e-31
1.530415331823402145e-47 1.487939364051773417e-31 2.461552389517929340e-31
1.779457111148931096e-48 -2.359085530903424389e-31 -3.902721284192353661e-31
-1.658262925866837529e-47 -2.338206074853881034e-31 -3.868179638092831113e-31
3.071354429503031027e-47 -4.860629214175925448e-31 -8.041116288592962742e-31
-2.273939287305507572e-48 -2.773406339200221196e-32 -4.588147317221523074e-32
3.208358154448714526e-47 -1.733417277329074108e-30 -2.867655459710364200e-30
-5.645323743434431524e-47 -3.026085539615183356e-31 -5.006163739523343011e-31
-4.643492861654654437e-46 8.358109571665308365e-30 1.382712567799872540e-29
-1.333425493940329741e-47 2.660903352794817209e-31 4.402029521224795936e-31
-2.655953020218559530e-48 -1.144757385791598043e-31 -1.893813919097003986e-31
9.357654276874797440e-48 -2.382805940828566585e-31 -3.941962823963551043e-31
6.449502903712927912e-47 -1.102231929591907848e-30 -1.823462505018785924e-30
-5.646144816746277640e-47 4.446224289591773100e-31 7.355551098919938573e-31
-5.907176069970451108e-47 -5.064773421534503457e-30 -8.378839500687678437e-30
1.439412637531126305e-47 -3.431058469463151002e-31 -5.676125236101243283e-31
5.718345215608340224e-47 -5.321271964758296822e-30 -8.803174401177922554e-30
-3.016702450736372981e-47 3.032774188926501059e-31 5.017229016168801484e-31
1.982945513377608665e-47 -3.667608492249535843e-31 -6.067458571247892877e-31
1.093837928670218352e-47 -3.652580346606244810e-31 -6.042596961486110407e-31
5.250766027603326914e-46 -6.272949442461960105e-30 -1.037756918223453991e-29
3.862756667439612578e-47 -2.405972665612439258e-31 -3.980288382199845650e-31
-2.488027785368206454e-47 4.471232275922955666e-31 7.396922723327350502e-31
-6.429169965915495961e-46 2.716376575028888620e-30 4.493800897158208088e-30
1.263608915172142900e-47 -1.235307004806837604e-31 -2.043613458273088601e-31
-5.395990924503887297e-46 6.385514922902307727e-30 1.056379036439392316e-29
-4.407334683905790599e-46 1.547972856643366894e-30 2.560867987122345222e-30
-1.553148756983410065e-47 3.185328821376992736e-31 5.269605711827923578e-31
1.083216205803715778e-48 -4.918679948651677720e-31 -8.137151737089295169e-31
-3.381092712537127900e-47 3.728249655265230544e-31 6.167779460210702794e-31
1.866628146290216905e-47 -3.914926632795972265e-32 -6.476605996567345737e-32
1.608021281932407950e-47 -1.041062332206760242e-31 -1.722267407794377427e-31
8.031059285554126383e-48 -2.042865741729685606e-31 -3.379587347111836348e-31
-8.000612443920773014e-46 9.922434809909458310e-30 1.641504600675284614e-29
-7.924186350683146060e-46 9.778910577757989783e-30 1.617760863185599416e-29
-3.630862609267824830e-47 1.067247530700467099e-30 1.765586537242403709e-30
1.052767307463206727e-47 -8.176461654713156546e-31 -1.352661890008346024e-30
-8.132641120832150046e-48 -1.472333601485235172e-31 -2.435735207000954753e-31
6.918735980648898439e-48 -9.706432415262593092e-32 -1.605770536268478722e-31
9.578429206284754558e-48 -2.078212412494861850e-32 -3.438062634469362720e-32
1.897310967858876281e-47 -1.874419639876489547e-31 -3.100920813690330484e-31
-8.692099465811264315e-48 -2.146199707568231601e-31 -3.550536497778580259e-31
-8.502789170211832323e-48 -9.457476674909274186e-31 -1.564584879624363999e-30
-5.602212099401275389e-48 -3.472308502295012033e-31 -5.744366670757878751e-31
3.697883168550309632e-48 7.340431691578447498e-32 1.214354402271819901e-31
-8.932757922562318192e-46 5.828274538302533825e-30 9.641927260703800933e-30
-9.712948342203394764e-46 1.230506784968559736e-29 2.035672279419569340e-29
-7.935161588844120200e-48 -2.961905955198160148e-31 -4.899989110908216673e-31
1.267174252061447177e-47 4.303569421591389924e-32 7.119551944864063594e-32
6.064861904288091079e-48 -2.775067712792229131e-31 -4.590895788183517872e-31
-2.083027415325385944e-47 -2.234108889702769443e-30 -3.695967865865087673e-30
-1.428206845639574252e-46 -4.102672335872111836e-31 -6.787200564594813825e-31
2.334210816041728763e-47 -3.239102871519941436e-31 -5.358566085362901448e-31
4.860907306484625070e-48 4.530511820688153507e-32 7.494991037528652179e-32
-9.774548338717813089e-46 1.272366010708402703e-29 2.104921524135223370e-29
1.093099202986222135e-47 -1.844483456583717095e-31 -3.051396293204017849e-31
-2.884921327491152830e-46 5.646976336549940805e-30 9.341999029405328670e-30
-7.718259812423673715e-48 1.466915331199287816e-31 2.426771564737256471e-31
1.499390838348840503e-47 -2.395344876384579479e-31 -3.962706442638887085e-31
9.601798538504716091e-48 -2.061689152980689438e-31 -3.410727603269595546e-31
1.598767331694275674e-46 -1.909694800769927667e-30 -3.159277799657432986e-30
-1.571296438512969788e-48 -4.009367432259878157e-31 -6.632842857560983041e-31
-3.493550065465548334e-49 -1.123928169217433076e-31 -1.859355385995023170e-31
-1.212228387634981747e-47 3.069477519581212793e-31 5.077948675490367832e-31
-3.982093185604799518e-47 1.055986478066798066e-30 1.746956966919455328e-30
-2.299757836510906708e-46 9.461093998491347503e-31 1.565183306665294036e-30
-2.075225375180051471e-46 3.154094351848483792e-30 5.217933389043316362e-30
-6.318748377210568760e-48 1.152748586080318957e-31 1.907034053358567608e-31
-4.257796126233472933e-47 4.967617771884020779e-31 8.218111363956993233e-31
8.423402886737154443e-47 -5.230072337325057489e-31 -8.652299529355107658e-31
-2.680724453874771924e-47 1.262970345774761405e-31 2.089377932758255340e-31
-7.397667667329024873e-48 -7.181300373390806370e-33 -1.188028727584024066e-32
-6.454603404297751031e-46 8.681923817601623485e-30 1.436282340204705470e-29
-1.385962447114199811e-47 4.453181961690622543e-31 7.367061429780315377e-31
-2.683162709811845222e-47 -5.825236119582374145e-31 -9.636900693733638725e-31
2.069234974185063860e-46 -5.322655227792137812e-30 -8.805462783694381017e-30
-4.821377306462498820e-46 8.090408496077859610e-30 1.338425801940382665e-29
-2.822920091371980205e-46 -3.078070032766831176e-31 -5.092163583621062568e-31
-7.084063664675388941e-46 5.557260738921533229e-30 9.193579242245552632e-30
-6.270077628608730484e-47 5.795221038443069309e-31 9.587245649660559550e-31
-3.874539798487427322e-46 5.192417412733430695e-31 8.590005613457049583e-31
1.102041808563661797e-47 -4.792663500077708898e-31 -7.928678127478533580e-31
-1.995716473695379581e-46 -8.718872958021429390e-31 -1.442394971343337977e-30
1.051087300655811437e-47 -1.144458353015813551e-31 -1.893319218263372459e-31
-4.257770488086545477e-47 3.414052551210695173e-31 5.647991724936992004e-31
1.814227875003592497e-47 -3.644371240054805769e-31 -6.029016336942045546e-31
-1.203012958200010484e-47 1.916649852410343685e-31 3.170783795397785866e-31
-2.321371514526280004e-47 3.504973781171927971e-31 5.798406033662298062e-31
1.493799723898364447e-47 -2.755771645649849491e-31 -4.558973600135959295e-31
-2.979637636673581079e-47 9.119880015044656901e-32 1.508735032187024704e-31
-4.990123506414642168e-46 4.172874127504660401e-30 6.903337950375781278e-30
7.341108268271718234e-47 2.532171570409906439e-30 4.189063835799543190e-30
-5.190076780571344999e-46 6.135301316188525609e-30 1.014985286372921112e-29
-2.198426841033929033e-47 1.670311195377843748e-31 2.763256765399891750e-31
-9.777071571384019897e-48 -8.462217646447363566e-32 -1.399935546534036131e-31
-5.805010384057656542e-47 6.157191580623478958e-31 1.018606672702823368e-30
-2.535410886534010555e-47 4.749232642877538658e-31 7.856828875484298399e-31
2.451186641148387437e-46 -6.192751456893442234e-30 -1.024489472803289517e-29
-2.061018724052062247e-47 2.436140742329097507e-31 4.030196532439811565e-31
-1.176573820145475890e-47 1.598937089377687622e-31 2.645179977179183403e-31
-3.618550793909343796e-46 4.261192938017244130e-30 7.049446981636731382e-30
-6.148833429627626094e-47 7.318701007499261528e-31 1.210759415902527294e-30
-5.395503551377980692e-47 4.430891136704961209e-31 7.330184904544515309e-31
3.043591547246893468e-47 -5.434779310797473754e-31 -8.990953745969024739e-31
6.578386974053718866e-47 -4.768391682111137038e-31 -7.888524373261794892e-31
2.303470262341317499e-47 -3.444351520515840593e-31 -5.698116415562774063e-31
-4.583351699525422427e-47 -7.174499486404848401e-32 -1.186903632031379931e-31
-4.830284735065253884e-47 2.113514948286762662e-31 3.496464907730000852e-31
4.628081483549644776e-49 -2.706670685476507319e-32 -4.477744089873430784e-32
6.917397926085826081e-48 -2.078399110705817478e-31 -3.438371496132960758e-31
2.514698307543814909e-47 -1.599307601806731584e-31 -2.645792929411705147e-31
-1.421436909693022428e-47 2.085900693379030470e-31 3.450781638105503050e-31
-4.536767714766078766e-46 6.156433335127539344e-30 1.018481233383356215e-29
1.662594111802816190e-47 -2.956319419171214953e-31 -4.890747100488653310e-31
-1.854492388537481321e-46 3.429099936848891409e-30 5.672885164124496384e-30
-5.810919754486250617e-46 9.979369456381872030e-30 1.650923507013572131e-29
-8.993618719412747446e-46 1.103334697019479902e-29 1.825286853417660815e-29
1.816383655142652391e-47 -2.184268611643782389e-31 -3.613515275044281740e-31
4.516339050542815245e-47 -5.216753901004380490e-31 -8.630266354118361182e-31
-5.701318178946586091e-46 2.060532151799905638e-30 3.408813533993636616e-30
1.320907086521245594e-46 -1.733106698915663197e-30 -2.867141658507080294e-30
-8.161462317660292563e-47 4.633988104603062346e-31 7.666175630182735699e-31
9.402960389145027636e-48 -5.262079304948944783e-32 -8.705249823929794360e-32
-3.412025923555871780e-48 1.335430210356989649e-31 2.209250931024023492e-31
9.306477589045498564e-48 3.976259608269332545e-31 6.578071376125250734e-31
7.522652931393265309e-48 -2.301434277594708737e-31 -3.807346711968962387e-31
4.855555963921232220e-46 -7.707124417742162559e-30 -1.275017718137675744e-29
5.543363237782259289e-48 -1.162372772519656273e-32 -1.922955696201840346e-32
-1.234933452961801013e-47 3.085129766164687749e-32 5.103842758212919017e-32
1.329625254414778952e-47 2.282438251639520895e-31 3.775920893006823363e-31
-5.126842938028793433e-46 7.465251909471622148e-30 1.235003866425950134e-29
-6.641019707747519987e-47 5.430592171994771158e-32 8.984026809445829797e-32
9.359949313535852898e-48 -4.181435050855215087e-31 -6.917500598289500230e-31
3.902684636994205610e-48 -4.088432961926879649e-31 -6.763643848637895568e-31
-4.395786300268025864e-47 6.912936676287536639e-31 1.143632341829057025e-30
-8.198374691367384280e-46 1.180378985235141226e-29 1.952744031000176987e-29
-2.228265528399516458e-47 6.062752121986122107e-31 1.002983208421290860e-30
2.554366557011112567e-47 -3.064046659209139387e-31 -5.068964204987747237e-31
-3.684157754257952061e-47 4.285811762000722043e-31 7.090174800570576814e-31
1.447632662851118462e-47 -1.344846827876577917e-32 -2.224829185028515387e-32
-2.361478658271393220e-48 5.121127686915017486e-30 8.472068418450299086e-30
3.548948223455691097e-46 -1.014709500817828824e-30 -1.678670957130315437e-30
2.614371036636945288e-47 -4.575273394003548011e-31 -7.569041741754284576e-31
-1.974287438580676107e-47 -4.594518170274269744e-30 -7.600879077441089539e-30
2.157728790092145382e-47 -4.238087073950804682e-31 -7.011222107506265615e-31
-8.653154083788549863e-47 1.289930500428613632e-30 2.133979100462604124e-30
2.544016348486967501e-48 -2.087175493945128297e-30 -3.452890587203459826e-30
3.611566282731801689e-48 -2.107115315553038216e-31 -3.485877761755965954e-31
8.369743820463195298e-48 6.839508091353259848e-33 1.131484783059500592e-32
-3.442033811288053420e-47 6.201995977326307813e-31 1.026018827554648006e-30
1.124648576921039838e-48 1.436400758317089779e-31 2.376290193245906354e-31
5.161633746894310213e-48 -1.287239072716746628e-31 -2.129526573380238946e-31
3.407370118496642954e-46 -8.925377447044423456e-30 -1.476557762561961710e-29
-2.197469008275437354e-47 1.790455539955555833e-31 2.962015939078174705e-31
4.707413092106975959e-47 -7.842159361800735432e-31 -1.297357041718081985e-30
3.149373944490422374e-48 -1.407778723757396703e-31 -2.328939716966129359e-31
-1.460671311453508147e-47 -7.519559063173268250e-33 -1.243988097046653057e-32
2.944597508874749770e-47 -3.087312923329756862e-31 -5.107454434781311999e-31
-4.526991438989415693e-47 2.391575274571436339e-31 3.956470252794825140e-31
2.307828068536779434e-47 -5.503189464722618567e-31 -9.104127160108153444e-31
-4.837244612017563998e-46 -1.848952955378971383e-31 -3.058790348167022893e-31
2.976267019410571010e-48 -9.420585886833257265e-32 -1.558481901926905027e-31
-7.966753061288144935e-48 -1.641268309157803788e-31 -2.715210058860199845e-31
-5.445989892514014710e-49 7.121795353402390431e-33 1.178184594974839621e-32
-4.690365022535542024e-46 6.538641173922249828e-30 1.081711270951264036e-29
-2.969070434687178953e-47 3.992218867725149135e-31 6.604473361446361877e-31
-2.634679134853107030e-47 3.921524926129173838e-31 6.487521794020822726e-31
1.914104860088246570e-47 -1.585537455608291179e-31 -2.623012474039869336e-31
2.958961450966876115e-48 -2.633759219877943078e-31 -4.357123991565982869e-31
-1.106647222970350914e-46 1.241342800846280531e-30 2.053598695926235002e-30
