-6.003242748142831320e-02
2.488056191445448262e-01
-1.919187937336467795e-02
2.252587507194576677e-01
1.591583071247008319e-01
-1.779559292164201167e-01
-2.727588608487558058e-03
-2.163095723772689438e-01
5.166707163650607892e-01
5.230390672008117248e-01
6.103913553314090079e-02
1.306790332483932782e-01
-6.223247940804845779e-01
-4.198683241226527918e-02
1.492233320908331606e-01
-4.477582744180129692e-01
-1.434644087383291355e-01
1.721120640203230578e-01
3.465624177121204297e-01
-9.245956147752450172e-02
-3.782772252716561090e-02
-9.751536609376848519e-02
2.937827007316576311e-01
-5.614670173722786234e-02
-1.153766601060367790e-02
-5.036262716510461201e-01
-3.848200897127146414e-01
3.684466618886630407e-01
1.769679678090720909e-01
-1.739160388901846155e-01
-8.197282116437243924e-04
-2.639328951960147329e-02
5.889160043161789648e-01
1.945082522117353718e-01
2.128367152765073822e-01
7.135619160826045526e-02
4.444038421531226746e-02
2.344763580856412677e-01
1.190718270169257307e-03
3.260440038600828649e-02
7.255779019285982234e-02
-3.707567156651427331e-01
-6.276358907065119341e-01
-5.094863482781235575e-01
-2.559689877687217341e-01
-5.898174606522622182e-02
-5.714677722518502617e-02
1.624837116349012456e-01
2.486286406972303478e-02
5.143927592344132993e-02
1.283638540854064869e-01
-2.997790986983561168e-01
7.315316602070566498e-02
1.721181400803236394e-01
2.034120750362449492e-01
-2.246581086248979620e-01
-2.429638489182196770e-01
-1.302864041212200008e-01
-3.961318630749899317e-02
7.875318583818205487e-02
1.902532997301304707e-01
1.078266059134588978e-01
-1.993328706076498424e-02
-2.391938769945696763e-01
-2.874444972861650571e-02
-6.978714524754306425e-02
-3.693806328596130339e-01
-1.268292113059292237e-01
-1.313926831712119991e-01
3.762325105142647064e-02
2.935621267507205201e-01
4.688827181495107133e-01
1.467918650817176263e-01
4.776953690189230869e-03
-4.348048959939930513e-02
1.585574305417767893e-01
-3.359478062711797053e-01
2.276719076538089859e-01
-6.218640750735287409e-02
4.030606966932039764e-02
