-1.002316465679444213e-01
3.392845347346222784e-01
-1.922244780723535856e-02
3.007495151035943226e-01
2.128167971203069053e-01
-2.630641147709098515e-01
-5.046902473495079762e-03
-3.083371412705066539e-01
7.623435320291661599e-01
7.515366611247673578e-01
9.623726024774670318e-02
1.711493197776776110e-01
-9.343643044735135961e-01
-7.385155750649470552e-02
2.029172859591868994e-01
-6.512633947991661731e-01
-2.152371592581345250e-01
2.351874365068811479e-01
4.804074433893559259e-01
-1.260642506663133822e-01
-6.658458611298313790e-02
-1.438393886202019856e-01
4.218611080216775888e-01
-9.985281809776186401e-02
-1.709161768410868282e-02
-7.661051691074837189e-01
-5.655120315165559353e-01
5.333735271525672506e-01
2.494583970487179447e-01
-2.436584206841467537e-01
-2.037130802719580580e-02
-3.898641708240383613e-02
8.692548077365351844e-01
2.524287562233288873e-01
3.150249455791780395e-01
9.186076156595972264e-02
5.333367855343378039e-02
3.267426093324710679e-01
-1.536959912354786406e-02
6.208102171845827910e-02
1.086267936979903592e-01
-5.399850776174505151e-01
-9.179756802048625319e-01
-7.379355618863701061e-01
-3.874047348658217205e-01
-8.225486817069284362e-02
-7.388792283981140963e-02
2.306691349604935437e-01
2.857994915467139407e-02
6.546913577663009132e-02
1.752647490615261983e-01
-4.252996477218680682e-01
1.015169605234717415e-01
2.373086453814426400e-01
2.745821048931607056e-01
-3.207136992307174084e-01
-3.500682432500150654e-01
-1.904699013981458466e-01
-5.490002300967242871e-02
1.081898901966596299e-01
2.571705124546552201e-01
1.455190638301170902e-01
-3.833762917264820630e-02
-3.422326941469290840e-01
-4.209540871896844116e-02
-1.019039530742195665e-01
-5.510487979632119337e-01
-1.930341991354202758e-01
-1.893366096881421157e-01
4.500868575936544519e-02
4.143577120909829326e-01
6.796244661739658799e-01
2.095200281228837003e-01
-1.866416692294149606e-03
-6.070212531456020688e-02
2.315742927453060263e-01
-4.954294197523304577e-01
3.065323607540301754e-01
-9.871385352225610366e-02
6.195283660600531261e-02
