-9.349634816628453471e-02
3.292626755619675327e-01
-1.749754111621949770e-02
2.927177946804529474e-01
2.075954779581714871e-01
-2.505944585195218344e-01
-3.078327696382782662e-03
-2.948570272610075982e-01
7.313804488453216068e-01
7.229800934472899732e-01
9.344022476174326797e-02
1.676490990495226596e-01
-8.899681326511101886e-01
-6.802281356499378928e-02
1.975819725915703429e-01
-6.227826597736521030e-01
-2.044708681196978073e-01
2.287092897461922292e-01
4.647857489301364664e-01
-1.199507828269729820e-01
-6.129559197957942102e-02
-1.362529286113975113e-01
4.069371991242546338e-01
-9.268934879091141055e-02
-1.477936148826247686e-02
-7.293037654773419920e-01
-5.403220246722538755e-01
5.133056253869180408e-01
2.419104036435471283e-01
-2.330114972709192434e-01
-1.624316243976978158e-02
-3.577401521600111906e-02
8.327059283083562136e-01
2.467447132736329818e-01
3.035048625973790215e-01
9.086265108850558048e-02
5.378947452897336196e-02
3.165590037084778929e-01
-1.173399901470819143e-02
6.002640119571624189e-02
1.056699512407515418e-01
-5.163084754805263854e-01
-8.768490688538166378e-01
-7.059675569899568348e-01
-3.687493213243087098e-01
-7.757365143383519734e-02
-7.009534807246299570e-02
2.234676519679661688e-01
2.974988617131068408e-02
6.517905387196688827e-02
1.709129203253655360e-01
-4.075439069486426757e-01
9.958202099404929453e-02
2.307385396416635759e-01
2.671240794263239904e-01
-3.066573898303693868e-01
-3.344768513742205074e-01
-1.811082877593451490e-01
-5.134208365358014503e-02
1.061857704589462131e-01
2.502913125225513791e-01
1.422713754989614887e-01
-3.440580473680956985e-02
-3.272264206592584990e-01
-3.880526488305289373e-02
-9.612121998598914530e-02
-5.255184358272164680e-01
-1.829111291992396582e-01
-1.803319688594783032e-01
4.565259706963504388e-02
4.003544581582815787e-01
6.534492979579292760e-01
2.031384597632817646e-01
7.931948889354819687e-04
-5.688094773447708447e-02
2.238231383511533057e-01
-4.731298557795203807e-01
2.980102701331968640e-01
-9.252067240683471694e-02
6.077272217360280698e-02
