2.381441364719764753e+00 2.266002613031164792e+00 3.364918438140979351e+00
1.615321755211441834e+00 3.565558529103019847e+00 3.924031817583677917e+00
2.450308029286344613e+00 1.497298106262767992e-01 5.518721651625031477e+00
2.799856802557369129e+00 1.357500760796842121e+00 4.725201746722419216e+00
1.130875849714346071e+00 3.871589342621680530e+00 3.650681917789057263e+00
4.437880501959322821e+00 8.978275281844999567e-01 1.809695292828630064e+00
1.292484823490728463e+00 5.283317270247278152e+00 1.655262146503946985e+00
3.927059479750378834e-01 5.346155619142455073e+00 1.623303489051057147e+00
3.878965701761146967e+00 1.983466911153151768e+00 3.947774040155948683e+00
1.171578572359040171e+00 4.580642885805310982e+00 4.159641188117137567e+00
4.774739421330595590e+00 7.599881032033599659e-01 2.726155369321184185e+00
2.877853285633008351e+00 4.429356927782039932e+00 1.234647823086278962e+00
7.884367461552691525e-01 6.273947325734438030e-01 4.655095318377862057e+00
4.266790149228493867e+00 6.477637895064762841e-01 2.903045290345856788e+00
5.147610460601788063e+00 1.855811121133534858e+00 1.488234229574074474e+00
8.038771971629077653e-03 2.863781985086256032e+00 4.082488088604653953e+00
2.264809060847457894e-02 3.492147823933541062e+00 4.226054176231227366e+00
3.805331309787779670e+00 9.599129561844310654e-01 3.840148502118846618e+00
3.292853791149827458e+00 1.018119004931516303e+00 4.832054777374095167e+00
1.104369470706310530e+00 1.582559341124494701e+00 5.083815634734489386e+00
9.278243558176589856e-01 1.264856125529680853e+00 5.624235256666108462e+00
1.789081208806921897e-01 4.004052765645357503e+00 3.677134324204435867e+00
3.146469860221932091e+00 4.595696397749819084e+00 1.328645262308066011e+00
5.886383020740389327e+00 1.006731571432316896e-01 1.213103046384305772e+00
2.811661830755848079e+00 5.184950914639255615e+00 2.543956668612647187e-02
4.328613310175065010e+00 5.058752071359388092e-01 1.297189587676091493e+00
6.529445543701317689e-02 4.376064107833995465e+00 2.408008715213223017e+00
2.580273835589980802e+00 1.592172854503917101e+00 5.328437465796353578e+00
4.154372769001593579e-01 3.692945349515240228e+00 4.690258829935127771e+00
3.990852332172009298e+00 1.219608965660231581e+00 2.171121913109858692e+00
2.424498469227850617e+00 5.254303496008794205e+00 4.340974778458350780e-01
1.854089837775329208e+00 1.894261127006505285e+00 4.403689175536859679e+00
1.080157594030466628e+00 4.641869279651014146e+00 4.525269652291064482e+00
2.632666375198463360e+00 5.610163790428018160e+00 3.818321155382661813e-01
3.538483404606981964e+00 3.808959096226661512e+00 1.600056532359835249e+00
1.875245205354392208e+00 4.879657096228131152e+00 1.576584781856887441e+00
4.496180753491102244e+00 1.007906831153724037e+00 2.321283298047978061e+00
3.636112776380117317e+00 1.349326676146887838e+00 3.881410409528970984e+00
3.428575375750973819e+00 3.061629148489660501e+00 1.618692613360282806e+00
5.104363717285224311e+00 3.499690776896514088e-01 2.611805519220417704e+00
4.681793603776674750e+00 3.948179935125176176e-01 3.043209812810933723e+00
3.408544942987250970e+00 1.509756769383796327e+00 1.777564352738834730e+00
4.021293098456448334e+00 2.147724648690072305e-03 1.913159293220964674e+00
3.377111708421239644e+00 1.126901580642032163e+00 1.898037166003295084e+00
1.272729387868523965e+00 1.215429747811479277e+00 4.743441801285547932e+00
1.348881565251700332e+00 6.676194906533947204e+00 5.598272458604802715e-02
5.365367990652434749e+00 3.389258182421200916e-01 1.748623871889680048e+00
1.868847050846102364e+00 3.277052782586503898e+00 3.688415153124351864e+00
1.996055132556113776e+00 5.194999310791249769e+00 9.412240817481501987e-01
2.789224385542398377e+00 4.680877169861209275e+00 9.052781463772082704e-01
5.215856688076000225e+00 1.296599303733976249e+00 1.776494150948324080e+00
1.711271681479922702e+00 1.089944181294808745e+00 4.437459019369163649e+00
2.087743358750070222e+00 5.820637095682421602e+00 5.406891102292203932e-01
4.061316385920356709e+00 7.278352016385816192e-01 3.813463818857563137e+00
4.481450824480473827e+00 7.034041004102967731e-01 3.275153354130271310e+00
2.103329700069609121e-01 4.578860195787807008e+00 2.743618231215546821e+00
5.358844737061072117e+00 1.717894302191280004e-02 1.278570143874407927e+00
1.003920239055803965e+00 1.670333127614594515e+00 4.917219883145776294e+00
5.579364492285108668e+00 1.431721234260069364e+00 5.090182385431594181e-01
4.003735884490579267e+00 3.035911083455455906e+00 1.147721181464167683e+00
4.032603958521101539e+00 6.825488340699918943e-01 3.777351673364510720e+00
4.457358939918519170e+00 4.872334989558589347e-01 3.375047268626472530e+00
3.881520315148614397e+00 2.993224855460610900e+00 8.860531807178050334e-01
3.060839153760550602e+00 5.588400033331106243e-02 4.228937339938623197e+00
2.370771762606194155e+00 4.378495050065615013e-01 5.173467348271569399e+00
1.373550626801063324e+00 4.638664901080365333e+00 1.936749242225981105e+00
5.186398001584159090e+00 1.145964266697119704e+00 3.162149637432112859e-02
6.710394361649194561e-01 4.169465125658008198e+00 2.876271530312863867e+00
2.425724066435407611e+00 3.858182738029971026e-01 4.801628242651798217e+00
2.283751134772873392e+00 2.570160104796967104e+00 3.517001644872843613e+00
1.392596027690234273e+00 4.464782282378966904e+00 3.386319945980147406e+00
1.088489406453421848e+00 4.114895244219810344e+00 4.747056480861132854e+00
2.723581879870260902e+00 5.231217194976101936e+00 7.988851509895608105e-01
5.013598422431899237e+00 4.388611108917248593e-01 2.157792132005460495e+00
2.229671636853821859e+00 4.692007041860366989e+00 9.851502404639546073e-01
1.334215412857819416e+00 4.260357411078318890e+00 3.237369260455190023e+00
4.048784292471758306e+00 8.511394022794661618e-01 1.609791356150469310e+00
4.228078411275897786e+00 4.547326717916296834e-01 3.994787585364165672e+00
1.513981275444108876e+00 1.302710985944720568e+00 4.964897789955173835e+00
2.693657444605142004e+00 3.332205392478670536e+00 2.378136787693518439e+00
