2.349357551698570745e+00
3.146218926173837804e+00
2.430406066318075542e+00
2.531340747199254171e+00
2.664043831975031917e+00
1.913138933016447218e+00
2.845595901451600795e+00
2.685456145776475623e+00
3.163810290153988625e+00
3.825149144865341633e+00
2.088341327837782924e+00
3.033122549686484870e+00
1.924920527458575004e+00
2.272885124468345008e+00
2.363386588700229218e+00
2.315392026103458623e+00
2.647529434309581209e+00
2.512901126595438406e+00
2.817675693587005092e+00
2.246758438950854142e+00
2.304584664926472737e+00
2.823788825694556248e+00
3.166627033744296771e+00
1.975252282527000025e+00
2.764410818120933477e+00
1.705130321764819712e+00
2.259628307522752788e+00
3.017051924015854425e+00
3.217087987611463529e+00
2.100792197055034727e+00
2.835861609790332416e+00
2.366711723886325114e+00
4.030887845408736680e+00
3.152494289930964921e+00
3.018333373670417430e+00
2.954420446908048614e+00
2.147595203142947717e+00
2.716005870600351813e+00
2.338335034459302797e+00
2.212787564625062764e+00
2.406655861329243251e+00
2.069809916436776476e+00
1.657317019838145278e+00
1.894145284838455012e+00
2.142314965694339879e+00
3.046436679980443873e+00
2.011038784225570364e+00
2.729971202502942784e+00
2.854422976824367630e+00
2.856733808085894832e+00
2.236975068326611638e+00
2.392449653544165944e+00
2.969452008775711693e+00
2.491245051127740417e+00
2.276148471209314295e+00
2.596758296673407074e+00
1.750537294479209471e+00
2.246950882617227752e+00
2.026185367514158120e+00
2.532154080599243517e+00
2.441295213038000789e+00
2.368031242264227565e+00
2.231603806807862522e+00
2.166826256495917313e+00
2.078783264012319609e+00
2.941365643494780358e+00
1.778958714556315712e+00
2.635590369283795642e+00
2.453502700477505627e+00
2.557888468110677049e+00
3.161161080352171915e+00
3.772746029184015804e+00
3.102957252994631876e+00
2.024124728901276260e+00
2.638294451863890888e+00
3.076455477808551109e+00
1.951134757957763588e+00
2.465079474910731872e+00
2.112381747515363006e+00
2.602179708483836507e+00
