-8.149058723780817637e-01
-2.718708956022643175e+00
-2.082662380532062762e+00
2.261049884820839351e-01
1.307212281616798033e-01
-1.588606685623979331e+00
5.155777312119982358e-01
-2.329960243507251949e+00
-5.655912671665163510e-02
-1.196370210079204632e+00
4.903171194261313898e-02
-2.215008198726680977e+00
-8.189987613780587150e-01
-1.956389311100430461e+00
2.554450055680726472e-02
1.066971488657791234e+00
9.084737438950168942e-01
-5.516960321710940862e-01
-7.788556955740244536e-01
-2.110923228340168212e+00
3.323988783140400471e+00
-1.037015835690422216e+00
-1.732905628334194148e+00
-1.086238098647847039e+00
1.738129882643980606e+00
-1.881162295278208774e+00
-1.829134041631023333e+00
-1.725973454144974939e+00
-2.036281440952582233e+00
3.783862121124223155e+00
6.296800359321139684e-01
-1.278670876978864612e+00
1.007908587542899026e+00
4.459658572827968626e-01
2.376749881470874987e-02
-5.178856860306390031e-01
2.120458389921795028e+00
-7.399131512352824513e-01
-2.833094058991306174e-01
-1.277527829093619616e+00
3.091966192819563641e+00
4.825258003265087581e+00
1.503692936102042355e-01
-2.089904942523213904e+00
-3.787152633039743699e-01
-4.044786661274790140e-01
-1.210241413492147977e+00
-8.335047963214456956e-01
-1.772445803841508211e-02
-1.483460756323788488e+00
-1.087699728153338041e+00
-1.655050986943925051e-01
1.715633226820834967e+00
7.300437397963173147e+00
-9.507564495657467862e-01
-4.510443772773325977e-01
-1.476473987185068948e+00
-1.886057147747801921e-01
-3.934367493753281736e-02
-2.015579195385098554e+00
3.844470337560506046e-01
7.134843150967202341e+00
-1.234473521861642498e+00
5.935334703496570885e-01
4.088770284255122678e-01
-1.359869402609379607e+00
-1.344923779264727726e+00
-1.979295175850094290e+00
-1.573637749432420962e+00
-7.800786661676354372e-01
9.249380888371964149e-01
1.009484598778727760e+00
-1.647898199144625167e-02
2.149110330338317887e+00
3.927858880679152009e-01
1.342003248038283303e+00
-8.553358791327171362e-01
7.396626730063136090e-01
3.514361274336201268e-01
2.319385517788681295e+00
1.564251208408479199e+00
-6.244630810868311288e-01
-1.354780932261797188e+00
2.037002690075491174e+00
9.616145296558933908e-02
1.207648839944364560e+00
1.528155404627625502e-01
3.411819786946944100e-01
-1.753050759674450676e+00
-1.811097570166254611e-01
-6.425004479664911949e-01
2.741633281872124517e+00
-2.727685553678932173e+00
1.803862689380167916e+00
1.691609726393657143e+00
-2.462527184677189673e+00
6.538763626905462756e-01
6.841914382884478618e-01
2.930059446572272353e-01
1.007507523610487343e+00
2.777388841874067205e-01
1.435060979225062927e-01
1.383892727272867662e-01
1.648820686588563067e+00
-1.894033739925384818e+00
1.297141167033377229e+00
8.749023966433491228e-01
7.185035019016448032e-01
1.858170450721070566e+00
3.514281655311781716e+00
-3.165193187438985145e+00
-1.366163626596932357e-01
-1.867133358911175822e+00
7.263309809482855657e-03
1.749219989007963605e+00
-7.891575616537686022e-01
-1.597774518431700042e+00
-1.452641246764837968e+00
6.340325764093329708e-01
1.304662303247746458e+00
-1.889571250038563965e+00
2.529894909689896831e+00
3.046470276890719919e+00
6.020963654206052951e+00
-1.619301805471849987e+00
-3.947501720986296814e+00
4.612826301152118669e-01
-6.132871062324999345e-01
2.900917966659390390e-01
-3.006865282367985892e-01
2.853288407660656278e-01
1.661744607192451983e+00
-1.364008444376347162e+00
-2.015448803745679029e+00
-6.274010023509750678e-01
5.421871087339075190e-01
-5.145002212934982749e-02
1.843547449992718912e+00
-7.581590431533082042e-02
-2.678681114266299179e+00
-1.727453481751697106e+00
4.064325916088995960e+00
6.438724910094687282e+00
3.241352674398128020e+00
-2.390914157007731689e+00
8.346748306362812564e-02
-5.033934461707367802e-01
3.448286563301333207e-01
-4.196507420873782923e-01
-2.584723839109015930e+00
-1.230844955876850610e+00
-3.025073888690170687e+00
4.887992668639622451e+00
-6.083027849897102435e-01
-1.795982013342905192e+00
2.427236600271098430e-02
3.683830737235339825e+00
3.003388839895292373e-01
-4.377729940899001693e-01
-2.609692262020749443e+00
7.251151334678899163e-01
-1.275889191708046710e-01
-1.913250709176374242e-01
-2.995731515937964384e-01
-1.890387250243847239e+00
1.221155978265939357e+00
-3.346463966565604409e+00
2.869891777175805347e-01
-2.583965762473252603e-01
-7.051090449870655030e-01
-9.545410771179042853e-02
1.368995715750649600e+00
1.652063592658616242e+00
2.593097936212688914e+00
-9.714386492865849654e-01
-1.940420977494828225e+00
1.927528843871866293e-01
