1.582321939845218406e+00
2.440049155838816652e+00
7.863486940475142850e-01
1.174812363117842873e+00
2.307378300416939254e+00
6.984110716880225223e-01
3.061759927961608785e+00
2.932543632303489023e+00
1.788273296944268731e+00
3.463709271212715102e+00
6.493678572330803256e-01
2.793873795344743449e+00
8.587424834060354284e-01
8.923007015617332449e-01
1.169244573322782532e+00
1.871544835482693347e+00
2.240001365157375801e+00
1.124302152664975907e+00
1.211262484361702807e+00
1.312574154394150483e+00
1.096855572123328848e+00
2.817531481141611227e+00
2.943093111919442340e+00
4.262423658985726727e-01
3.047315683718227586e+00
5.544834977586623470e-01
2.180236731549280105e+00
1.600323404253688242e+00
2.698123180198488846e+00
9.101131243420771399e-01
3.042865061288254847e+00
1.455765566346076456e+00
3.449154216342434243e+00
3.472147827637129591e+00
2.473447127558463965e+00
2.983226593989144693e+00
7.675332113803982059e-01
1.401875785516771389e+00
1.562274806575847164e+00
6.219012972740536327e-01
8.474178466126017772e-01
1.157436840299000069e+00
2.431608617463090205e-01
9.700484963370655800e-01
1.078876747262595526e+00
3.925877258274710346e+00
5.393719624083747055e-01
2.229393618469684313e+00
3.024141992180612082e+00
2.791713906044783311e+00
7.953602411473356115e-01
1.338325905928996473e+00
3.330653822906657791e+00
9.741781280113228636e-01
6.913404586172302579e-01
2.700566593401142246e+00
3.154775773728230592e-01
1.380548332649736532e+00
7.383820404787426739e-01
1.816057769212831685e+00
9.231346296498973425e-01
7.919749952860484221e-01
1.535069572442141483e+00
7.097274007007501329e-01
6.277317312930459359e-01
2.843512456815632916e+00
6.471161919324812661e-01
2.464202095162819628e+00
1.021895226563096282e+00
1.762418627652152736e+00
2.889506910852068788e+00
3.059400899488514902e+00
3.063664605424113674e+00
5.071491183242815559e-01
2.631047107119378392e+00
2.696057868699416549e+00
7.340009970757105373e-01
7.211157535698980992e-01
1.036292727067147368e+00
1.910030545218889486e+00
