6.992484594184165125e-01
1.889391116617912925e+00
-4.060302985658024166e-01
1.475998775520777073e-01
1.724178732920616408e+00
-4.465451857767984700e-01
2.681204623166387524e+00
2.508731274919507204e+00
9.499381388876279031e-01
3.299638125662284427e+00
-5.456230318791929212e-01
2.246611285382936529e+00
-3.423450144849862209e-01
-2.065886909830307594e-01
1.304272197171902348e-01
1.017739379885158169e+00
1.544579739401162444e+00
1.106732077344930870e-01
1.683021044233327657e-01
2.877093719809373229e-01
5.615252864190629217e-02
2.241112307603522869e+00
2.433624320553185338e+00
-8.577598409498159437e-01
2.541600721294242859e+00
-6.781335325084301147e-01
1.530818946455150709e+00
6.305267170055018910e-01
2.150285436906866021e+00
-1.939193353020975397e-01
2.593036892050866182e+00
5.662302627592638027e-01
3.225098135879199468e+00
3.086117067735985930e+00
1.829222205807720325e+00
2.489759885888238600e+00
-3.029454226033512221e-01
4.218169830378628582e-01
7.414977557912890704e-01
-5.809674876228343443e-01
-2.810919091229699962e-01
7.860706324382296661e-02
-1.220501031043708773e+00
-1.650420141426185983e-01
-1.059310673896579451e-02
3.806113130183832904e+00
-6.446113426214563624e-01
1.560135133897889714e+00
2.551679109186228533e+00
2.300003668047531757e+00
-3.410390204776718726e-01
2.973743675287706667e-01
2.972375672418849479e+00
-9.548787640951866829e-02
-4.610929789984637428e-01
2.139464425600246855e+00
-1.028045475442638246e+00
4.481324782472137502e-01
-4.235598399816866699e-01
1.086328960569375779e+00
-1.661328634480707944e-01
-3.311298009023017075e-01
6.803275704829891968e-01
-5.838004043381433972e-01
-5.875898793326540526e-01
2.294925649142846691e+00
-5.879417738016293749e-01
1.840951169900084228e+00
-1.710449135140083843e-01
9.825348545766285913e-01
2.394365960735637344e+00
2.704447783964860630e+00
2.602486585229675242e+00
-7.107898074245192488e-01
2.032907138818343729e+00
2.180383859991391837e+00
-5.899964597037455905e-01
-5.008746509537418401e-01
-3.841209357260542967e-02
1.209303410177536620e+00
