-4.935819053327908934e-01
-2.183456747606205006e+00
1.754276410761979321e-01
8.371853098207926447e-01
3.258019444261412989e-01
-1.715167980979052542e+00
1.728730556539189278e+00
-1.720201985457600280e+00
-7.796565002832413216e-02
5.956371942574080203e-01
1.560067400931802045e-02
-2.388827954658303998e+00
1.350743382453482688e+00
-1.274261378220230112e+00
1.339252319558341120e-01
6.193604604646091971e+00
3.274974600121675294e+00
1.370924989198791133e+00
-1.134788777215275823e+00
-2.355115725956544726e+00
3.029528306214130051e+00
-1.260905602828523986e-01
-7.721937902729008041e-01
-3.565814944245130902e-01
3.075153321057916056e+00
-5.613809515728055421e-01
-1.189075666942636111e+00
-2.032134844461924050e+00
-1.409975196395870212e+00
3.033711015305147196e+00
2.187362084889316272e+00
-4.347947908011845497e-01
6.542200928635671708e+00
5.810328297392307384e+00
3.521817260079946443e+00
1.132647472077527473e+00
3.006415221113303726e+00
-2.527122818490308842e-01
-1.868967395568094547e+00
-4.571126948172823390e-01
6.767869334199242637e+00
6.461839036446452411e+00
2.603583607827780755e-01
-8.818507825492821750e-01
9.752690526914207236e-01
1.348740485437728065e+00
3.060505355520730109e-01
4.085928417850189232e-01
-3.698116173201156792e-02
-1.019033452486499236e+00
4.048830478082149908e-01
1.090390339792674856e+00
5.521851393293339072e+00
6.608620351839793017e+00
-6.186881298491756498e-01
-5.678318899712583856e-02
-8.325688373256734387e-01
-1.119244049275667008e+00
1.921103990788704197e+00
-1.440850112861993715e+00
5.128123303946505729e-01
6.504160915997110770e+00
5.154654424890108277e-01
5.851963535816012474e+00
1.399031337638596106e+00
-6.350796989190752306e-01
-9.860462139279436711e-01
-1.436444518975751095e+00
-1.596490058784225452e+00
1.160159530184249776e+00
2.853113769413542222e+00
2.080831578168634621e+00
1.346154517560762764e+00
5.410184967474568118e+00
2.644940566291531070e+00
3.457174621183715768e+00
-4.193934023279200507e-01
1.332983571669898115e+00
-2.202196037939909978e-01
4.930838858425193649e+00
2.179389144560070601e+00
5.812951414708307230e-01
-2.800225393470871516e-01
5.691724774386344166e+00
4.897608645340824296e+00
5.507367054666294948e+00
4.062615939659366404e+00
1.335878913558894210e+00
-2.204408180097177372e-01
4.603514892043727436e+00
2.024440022337946399e+00
3.156459110146661917e+00
-2.354946339185423732e+00
2.163275725422514117e+00
2.000112141801850374e+00
-5.165881905828000331e-01
2.668443664004834126e+00
6.022256977032606429e+00
-9.546856257767052378e-01
6.403017310628885461e+00
1.581451628910108376e+00
1.196026254523427701e+00
7.544047567141221045e-01
2.700864490273582774e+00
-2.771708766686824532e+00
2.511947983325028666e+00
2.366760141183271493e+00
5.646482764479066496e+00
3.979462431736952244e+00
3.851547054922220159e+00
-2.410807097051419490e+00
-1.611255389668167781e-01
-1.398701146829977704e+00
-2.513961481559555400e-02
1.976222107485774426e+00
2.301414396920321792e+00
9.147049674122104124e-01
-2.204451880940045072e+00
1.988155412501638297e+00
3.704940148022709323e+00
-7.092927689686063797e-01
4.889429624211069303e+00
6.476246910768320042e+00
6.206983310493034089e+00
-2.317124955900611738e+00
-2.901314281405682038e+00
4.379380130583505171e+00
-7.800045250910643546e-02
4.237058661400478599e+00
-3.603426229372401479e-02
9.807697890403006546e-01
1.042831945690559703e+00
-2.515527327420734038e-01
-5.368103010982807177e+00
1.498218157028051944e+00
2.977813281397910794e-01
1.810542590764297133e+00
3.222477984227862358e+00
1.127508151559917238e+00
-1.938237893882782448e+00
-1.024404292908430991e-01
3.091253767303908884e+00
6.695768043873115083e+00
3.053341461108614485e+00
-9.325863786868894278e-01
2.078582885075985764e-01
6.823723627530331459e-01
2.132064753412834524e+00
-4.225514457127553136e+00
-2.455539864286361951e+00
-6.692780878829022173e-01
-1.143621887719811880e+00
4.216729710747214810e+00
9.207700538018798175e-01
-8.195475577469083506e-01
1.840598966087957811e+00
3.365597550267699578e+00
2.712673682258302521e-01
-6.306384732972581952e-01
-2.606834955121174247e+00
1.560423946745961077e+00
-3.137594809931167905e-01
-1.518887123109463055e-01
1.681954498983011304e+00
-7.039437993970314444e-01
3.514409068295235361e+00
-1.915163370024367762e+00
5.216154844064988527e-01
-1.147479112992377592e+00
5.900557883499153028e-02
2.185697456429349511e-02
5.726723794532667888e+00
3.767368626718883728e+00
3.318125354509734670e+00
-1.083050439105945228e+00
-2.792091081445264855e-01
4.239168769860389929e+00
