4.453525776336153541e-01 4.766604234600420598e-01 3.670472092740601489e-01 9.748634059643250527e-02 2.937951476685449204e-01 2.946156566354470874e-01 3.691476797291090572e-01 3.458223831342467358e-01 3.388508984164503163e-02 1.016752159082849952e-02
2.633841983361310812e-01 3.693787776624730679e-01 1.650801418329887749e-02 1.249720945612138590e-02 2.630233196134378337e-01 2.546803033737508881e-02 3.250980457081810715e-01 1.395632536705004034e-01 1.530480618009690506e-02 7.736463161436375469e-01
3.984082545227119430e-03 2.655085354876219328e-01 7.577486258163122768e-02 2.725471233669440191e-02 6.005983529440778179e-01 1.925786109582982089e-02 5.827102287333137953e-01 -0.000000000000000000e+00 1.460165452558836834e-02 4.713290037407301680e-01
4.880047861380351626e-01 4.079142490982134439e-01 3.077920679619288724e-01 1.644501168764466240e-02 2.946425527767809749e-01 4.090816871645009400e-01 1.828516824017273057e-01 2.062578887309647613e-02 2.530049290969248466e-01 3.852495072391807218e-01
3.267483972763587374e-01 2.824234847581549857e-01 2.843302854407585567e-01 3.883798240260670220e-01 9.020471309249772363e-02 3.153142852988634059e-01 4.964501197545747035e-01 2.773884646009303623e-01 2.892920055755507924e-01 2.591002243138716965e-01
2.297265611664582874e-01 3.656063097296909925e-01 2.208642351486533317e-01 1.597155033797036843e-03 2.665849764211726813e-01 3.506944664246919308e-01 2.447242054670599465e-01 5.499644449252204526e-01 8.476342553774258992e-02 4.485357822312623921e-01
5.690914007540078812e-01 1.973228832338376482e-02 1.138413870541575834e-01 5.894671663260652172e-01 2.249032390968167539e-01 2.185759600977028594e-01 3.167513802595798844e-01 7.186318451347876307e-03 2.069095890370620805e-01 2.715927786390443521e-01
1.803289780664029118e-01 2.560155630066004440e-01 1.637038961873800991e-01 6.638471867134874971e-02 4.105651216017544014e-01 1.898290794982402385e-01 5.475358556343448146e-01 5.042415536580616697e-01 -0.000000000000000000e+00 3.347801346080662710e-01
3.678188522244396075e-01 1.487694615147578947e-01 3.455252696607038487e-01 4.612309566014929918e-01 1.188948530000595999e-01 3.030663861354652155e-01 3.867862851559305537e-01 3.602326801036961901e-01 1.503803162968060936e-01 3.201320942411331472e-01
9.311811400718808529e-02 1.788707749165833472e-01 5.163663891154445240e-01 3.829365798514891561e-01 6.875283636498616957e-01 5.894280248248703717e-03 4.216927406532943248e-03 1.474989697884447337e-01 9.464866115495408974e-03 2.268618194172756231e-01
4.117224378860436795e-01 2.376760103147367298e-01 4.562011107833841006e-01 3.267895647147113780e-01 1.469537295929310150e-01 4.322580700783169583e-01 3.216965291675545346e-01 2.883302584555857417e-01 9.871666242393938029e-02 2.329666566847632958e-01
1.884098096754673879e-01 5.597308054558041146e-01 4.080257815829426704e-01 9.323538078806571650e-03 1.913546503222423034e-01 1.622027491689957135e-01 2.560867587953017527e-03 1.279182492940607596e-01 -0.000000000000000000e+00 6.366594314545135358e-01
4.715611915639526808e-02 3.011468494673938956e-01 3.195624487873469782e-02 4.493903598119303178e-01 5.213922579843781602e-01 2.123668924428546712e-01 4.397994040922286740e-01 2.789836658423192617e-01 2.514233831239521266e-01 2.295545152752381801e-01
5.284237915853425005e-02 5.229273794350326465e-01 1.590362955729819616e-02 2.301075619034541608e-01 4.564437795934119246e-01 4.334274493667800154e-01 1.240088613596718736e-01 2.278215959702052096e-01 1.287529546920249957e-01 4.364558911295106092e-01
3.122192994585214487e-01 3.634381235379054442e-01 3.119551301430899537e-01 2.787539959557042701e-01 9.046938857081772423e-02 2.640717684425176737e-01 4.773395240380735594e-01 2.960122396087270791e-01 2.800722474454848676e-01 3.515347859999647384e-01
3.213456390212386937e-01 2.547799277263873008e-01 3.675659827706724836e-01 4.647586115852627708e-01 4.602739010224595750e-01 1.741939338164801357e-03 1.414149241160039816e-01 2.547006204319611222e-01 3.978952139342423755e-01 1.602266007219429467e-01
6.429480450726098376e-03 4.230444571786831087e-01 3.891312999202980460e-01 1.622162588636982816e-02 3.294954319146051747e-01 1.508738556462908831e-01 2.581269295998050994e-01 4.739145849547986566e-01 4.966796942831768202e-01 7.766273660315512091e-03
1.407511668725784648e-02 1.929243456875919527e-01 4.313628632763825688e-01 3.909397501424932142e-01 6.052039293887906402e-01 1.139007278471532020e-01 3.881010526549065198e-01 2.977494362203804701e-01 3.870333305248616421e-03 7.167269077370069796e-02
8.412220694242880659e-02 4.646108993263091680e-01 3.246723994308872152e-01 2.956303363229270675e-01 1.058845963017115699e-01 5.376828683057263136e-01 1.476479112403665805e-01 4.720450528254473976e-01 1.822811510642978194e-01 7.799636909702561960e-02
5.760524804162076712e-02 4.299195823013866602e-01 1.180178843028208656e-02 3.388863917891544730e-01 2.792319817746525268e-01 5.709655514230060902e-01 3.744083349133246474e-01 3.511923400424015740e-01 1.356859430961597224e-01 1.047235538613044831e-01
3.387606405805070886e-01 4.205672241885158313e-03 7.294276775713286476e-01 1.815314105991410907e-03 1.022842703954825738e-01 3.979818705557166547e-01 2.552860778808391795e-01 2.791787100631317742e-01 1.665660556246374990e-01 1.159650062823411321e-01
1.594216009615898391e-02 4.318070758990029123e-01 2.404754441914007945e-01 6.017765529629676494e-03 6.096369601812839933e-01 5.118531967576409741e-02 2.904266814841912486e-02 3.986190891452985885e-01 1.442794097915038321e-01 4.478721702792237691e-01
4.046343225300589874e-01 4.743842180404783115e-01 2.078652008612310587e-01 2.787067018412405228e-01 5.338831477371489553e-01 4.712034951482015933e-03 3.969045950017107693e-01 5.520627450076115439e-02 2.152580843206262917e-02 2.103509969241232624e-01
1.885454500629106522e-01 3.739188776287593052e-01 1.083620346459279390e-02 2.895467347106371256e-02 3.773468524765408727e-01 9.498514203297073188e-02 9.905824647618319267e-02 1.312503950245133000e-01 2.159008035849661888e-01 7.737016906621339007e-01
2.839536397241648191e-01 3.035885530156373635e-01 3.232477219371399785e-02 7.817015620902704326e-03 2.873163942311943719e-01 9.095978373755312513e-03 4.410355508427575566e-02 7.985414104131940624e-03 7.726658012918432572e-01 3.800572933422468047e-01
8.338021691206423669e-02 3.273400975517906653e-01 5.607747460054596234e-01 6.045901727517654506e-02 5.235548658884777717e-01 7.742099986577750947e-02 1.258815777619919363e-01 1.372073863663939852e-01 -0.000000000000000000e+00 5.029879164811512648e-01
9.834691253825232973e-03 2.458453939642327168e-02 9.101215168858436955e-03 4.642385209238024668e-01 3.565010432936392970e-01 4.148438964511768079e-01 3.450577730414274291e-01 2.883068206768459874e-01 3.018921678548782545e-02 5.304838472150387174e-01
2.370530989493141449e-01 4.600851042161435700e-01 8.427883267487448760e-02 4.931894075623539653e-01 3.528797506234949144e-01 3.680182051043173752e-01 3.233815136846267535e-01 2.491601834462767173e-01 9.781036668179972360e-02 2.135509912445452685e-01
3.591265535586860014e-01 3.518119003850728732e-01 7.912639385521641477e-03 1.976557943109683857e-01 5.050481349334052794e-01 6.027842045332627852e-02 5.562692365137544837e-01 3.740890432300187363e-01 -0.000000000000000000e+00 6.395315578870524806e-03
6.824277706981252134e-01 2.772266500869972894e-02 1.889626844204963796e-01 1.500708383982343221e-02 2.707596224785558392e-01 2.694374176829177348e-01 1.509292380882928247e-02 2.125881805758188803e-01 5.125632939781243902e-01 2.086665438931607497e-01
-0.000000000000000000e+00 1.215364510772177914e-01 3.922276928548574237e-01 2.063305459122964092e-01 2.978696197137650215e-01 2.295231650229377918e-01 1.297455018436463429e-02 6.262492904381791181e-01 2.994979858267189932e-01 4.066340910071408743e-01
7.819774966345580114e-02 1.085458390739679202e-01 1.794340199867788810e-01 5.100750130616876765e-01 6.180809351482118297e-01 2.603642929592698274e-01 4.149175469169723574e-01 2.122693060813771182e-01 1.359856311190999964e-02 1.500548862395315042e-01
2.320600869738347061e-02 2.760996842354286884e-01 5.261410909706134564e-01 2.549114836793034411e-01 6.025255114441322446e-01 2.008725804674550697e-02 7.209792395118615194e-02 9.798197094952412756e-02 4.487532970379824460e-01 4.251522853718002481e-02
1.788962387334655513e-02 1.430360432342320416e-02 4.039539093146086168e-01 4.107638394354323763e-02 2.375757350085303254e-01 4.757816570270611001e-01 5.589513844434905732e-01 6.263732063420700269e-03 2.733312598530899806e-01 4.057376750325297765e-01
4.821497780732952182e-02 1.590965547147892012e-01 4.137778956051386126e-01 4.509364308946358646e-01 5.453436104343101221e-01 2.077831476545165534e-01 1.869139781131207156e-01 1.952369404795101515e-01 1.888455280482171372e-01 3.853795130739102737e-01
2.317078705428612662e-01 1.256576130141697500e-01 4.171719173872743269e-01 2.882606375073936134e-01 5.180675392702304149e-01 3.981089635578704405e-02 4.036146046679607302e-01 2.558785019788822890e-01 7.119273731135919436e-02 4.122731834488532754e-01
5.398979059916242385e-01 1.142330527672774480e-02 1.776452441378593428e-01 5.547999938863827467e-03 4.147748454459277423e-01 3.279528761044821494e-01 2.288140893638071494e-01 5.445214844724083347e-01 2.198643905478424310e-01 -0.000000000000000000e+00
2.681606257654362002e-01 1.241455003190729545e-01 8.567649944842324616e-02 7.220342821882747009e-01 3.588816139753448486e-01 4.250551758804062552e-01 1.326067638125079384e-01 1.679076015273964773e-01 1.668732470218520572e-02 1.687599113215194069e-01
1.528943169853586859e-01 5.422538224565146558e-01 4.238949143366179673e-01 6.835423526941419858e-02 -0.000000000000000000e+00 2.181782620842983023e-01 3.271913103752006058e-01 2.629721054928790824e-01 2.354939826869330011e-01 4.679286999157962201e-01
1.858062845564657783e-01 1.893195649748359022e-01 2.536238555422014040e-01 2.995127109980895153e-01 2.793474489342676614e-01 2.013528695287443160e-01 7.137791723482335149e-01 3.674192687601613994e-01 7.965600265548909709e-02 7.874339845707076235e-02
1.732586685587079456e-01 1.898632346636799570e-02 2.241791474103815296e-01 3.160920676986577194e-01 2.987646570988904959e-01 4.395125177562564378e-01 2.740066287421564217e-01 3.141578030331966254e-01 5.758644241425555643e-01 1.778322285319804130e-01
2.505142149631816029e-01 2.495725007163592801e-01 3.285403740750121072e-03 1.673730256198645017e-01 2.095616459855346170e-01 2.760374417554176119e-01 8.526247120545935032e-03 2.523840774823083999e-01 7.696287021329072386e-01 2.659326232004912693e-01
4.986044453561875867e-01 2.461103452090009913e-01 3.807742086270276549e-01 2.643860327384734421e-01 1.053623883781874687e-01 3.029278033378857149e-01 3.762101774056914039e-01 2.801052656596536017e-01 2.669055500170800510e-01 2.860702987130032127e-01
1.518570363632423259e-01 1.943296334134373970e-01 2.584182489628125690e-01 1.261887218948299499e-02 5.782471936809958635e-01 2.469734350243864632e-03 1.226106581097205633e-01 3.099631265152312798e-01 2.471566586804993526e-02 6.527931622986152815e-01
1.698783572526864349e-01 6.294115341126549357e-01 1.796525286010640932e-01 3.756206846419824635e-02 3.368432223359627553e-01 4.669666999754751857e-01 1.786510652218998574e-01 1.135007700782201534e-01 4.057952164483303314e-01 1.751809115576115350e-02
3.375799836462282100e-01 4.336977861289863512e-01 1.827202367087152057e-01 2.352658569357917173e-01 3.474847016915320608e-01 2.385393046743870538e-01 5.443843232003328092e-01 1.102948753272516534e-02 2.701794786816468230e-01 2.491781835940070355e-01
1.122704234382210370e-01 3.323042785355233009e-01 1.875954641008461057e-02 4.215678777974706803e-01 4.222348895395133250e-01 2.111640341399875775e-01 1.115718825975348938e-01 3.203724515770625114e-01 4.102203206977864114e-01 4.389279745332296812e-01
2.948645365527678419e-01 3.392403363129600224e-01 -0.000000000000000000e+00 3.702808649238086280e-01 4.675678510907604890e-01 3.579589357472383049e-01 3.331947946609584710e-01 2.966364007192177632e-01 1.507154948520895710e-01 3.039434149785442685e-01
4.333443735834580646e-01 2.605348473510612495e-01 2.833126977884694031e-01 2.479486204722423648e-01 1.918375256323743283e-01 5.544549120353837734e-01 3.520996623936455405e-01 3.047868440331301110e-01 1.188753298783308404e-01 1.654304136156869165e-01
2.001021246844287421e-02 4.787298651516824211e-01 3.262814821969042267e-01 2.389280160887704840e-01 3.022730255902776331e-01 4.232062275899418635e-01 1.371602861023561160e-01 4.438721990348544200e-01 7.292472255449247709e-02 3.394777219823384984e-01
2.382128901214773109e-01 5.885331879181369130e-01 3.057206752566739572e-01 1.000228215827237517e-03 5.519385888710363064e-01 1.924703980765654632e-01 2.323425422681471564e-01 1.176175436354671838e-01 8.506463603989165845e-02 2.944200708498643793e-01
5.442233574467925106e-01 3.533053699428234662e-01 1.253310059485726775e-02 4.176905274134520840e-01 2.993973977981910783e-01 2.073078563043560529e-01 3.279341852722167383e-01 4.703604595031066204e-03 2.244662432835138055e-01 3.373579704756779485e-01
1.931556593433938207e-01 2.833493282780415526e-02 5.408483723444144076e-01 1.545524824259297270e-01 9.977718582373498735e-02 3.745959170078264622e-01 1.044456462956842857e-01 4.416640205028302679e-01 2.411679690887047756e-01 4.806963843764442967e-01
4.000362555979030121e-01 -0.000000000000000000e+00 3.741719683923820372e-01 1.099505399084139412e-01 6.422998816600429539e-02 2.668113660635615392e-01 3.144566948717452542e-02 2.521825042995295418e-01 6.922774407356054871e-01 2.621650511685345020e-01
2.946751617608334706e-01 5.548085439616542436e-01 2.980129162309768098e-01 2.376086090774705006e-01 2.151094456569496161e-01 3.893158116385727063e-01 1.135544774401247015e-01 3.127374246473507147e-01 1.550499192046680130e-01 3.570795581805021324e-01
3.240510786985195679e-01 1.725635559754562232e-01 4.791321002206906828e-03 2.691242159150037394e-01 1.755846047828443779e-01 2.978849266329569034e-01 5.184207970060026316e-01 6.152205402855340788e-01 1.530673904917092543e-01 5.010461309346061348e-02
1.189404383617153650e-02 5.341835936137498964e-01 -0.000000000000000000e+00 1.761075602821795399e-02 2.603935996703362829e-02 1.821218338884720844e-01 1.255897414569434323e-01 1.849494936896105279e-01 2.466519057916863045e-01 7.546745057671611079e-01
5.370642816925369489e-01 3.466416054712933570e-01 2.975265439841517923e-01 2.195191270083812207e-01 9.430891557513805534e-02 4.661900638677884956e-01 2.753239925132697219e-01 3.500643190430930973e-01 7.341963283197801282e-02 1.572410416428959290e-01
2.162266829542748292e-01 1.769025499712890692e-01 4.490498752622921752e-01 2.329489992925642960e-01 2.192943264983936713e-01 2.901852496105672974e-01 5.605527557861772481e-01 1.512147397148371486e-01 2.063186021541475179e-01 3.925434330115374348e-01
1.890351227371938336e-01 5.509862974308881167e-01 1.312100815987127800e-01 4.259664689326860820e-01 6.011362987021572346e-01 8.914925509594265329e-02 2.954457920630372825e-01 7.342309906535562924e-02 4.451161762461386048e-03 2.210108678438664747e-03
2.949425012757452835e-01 3.455878602988089465e-01 3.019259627557079328e-01 1.083469393368252515e-01 1.537031841187115611e-02 2.754541594986120723e-01 4.951435825910425748e-01 3.860909639270176386e-01 2.420141799942927552e-01 4.021990821807203131e-01
2.156638388236284121e-01 9.507268851412853383e-02 2.575771075345594796e-01 7.865427387213826463e-03 -0.000000000000000000e+00 3.607697913158031677e-01 6.419851455487357583e-02 3.927390732339172685e-01 7.676202920176056210e-01 1.677132343517190663e-02
5.486440944203295755e-01 2.246198776454936263e-01 1.473012470374199800e-01 2.159968291280789376e-02 4.705823320237558782e-01 1.379385250947599284e-01 4.003137553482691846e-01 3.827983676275726332e-01 2.051709755649739064e-01 1.923948399298213985e-01
1.902237309971183676e-01 4.711309686329306218e-02 2.841785361146040856e-01 5.739569200224103884e-01 5.699743035961306603e-01 3.743242448235607478e-01 1.190353568098197548e-02 6.880638335962376527e-03 2.803100715925415654e-01 8.751674831240871533e-02
2.528831035052956921e-01 3.027633181989365374e-01 4.562112055330077021e-01 4.065734932093495457e-01 3.105328286215079947e-01 3.187441032554070297e-01 3.752804888884695433e-01 3.174284491703157629e-01 1.758155527820288722e-01 2.044564465863057262e-02
3.064429957982162112e-01 4.688066507995075072e-01 4.847704308351285032e-03 2.913650130852532549e-01 4.401228697872460183e-01 3.728375901180714519e-02 5.531160372348855117e-03 1.312010362723028123e-01 1.315061443883540904e-01 6.097208808491301202e-01
1.469951551772998542e-02 4.326828196350875344e-01 4.504317896284869560e-01 2.290029637247875116e-01 3.664725488658074903e-01 3.973285582568739649e-01 1.160623879263190938e-01 4.928777159449943546e-01 7.212153870650150900e-02 5.887102804539251499e-02
3.745883386119043812e-01 3.455429385722648128e-01 4.286589323357225916e-03 2.923093102735154214e-01 6.228479637613513198e-01 1.398658049204628759e-02 5.139410530324123316e-01 2.207640305408468950e-02 3.290501007709507181e-02 3.130212150389650311e-02
-0.000000000000000000e+00 7.189783347542504366e-01 1.635187763482711387e-01 2.258892010423560644e-03 1.587546811072013814e-02 4.069165595771628285e-01 1.593583461392406378e-02 2.564365165286447423e-01 2.100546550844731020e-01 4.246845281379578729e-01
4.297153439573897504e-01 4.252021172358090850e-01 3.226804738027977404e-01 1.348965056836054152e-02 6.322840219111722782e-01 7.565818829933153647e-03 5.153506061371333768e-03 1.852634912619943175e-01 2.056327606146497178e-01 2.318813183153579927e-01
1.455072726710092135e-01 1.978555264301292138e-01 7.696516467576391962e-02 3.597337647057386456e-01 4.341671582691254416e-01 1.078867653476909688e-01 3.878903918036845089e-01 4.442385450179414108e-01 4.680729512972481854e-01 1.931553832848177665e-01
3.038509648586915635e-01 2.181731513563455738e-01 -0.000000000000000000e+00 4.190204409317463963e-01 3.019341424619635950e-01 4.091226546244314255e-01 1.970346107448445738e-01 4.175048270661901317e-01 4.611891700146981132e-01 1.109032723039214338e-02
4.284336264672979899e-01 2.112397241683091065e-01 2.300720183775607497e-01 2.970600443050214756e-01 5.920635545201888839e-01 2.978635052938471417e-01 2.035272814753789211e-02 2.552229735357981477e-01 1.740187158325457728e-01 3.091070518154211966e-01
4.613719390776904739e-01 2.600727321480779120e-01 2.672700620328726795e-01 6.700788190981510350e-02 2.557694401831397957e-01 2.549993009857474124e-01 4.370097974180124356e-01 1.273575007841257489e-01 5.530631491920916520e-01 7.468095689641069193e-03
2.251800944451895214e-01 2.039068167241410434e-02 4.506446952019067531e-01 7.996190983592166290e-03 5.237001317391644095e-01 2.846797558260582561e-01 2.931450449772726174e-01 4.532719276415594356e-01 3.144244386475294473e-01 1.330368447031943582e-02
2.747900712396554312e-01 2.075266087490134359e-01 3.189105853727210449e-01 1.340018896422823236e-01 2.020868622252449190e-02 8.843132954940693957e-02 4.321841750794815362e-01 2.438312490635939911e-01 4.461909022709060202e-01 5.551675458775299221e-01
3.488989098361678920e-01 4.805282655318697804e-01 3.269581407150271568e-01 4.684240456696956434e-01 3.126883493544361237e-01 1.898435464561294972e-01 4.047713577568122223e-01 8.928770171788688592e-02 7.749531004509711829e-02 9.699061618677333463e-02
2.103182718346927604e-01 2.663621754732522495e-01 2.804589267493489690e-01 3.806248418654131216e-01 2.188618680983542564e-01 3.449692279629498204e-01 1.764635826745600614e-02 5.298157055376613300e-01 3.531523258034193202e-01 2.977381561161829282e-01
4.286677345830518931e-02 2.497662618297102621e-01 3.827125403736680309e-01 3.912175177366078449e-01 5.709786694784623612e-02 4.473989754176734279e-01 2.490308822901190766e-01 5.682846612382065343e-01 2.185445695693419010e-01 1.037518220478552376e-02
4.792311770735203091e-01 1.615718241325663496e-01 2.753179466380999418e-01 3.142184638440276845e-01 5.115015386692509103e-02 1.764879818250481569e-01 1.733594997549607053e-01 3.147428746173079328e-01 3.993270385807542455e-01 4.973487577314962826e-01
4.385802039951784970e-01 2.490477259701383839e-01 6.741830627758432781e-01 1.550136181149530945e-01 3.046172175071163238e-02 1.959469456613224109e-02 -0.000000000000000000e+00 7.127138035940116211e-03 2.234054800339651814e-01 4.645405663284939424e-01
1.708681509334102067e-01 4.126971354606390197e-01 1.261204334140930694e-01 1.162563080276852873e-01 3.215115567858696233e-01 2.425776787021554637e-01 3.221481853873499612e-01 2.077118427358074226e-01 3.142236721380597397e-01 6.026520273375008951e-01
2.199617269814369003e-01 3.890405107918289418e-01 2.332402955574170711e-01 2.760937331238930148e-02 3.656907166620419480e-01 5.273732660020740565e-02 5.626978883714967017e-01 1.070448536744287305e-01 9.264030335541256767e-02 5.214598169641871950e-01
4.423576981245959105e-01 9.048976168687830612e-02 4.176838807273693388e-01 2.425420000195569192e-01 2.026801718946858941e-02 2.477914507781556752e-01 4.568982452782294201e-01 1.518824651180996910e-01 3.577245026179748932e-01 3.758221904375918521e-01
5.208467911977914672e-03 9.717004006336191213e-02 3.734061460317686376e-01 9.780739166849768129e-02 2.158643159077252571e-01 4.260347286332628602e-01 5.916277642871349274e-01 2.865637901960841824e-03 2.473885268396749937e-01 4.496628959175856810e-01
3.599369024006400433e-03 2.715384171555962692e-02 5.767826266427431570e-01 3.045635175002119055e-02 2.655740427341905519e-01 5.981940743319812126e-02 2.766829963304495155e-01 6.250946705303362938e-01 3.354815738133906655e-01 1.081262134355813753e-01
4.464291387275287626e-01 3.759618691476607766e-01 1.129095995968888572e-01 1.962540538644936827e-01 5.645482412150943929e-01 3.577969701110967904e-01 1.866721886709335199e-01 9.632355092162860066e-02 3.402860531583748460e-01 3.790444252890011467e-02
1.466868742775412349e-01 1.398113613173939396e-01 3.234128927672170195e-01 1.387726654487975164e-01 1.389441066147876214e-01 4.772899236093848252e-01 4.069213514596790593e-01 3.986936088887357843e-01 2.552948256686752293e-01 4.452570361933762544e-01
-0.000000000000000000e+00 2.548060832868602743e-01 1.849506176699128035e-01 7.842149151072984878e-05 3.422114587537937735e-01 3.739249875966709213e-01 5.844684518774931892e-01 2.911235504927048301e-01 2.118893401088503547e-01 4.155540381210499623e-01
6.433460533435503281e-02 1.319878660481907939e-01 3.387248845023958788e-02 5.348027090335143868e-03 5.280953549105706912e-01 3.608488840510311046e-01 5.891199006127780802e-01 1.273922025129475000e-01 3.473707523336110881e-01 2.901899787553365306e-01
8.660920870682052575e-02 5.271342993161240997e-01 2.193083758196804067e-01 2.182574906047345109e-02 6.018457192259423216e-01 1.486827340303477352e-01 2.939196472053368647e-01 2.158671762988939036e-01 3.269656564796746823e-01 2.045409150802777742e-01
1.627656729361135479e-01 9.414601334168085436e-03 1.276262198558747174e-01 2.973983674152320678e-01 4.159483332939195588e-01 3.776811599266438058e-01 2.874922720720586924e-02 3.424860490070431585e-01 6.194108978901190499e-01 2.263521885721293536e-01
4.655830726869970571e-01 3.665870243120891159e-01 4.402171942242186220e-01 6.885525007790076202e-02 3.136315003357162401e-01 4.238576552551436838e-01 3.138771854804319750e-01 2.044809970376745556e-01 -0.000000000000000000e+00 1.787812541726591653e-01
2.446962870939932699e-01 5.810864316058895751e-01 4.063614116195409798e-01 3.898034439450810962e-01 5.323054247713431171e-03 2.624762717329597872e-01 1.747771239992976511e-01 1.527625144603710940e-02 4.293569661344740496e-01 3.655167426820519344e-02
2.660937035252585736e-01 2.812938881113420941e-01 5.701552136967977802e-01 4.966118393564571409e-01 8.288415350411197646e-02 9.401894718208004403e-03 3.902045970663857704e-03 2.690113215361173427e-01 3.347445132771877385e-01 2.949122208180574023e-01
4.387273691139090270e-02 1.656302848335538813e-01 1.262476655280480448e-02 3.781174834759303272e-01 4.754725266662718774e-01 1.662855897181987619e-01 2.522795563213080516e-01 3.828543090440405527e-01 2.991245988579174439e-02 6.022187334774251610e-01
3.180621765141257162e-01 3.881367770657287442e-01 1.715876803126180350e-02 1.272138564890894774e-01 3.551866173613828503e-01 3.316464956930380015e-01 4.991599503532279103e-01 7.245695047158405566e-02 4.483300239098478857e-01 2.003773895717067544e-01
1.889872241581230516e-01 3.655476915845845554e-01 3.666310764968658265e-01 2.654598515217344024e-01 4.754877203916149653e-01 2.710220485436752869e-01 2.694862229761221251e-01 2.392309772305498683e-01 4.418526798401709033e-01 3.379107421215371554e-02
6.871302361853878216e-01 3.109770931730821419e-01 1.997141445643234575e-03 3.261323328013778777e-01 5.041424449766111066e-02 1.127353130155958200e-01 1.467017831906846335e-02 5.269698554897214171e-01 1.740949012746780822e-01 3.614795628254922205e-02
4.355577042218553019e-01 2.199748381093905858e-01 3.470530608804492934e-01 7.088576999679103985e-02 5.533196764764904962e-01 7.233345363122464788e-03 3.117094163693278075e-01 2.052592627495793687e-01 4.165887013466952338e-01 1.318130512828047662e-01
2.301912757890225425e-01 1.806989241200962770e-01 4.710590980382441395e-01 3.349853100934404582e-01 2.106183051293243902e-01 2.419821159060974169e-01 4.900432616575720601e-01 2.919224738304364020e-01 1.764562437457885269e-01 3.476128503024185079e-01
5.319181071223610946e-01 4.188272241820251707e-01 2.537100333475499347e-01 -0.000000000000000000e+00 3.925430074153203885e-01 3.206282175919596411e-01 4.136144682251138294e-01 5.674997093279314161e-03 8.204499628481332074e-02 2.062646859225794604e-01
3.931463619298654621e-01 1.834180164244653410e-01 1.203918750202021409e-01 2.569987724578525756e-01 1.875246153138311611e-01 3.646104074280694940e-01 5.055241348782458788e-01 3.036445876846055603e-01 2.756449435424649375e-01 3.733766793841815090e-01
3.928583222878225256e-01 1.328751100614585512e-01 3.841485681045632150e-01 3.009428307712349593e-01 1.974772627962645133e-01 2.176181699037504635e-01 5.773845908440518662e-03 1.548352640418495241e-01 3.056142603898597265e-01 6.213755099222008083e-01
2.800168252385529799e-01 5.566683653521121711e-01 1.868268674972438093e-01 1.768929914441502022e-02 3.370921397591746249e-01 3.870067510978016379e-01 3.412464983034536048e-01 4.056845938766742155e-01 8.120750431533946267e-02 1.595761940998844108e-01
1.657649802387095583e-02 8.699174554737185150e-02 1.879795474083312962e-02 4.532109076229599576e-01 3.544008030305882406e-01 5.071799193885674351e-01 1.670415696181946630e-01 3.780026301573996550e-01 4.262616195743253455e-01 2.260197413960822466e-01
1.712386120697603764e-01 5.561968086534234412e-02 1.348311535055255472e-01 9.438081623578006840e-02 3.874593028584390475e-01 1.313225323488875773e-02 5.016881932412193823e-01 1.844081559851481478e-01 5.385661716878198391e-01 4.630858564492854046e-01
1.842635054588461288e-02 4.511638369881925126e-01 3.548860874827192841e-02 3.561255414934839103e-01 2.447497618376190676e-01 4.581101500062911835e-01 4.803084632717932734e-02 2.844745014360442262e-02 6.232892360488968553e-01 8.157065828705538368e-02
3.214840098143380565e-01 3.513488114900436554e-01 4.130453968739354886e-01 1.623928620711779236e-01 3.390729215142951336e-01 4.543998836636815586e-01 -0.000000000000000000e+00 -0.000000000000000000e+00 4.482955792385250327e-01 2.319600737739182239e-01
1.817235196386258675e-02 9.982476899384917779e-02 5.702773666074865133e-01 1.999973512459174863e-03 1.845708230023256347e-01 2.972855813269835723e-01 1.116073511979921717e-02 1.171960216266962340e-01 5.919505468414643090e-01 4.216331123055681029e-01
3.430300496510017144e-02 3.428297104456509703e-01 9.139903722786698118e-03 2.325239070567553246e-01 5.053042713352974280e-01 3.884854864612423686e-01 2.358450115649862455e-01 2.276692439859171468e-01 3.526756711685725271e-02 5.587368370215460844e-01
3.604138871904189467e-01 3.933998120048853298e-01 3.320453235794373348e-01 2.570224973252572820e-01 1.124572458719819007e-01 2.919812152385320436e-01 4.587230466474315760e-01 3.282687329007725197e-01 1.847918370861418857e-01 2.979746247783435775e-01
-0.000000000000000000e+00 1.374198580786652468e-01 9.123444423782400424e-05 1.595457759598755410e-01 7.172151813588018010e-01 3.240697330038252999e-01 3.374970320939513213e-01 4.344639345614875192e-01 5.764419944200561280e-03 1.831549229215529428e-01
5.002566382842494885e-01 2.104053344119632962e-01 3.428596229386063343e-01 2.562304796435559417e-01 1.458860140851622189e-01 4.748250754426042164e-01 3.504791821287704945e-01 3.317297431893287962e-01 1.033325778820359253e-01 1.787921382918545854e-01
5.180937577046371700e-01 3.504259279498229684e-01 4.049453786977486591e-01 2.063874104669110310e-01 4.469559618324429884e-02 2.664915846041741032e-01 1.169302823649197992e-02 4.015745830882797018e-01 4.086906631581640470e-01 2.759732763420764262e-02
6.187375188783101471e-02 2.551111235364788565e-01 1.128181558137264368e-01 3.651788801698440667e-01 6.812830608121897003e-01 3.907417079316495047e-03 3.498150384535624324e-01 4.410716601250854081e-03 3.498058623824574775e-01 2.758448275893004564e-01
1.795598106372756075e-01 8.037142601476084808e-03 1.909868419679693063e-01 3.716217906929537573e-01 6.030302790464476814e-01 5.097405601811183518e-01 2.025068520845106634e-01 3.578604183586940879e-01 2.340193504774597602e-02 3.638508810006726123e-03
1.082318339169001248e-01 4.300595726151106302e-01 3.513461504112637690e-01 5.615775171640510210e-01 -0.000000000000000000e+00 3.562008083609294884e-01 5.050427229065222214e-03 2.164552427613108121e-01 7.045685816735779150e-02 4.310448297593764688e-01
3.300135476453356920e-01 2.830957453827173675e-01 1.453546619648651839e-02 2.695998465179444414e-01 3.677998107756953461e-01 3.850450509179339509e-01 2.574140359265861787e-03 3.210626397341189153e-01 3.697190368346882083e-01 4.633962637139666385e-01
5.117242172076121864e-01 1.075278041609050439e-01 2.560114823126002359e-01 2.614804217119781615e-01 1.974186133216628003e-01 4.326223278062278355e-01 2.844996051497625800e-01 3.479376995995823174e-01 3.417461005154209253e-01 2.184833039117136944e-01
1.621403817765849353e-01 3.427399313941081882e-01 5.308002276425917154e-01 2.335526172809645473e-01 3.065321972803318196e-01 6.391859550502787535e-02 2.830542886639419442e-01 4.052384238233086022e-01 -0.000000000000000000e+00 4.213770805660843055e-01
4.990075603040189933e-01 2.491469550515402684e-02 1.361276208372428631e-01 2.328088099792552934e-01 4.438067552340885791e-01 1.940839774471499746e-01 9.229037231751750781e-02 3.971652200911064967e-01 5.253701250687534685e-01 2.712051010129774842e-02
5.556540236248743714e-01 2.954927778103557112e-01 2.852395844522836454e-01 2.159976329065091405e-01 2.590771633748085168e-01 2.228551368589687734e-02 1.240358703395245676e-01 2.468060590946719035e-02 6.242269022168694947e-01 5.143102895031893135e-02
2.118942418092348845e-01 6.474229783585050413e-02 3.463402903379503295e-01 7.219437656444504213e-03 1.055318450941454198e-02 5.311070498208448898e-01 7.185090987319413258e-02 4.562175689227006004e-01 5.766127641157815509e-01 5.422339818099271985e-02
2.761406320021870253e-01 4.160330517178996712e-01 1.116618176821887742e-01 3.896808675717773340e-01 1.673480290883722632e-01 4.065472491311197811e-01 3.780842812046268930e-01 4.785671224198506102e-01 1.360607903717575562e-01 5.070038962842767644e-02
1.911878080628018339e-01 5.089263741547803699e-01 2.796963512830349385e-01 1.654489240003557959e-01 6.772476556619402288e-01 6.610054001701102556e-03 2.520399999700113081e-01 2.611266913399107326e-01 4.144481608669154347e-03 9.165808860965363181e-02
8.569686928622970157e-03 1.260646467906273716e-01 6.110680939087290708e-01 2.548200658740158442e-01 3.917119055964519148e-01 1.273614381962748232e-01 8.397130108619628441e-02 4.881041502203055660e-01 1.223560152478672669e-01 3.402496078896432574e-01
6.487095760982757309e-01 4.723350214748537335e-01 1.842981564407207284e-01 2.018417807701557501e-02 5.519353700091872428e-01 7.164970770336483163e-02 4.967064487649041488e-02 3.340371754434068308e-02 9.076077720033633167e-02 1.074563107771195347e-02
-0.000000000000000000e+00 3.125547795804765050e-01 3.243878516323221439e-01 1.879078578738190564e-01 4.464856102796740389e-01 3.447823449095469006e-01 2.364642946332562723e-01 3.223556033298702883e-01 4.501613801030076578e-01 2.847360832509428508e-01
2.726345954910861513e-01 2.022030042388143489e-01 -0.000000000000000000e+00 2.546450761617754521e-01 4.223417393022455557e-01 1.913588457751428107e-01 4.558587403015350037e-01 6.023430486717245014e-01 1.807640209455026181e-01 4.061384407682580577e-02
5.350220570578771984e-01 3.537978619179284467e-01 8.084781562877348116e-03 2.338172308316193576e-02 2.391965144763557316e-01 1.544263926363025410e-02 6.030017803533000986e-01 3.050608396534712496e-01 2.715608112209887404e-01 9.716885365543844952e-03
5.057443534058390089e-01 1.732232752815289489e-01 1.204879756881947206e-01 3.410632472371080137e-01 4.621480704300105942e-03 1.757997784902021465e-01 5.564608054785099567e-01 3.282247722247004229e-01 3.672631328817683172e-01 1.362339482307814084e-02
2.481383216041660802e-02 5.404337759714433753e-01 4.945995159668726271e-01 1.113724668157047362e-02 5.317179482679493807e-01 1.968472520651324068e-02 1.157538361160409535e-01 1.983278283047781032e-01 1.451036649813370605e-01 3.250591815362752768e-01
2.800187703748376403e-02 8.508396975721811417e-01 7.789928694061461732e-03 3.770876190418297469e-01 2.926227792894686968e-03 3.517295803068726245e-02 3.225389984925841613e-02 1.713499771509476022e-01 6.387595283736491325e-02 3.119374659002033257e-01
1.161935760511830229e-01 8.450901535004320952e-02 3.526655263497130988e-01 2.775304815776780676e-01 6.751194894402260394e-01 2.492384428603115613e-04 3.629515768163509848e-01 2.828228714062434035e-01 1.192588838054635045e-02 3.321293420782031047e-01
4.336264723781170782e-01 5.778286933742914078e-02 6.110876574406939321e-01 2.437386874600625808e-01 2.938691150286711351e-01 2.147346228130310175e-01 1.627969239966340353e-01 3.485345819160580172e-01 1.235849143280162155e-01 2.829666240334988148e-01
1.679921908462240765e-01 3.204487151098327491e-01 3.877756816503593607e-01 4.624561462878408746e-01 2.269806682533966891e-01 1.948603548911574113e-01 4.211171571459177421e-01 3.540662339970274686e-01 3.354072227339513490e-01 1.281535991204558675e-02
5.754939719120586439e-01 1.351405464524523814e-01 2.995999923131270615e-01 2.098929863338276081e-01 1.263983810651614706e-02 3.627749236610439687e-01 3.717812417000561642e-01 2.885562295591847515e-01 3.444111020871069573e-01 2.117972913148745417e-01
3.861444756487852348e-01 3.086274180907862541e-01 4.361777319605427139e-01 3.572693898286654623e-01 4.409438324519255326e-01 2.924898843786940539e-01 1.911959165100822200e-01 1.917500990907336778e-01 1.284446596103680782e-01 2.606632397301860693e-01
2.855665199539240695e-01 2.059668792957563555e-01 2.681646267982064260e-03 1.327332866782761911e-01 3.984090401372730184e-01 1.696951459251359873e-01 5.331265129007876080e-01 5.183593539233717351e-01 1.469374380373823508e-01 3.104303071982400519e-01
2.476026696014170803e-01 3.883307772521701895e-01 4.903177401689824966e-01 1.167553890203182759e-01 6.352199364380811675e-01 2.288878373842287151e-01 1.951198108601225056e-01 1.988801751710322918e-01 1.329128104507795900e-02 1.237278006247846153e-02
1.866384543876198621e-01 4.025165712080639932e-03 4.594079391670986834e-02 3.523748746435046431e-01 1.341978657658268303e-03 5.829364922539607141e-01 4.603353899257906987e-03 1.864607597001488315e-01 6.483915772545462142e-01 2.094136538559061289e-01
4.088885234502011023e-01 4.299441974510526121e-02 5.047106131914664423e-02 1.970159968199162448e-01 2.396580558189244092e-01 3.947015922472281724e-01 1.708824167088020818e-01 1.466827046992475458e-01 7.113750806130614279e-01 1.400091856668659318e-01
5.332901718451409367e-01 1.079712173429605432e-02 2.219436097683010201e-01 4.898376834187903942e-03 1.663222900850508668e-01 1.705616168003937227e-02 2.216891672341048114e-01 4.406849296197573596e-01 5.376108124330100102e-01 3.253818652365975672e-01
1.936624230014020731e-01 4.743197730197028505e-01 5.080152458589504150e-01 4.302942920724557307e-01 3.830633952154121058e-01 2.687940063988417637e-03 3.835563949624039570e-01 1.535469199933388491e-02 1.029092728958408941e-02 8.999076692738328456e-03
4.057768906729551373e-01 3.433257484394353076e-01 2.570349243894111679e-01 2.496092455649978614e-01 1.159268138903687684e-01 3.385116151499025783e-01 5.006094521198053426e-01 3.590203953571153295e-01 2.733973603329433733e-01 8.258385668901820076e-02
4.510761725786142096e-01 1.399741438801677951e-01 2.934603450138971725e-01 5.670476883896222731e-01 4.000221857097624456e-01 3.554774729219936646e-01 1.034673893426789199e-01 1.732085800897384398e-01 3.234847062955685700e-03 2.053687187682606274e-01
1.017754200158047656e-01 1.174465032950038068e-01 2.088953145564771772e-03 7.212889383916322172e-01 4.235966352569854321e-01 3.021898163705418004e-03 2.897268214879906711e-01 2.633288037531078540e-01 3.484970387237275036e-01 3.753490547044847914e-02
6.005963776011324917e-01 3.883776690355330019e-01 1.212512243440434651e-01 3.940327867222531144e-01 1.904290424238435503e-02 8.601724459149247271e-02 1.426944553261938996e-02 5.546239158326218277e-01 8.917791393888216747e-03 5.320385632760148142e-02
1.555879044922991658e-02 4.335814427277639438e-01 3.053977048085427248e-01 1.573756447908568057e-01 2.992014554435898366e-01 3.947414648681968896e-01 3.632254006562985471e-01 4.694595855775934856e-01 -0.000000000000000000e+00 3.099401162930304210e-01
3.334640122122813910e-01 5.329724866997199717e-01 1.987280753948433565e-01 8.565823655348758087e-03 4.229051607587201445e-01 3.283187795355422822e-01 1.476659268188819547e-02 1.328867914986629761e-01 1.325313381384330969e-01 4.930439701490108018e-01
2.557757261632555013e-01 8.037857279824248691e-01 1.745186293574501890e-01 8.461847715649117863e-03 4.850486117350672477e-01 6.708019655328001374e-02 1.342490595714727897e-01 4.182388407050509067e-04 1.992918834231158752e-03 1.341869505882225568e-02
1.515290245497053212e-01 1.723314114437846933e-01 9.546787375261500674e-02 6.081086312767573082e-02 3.024700673489841545e-03 4.884415530591402002e-03 2.368593775917640469e-03 2.530338949947161797e-01 8.989080227207716378e-01 2.498566818437130133e-01
1.169401142574475333e-01 1.352019000023364954e-02 1.786605685729669019e-02 3.645301051302580336e-02 5.941701228043949623e-01 1.967900755682407687e-01 6.026127438054532659e-01 4.224748143697174552e-01 1.741559879109770004e-01 1.441260961882527281e-01
1.124330509969116848e-01 1.942943197509983955e-01 4.975166814067916166e-02 4.844173444373633952e-01 5.342348045894167452e-01 4.530389098442948459e-01 2.170942396121465223e-01 3.768704328407602722e-01 9.255673347659476580e-02 1.552226564638051198e-01
5.680459306033106559e-01 1.916083005319032806e-01 1.818809187381970338e-01 1.098774200781940796e-01 6.854814650656634312e-01 2.544953443321928965e-01 1.291168515720979466e-02 6.046260340823960550e-03 1.206725763977078286e-01 2.145658524572486014e-01
2.878363446308465634e-01 1.104068222465506323e-02 3.119874570547580273e-02 4.401056922258355653e-01 1.374129438678363957e-01 2.913406898176165716e-01 2.678021018956169286e-01 1.014507088607690816e-01 7.322922579248503094e-01 1.838701095397940119e-02
4.668555271627189973e-01 3.663117592631080499e-01 3.845010474483080420e-01 3.905023708396433424e-01 9.427405233582955568e-02 1.031977741721534225e-01 3.985614632680526959e-01 2.784123761117239804e-01 3.020116478628788181e-01 2.038014979468769777e-02
2.098826898192255042e-01 3.941023599131385780e-01 1.892142605928291699e-01 2.239340628412364032e-01 1.821127878501605790e-01 7.061023512399489110e-01 1.002261925932165787e-01 3.191374097148236277e-01 2.665417633814756715e-01 -0.000000000000000000e+00
5.971233327364713211e-02 3.556098165132944300e-01 2.294719683710532698e-01 2.707665307721826564e-01 4.768282251149226769e-01 4.059644326693212513e-01 1.951559219683000612e-01 4.710812249583469780e-01 -0.000000000000000000e+00 3.030322853320812082e-01
4.196914713589228740e-01 9.760225198264622579e-03 2.598404108406821567e-01 4.914150967342312964e-02 1.834943308805827289e-01 2.329320119510026321e-01 2.257750196710290869e-01 2.538683796035843265e-01 2.677630566766857623e-01 6.919420640097868613e-01
4.982280473209890759e-01 2.503445084354672390e-01 1.646102481436354237e-01 2.038695788601422587e-01 1.254704255793850642e-01 3.529942557231192102e-01 3.988711852253578050e-01 3.968550839823946075e-01 1.657517724741551512e-01 3.688136366076064099e-01
2.233525212277446270e-01 4.421665431551622394e-01 4.347414136149096997e-01 3.113662911710555203e-01 1.944481045256563623e-01 2.487933260220638043e-01 3.079053118376370302e-01 5.120535098488186998e-01 1.092733862971555503e-01 -0.000000000000000000e+00
2.504215712152729201e-01 4.194437453883963912e-02 4.785264762306754571e-01 7.984778716246934693e-02 4.813273442930723345e-01 1.210702541161248202e-01 4.468546144688932409e-01 3.386996933554977107e-01 3.466767660186417105e-02 3.717984039744410829e-01
3.498413420606364104e-03 3.996125935826809195e-01 1.394593528522372963e-02 3.668055880394286428e-01 6.043240698004663791e-01 3.076245950578184243e-02 4.412290181819503720e-01 1.226102534140020850e-01 2.145418522049585971e-04 3.601200225125325005e-01
6.536843068618011787e-02 4.196392726790079686e-02 5.236563689283548761e-01 2.682072648107459156e-01 2.763217275208408319e-01 5.348432167648565772e-01 4.121411339905413085e-01 5.080683247612128618e-03 2.946783355172459817e-01 1.693589523746001635e-01
9.319933908587411941e-02 2.662495851584165130e-01 1.686350118339359772e-01 9.385815567410635274e-02 3.451920463068248734e-01 3.180762709362552343e-01 5.318418200545100838e-01 3.757485443246825763e-01 8.793487144324032764e-03 4.885978330803102954e-01
2.686292230979763218e-01 1.647240494398901356e-01 3.751002257867772638e-01 1.594617253148446767e-01 2.592316789289664802e-01 5.511001782710805985e-01 5.434097731062025038e-02 4.777408965061857860e-01 2.244097655203132480e-01 2.865564308944870131e-01
2.216364631986365019e-01 5.342864298912761711e-01 2.584365177573886840e-01 1.755757910837667801e-01 1.726800276642395313e-02 4.733227531293733303e-01 4.362446538647052896e-01 3.182990728028819438e-01 2.257328173921184511e-01 2.978895297880074927e-02
2.259587423841726006e-01 5.810448369133313085e-01 2.387060569507224173e-01 8.898691215411251576e-03 1.868970197155480906e-01 4.076759958606783751e-01 1.667057172551303090e-01 3.056131445282212478e-01 3.235624116229345870e-01 3.567306236327915658e-01
3.737409775268025203e-01 4.224125611539066849e-01 8.354967707884959627e-02 4.605642387375324942e-01 1.609490651683551099e-01 4.007875727719137360e-01 2.399617317966053209e-01 6.846810659937173534e-03 2.969546577401118159e-01 3.611640665809502382e-01
2.208385313283301732e-01 4.617082585514974830e-02 9.341385914008361324e-02 2.778484320596186774e-01 1.578370582913463660e-01 1.652291312080706245e-02 1.390494177611553139e-01 1.919592966416678592e-01 4.634917492177309528e-01 7.529803717729379731e-01
2.897290898891262054e-02 2.922280317013673523e-01 7.007414913686118574e-01 1.956678698203835887e-01 5.068084080644308376e-01 1.712912411460323914e-02 -0.000000000000000000e+00 5.562952643486250744e-03 3.559513540268481879e-01 2.362864307817208118e-02
6.466646722382382584e-03 1.358054538344980952e-02 2.370800096361061829e-02 2.293164342793033716e-01 2.469760263775092335e-01 5.656766236768132616e-01 4.825897848011101443e-03 5.020755534063285792e-03 7.317502645338482825e-01 1.735842960231112064e-01
1.870975349771380192e-01 4.913198455531386233e-01 2.472164107698971991e-01 4.974632275613882215e-01 7.051223826050476151e-02 3.350781511040188954e-01 1.237545179526587380e-01 9.754389786222608660e-02 -0.000000000000000000e+00 5.224312102332032692e-01
2.085313836347938432e-01 5.340660819801894554e-01 4.432672261565350214e-01 8.924978866008506304e-03 5.375472640995312412e-01 4.352363779883593187e-03 3.014125706313806607e-01 2.285912929738967148e-01 1.109695293590288664e-02 2.062036118779211613e-01
5.709952718495787671e-01 2.070355767799942626e-01 1.954471469516214088e-01 5.283340679547150406e-03 5.814784244122206402e-01 1.543087489438611792e-01 3.855667618115485307e-01 4.913297161856000454e-03 2.746784558554415390e-01 8.252695354261037342e-02
