-9.974872693037271087e-01
-2.860033735177816450e+00
-2.144606680971713253e+00
2.085512962154060235e-01
1.549146983031517988e-01
-1.761113787281897824e+00
6.778465956664158076e-01
-2.557388274513553661e+00
-5.739770084254997018e-02
-1.303689323252748666e+00
4.098057445882730132e-02
-2.534291055977079488e+00
-8.175600725523964885e-01
-2.476053429270062001e+00
2.190816213537197590e-02
1.325097534188972803e+00
1.256905990197998868e+00
-6.322084930731249885e-01
-8.851932044482082595e-01
-2.613351184693418983e+00
3.479363309730290066e+00
-1.318028122722806339e+00
-1.927206257413213386e+00
-1.364841387209661416e+00
2.202181056132435533e+00
-2.015629665572516327e+00
-2.056338907322137199e+00
-2.246072894158996025e+00
-2.225549324928291384e+00
3.789594674989082534e+00
7.244263674203242909e-01
-1.408246924064606054e+00
1.207862705902311040e+00
5.382630699850983191e-01
5.983132214631128876e-02
-5.977721097030825881e-01
2.355978230324178746e+00
-7.874653512451003090e-01
-4.020107945462245702e-01
-1.412117397979560263e+00
6.373736876109409089e+00
6.374094894487131846e+00
1.547738601275335801e-01
-2.427616236818708639e+00
-3.953866210142106818e-01
-4.774755548616636536e-01
-1.287912288928215743e+00
-9.549967856269151456e-01
-2.761057255388789378e-02
-1.868887197458496630e+00
-1.228769703658262991e+00
-1.743121956931565075e-01
2.237437585562756848e+00
7.238013148992632040e+00
-1.168816147709027531e+00
-4.666408120323313202e-01
-1.673612377878046953e+00
-2.348984860250983020e-01
-3.881308246614328938e-02
-2.132361826312460185e+00
4.072737915968628886e-01
7.101819440568462483e+00
-1.354313762319103942e+00
7.427750890818773932e-01
4.490307186472577983e-01
-1.611034721892092181e+00
-1.573684459701190308e+00
-2.495638303038879791e+00
-2.007443647913377927e+00
-8.554881094721832335e-01
1.089577820155855248e+00
1.198396358215078950e+00
-3.655363148762418718e-02
3.167471809517787396e+00
5.572085662050928478e-01
1.640110030242127870e+00
-1.059470433167217340e+00
8.466538533020362411e-01
3.600462053365935389e-01
3.338729535518530689e+00
1.900042753961790787e+00
-7.937059635482099917e-01
-1.689383632849463579e+00
2.735360606657611271e+00
1.264368403122488604e-01
1.486898545756708545e+00
1.275359182387954815e-01
3.807751058477431005e-01
-1.968565051522483289e+00
-2.461856736063981754e-01
-7.855760782868950187e-01
3.062857019379852552e+00
-2.939546610842421526e+00
2.049448804801262902e+00
1.937556971924087268e+00
-2.456457663395039237e+00
7.198800847830860716e-01
7.921111654271688618e-01
3.297439589747382382e-01
1.221660373858257209e+00
3.304531055462454070e-01
9.295815925791886536e-02
1.690562011302374767e-01
1.982497094758976397e+00
-2.572492798243103618e+00
1.364194909267189448e+00
9.157251253708672545e-01
8.226031191103264639e-01
2.669951231614170251e+00
3.777713100833306914e+00
-3.292245565248740569e+00
-1.615404605595273935e-01
-2.052712268435547660e+00
2.142310878484601430e-02
1.940707475237440693e+00
-8.643214046996886557e-01
-1.727675683557021058e+00
-1.765871121466209503e+00
6.910932445443936922e-01
1.612592291651965049e+00
-2.000316120413177412e+00
4.270018107666475160e+00
6.227308245024913091e+00
6.479287131913999076e+00
-1.926894268427772561e+00
-3.850212950149727753e+00
5.403692642265460755e-01
-7.663062301034112567e-01
3.206167739541053163e-01
-3.558833851460732611e-01
3.235198483972264172e-01
1.898157455132567506e+00
-1.513723080302869395e+00
-2.885945277557799837e+00
-6.177172799859059760e-01
6.167558968690628474e-01
1.040394548323094331e-01
2.481696984133634043e+00
-1.176574322002172657e-01
-2.947936876216342927e+00
-1.843732558997000615e+00
3.964288815545748079e+00
6.894235216309922976e+00
3.488501623835611465e+00
-2.519548006810451213e+00
9.713963829311945963e-02
-5.302892616998878816e-01
4.415259679993004949e-01
-4.903260972598283418e-01
-2.972567946207315792e+00
-1.584585263062371796e+00
-3.054608362304323421e+00
4.877562423007145931e+00
-7.309701390659192333e-01
-1.967516442145526900e+00
7.104335754884040510e-02
3.862963824473869767e+00
3.848333801800327691e-01
-4.722296748027893232e-01
-3.683504078795268644e+00
9.060680424166717151e-01
-1.638076299009454673e-01
-2.777369423415235183e-01
-3.266124830729457695e-01
-2.094667122591530983e+00
1.526942569167433872e+00
-3.443144565767220833e+00
3.042581453711335482e-01
-3.370023506730819851e-01
-8.286132164193090732e-01
-1.193637580652079228e-01
1.706463101160173856e+00
2.795241289422265130e+00
2.920839963417516838e+00
-1.108620869959191735e+00
-2.022812447370325284e+00
2.175386211034752160e-01
