2.832435986601313793e-01
-2.819405254078095058e-01
-1.064567888647582894e-01
-8.424883508255555098e-01
-8.030762479726436531e-01
-5.624761888831455309e-02
-6.155592289271542006e-01
-3.817654060837544217e-01
-3.172500113475285599e-01
8.058911023436478027e-01
-7.434394227298556368e-01
-6.342847418075051591e-01
4.717880194706033925e-01
-6.420251226673154843e-01
1.885287007454454766e-01
-1.985251092483830415e-01
-7.526199242524761468e-01
-3.996621119246020898e-02
-7.787177170516108582e-01
8.828259583320088866e-02
-2.898706739453807413e-01
-4.224046138004809020e-02
4.588618646372095711e-01
-3.531821215399554847e-01
-4.451117114309467437e-01
-1.195798332283630971e+00
-6.386574198106964584e-02
-7.069241338840265287e-02
-6.947920756641318141e-01
-3.253845087257636881e-01
-4.874820309521191858e-02
-2.443406076065380850e-01
3.477875344333991592e-01
-3.964494668223922380e-01
-9.133819350871454912e-01
4.270631330087314992e-01
5.653174879882987280e-01
-8.102161766025817169e-01
3.188691003914344568e-01
-1.758531215842459028e-01
-5.336333450224456376e-02
-5.695312492248403302e-01
4.472297355370528638e-01
4.597360727849977152e-02
-4.460068219455740057e-01
8.104193161201148077e-02
-3.961015159572225941e-01
-6.499359863821529970e-01
-1.879845485666457872e-01
-7.648230808835754235e-01
-1.552226295136600043e-01
-8.408218105755735361e-02
2.517581011471543562e-01
2.159947377372033531e-02
-3.088358374209994595e-01
1.577328831027283440e-01
7.149314581953339180e-03
-1.311923372692541112e-01
-7.372543204035106879e-01
-7.033306258055120885e-01
-4.810651830040411636e-01
5.369648829448928767e-02
-2.430971839265503587e-01
-2.738515278900177652e-01
-9.429220460077616939e-02
1.857021879689831068e-02
-3.361788586472454488e-01
-3.461560895474729005e-01
-7.324597093104212586e-01
1.505034822644915338e-01
-3.488208627507801696e-01
2.921387291045220158e-02
-4.024982334244270876e-01
5.288795017430045764e-01
1.027131483468495324e-02
-1.088274813921140893e+00
4.879904552935657863e-02
8.096919498817328753e-01
-1.889014535016458607e-01
6.255351169747580542e-02
