5.817007240003899682e-01
3.827372651292297312e-01
-2.397510582768238030e-01
-1.059020574830545014e+00
-7.160223673799125110e-02
-6.265159600014912344e-01
-3.933722848998440491e-01
-1.128802351154688965e+00
-5.985546143161192267e-01
-2.899968860941666282e-01
-2.433939589487930655e-01
-2.366772025334812901e-01
-5.859192613492423263e-01
-3.853890336566970776e-01
5.504785557769367177e-01
2.703500488284688030e-01
7.422669754919451746e-02
-5.884308904474354618e-01
-2.899494903458901818e-01
4.591843761128802659e-01
3.936178239862041517e-01
-2.015688771056286299e+00
-6.652384459727059829e-01
3.269068350733144168e-01
9.113380742688180491e-02
-1.176263374737230305e-01
1.755323562969958728e-01
-7.292001792810809402e-01
-2.986226732923826788e-01
-4.424754264640478607e-01
-6.214923666918751310e-01
-1.222804845305709209e+00
4.005690535665809016e-01
3.720551985508048776e-01
-6.170284436337497569e-01
-3.983083013241034420e-01
-4.232795013587170585e-01
-2.134732049061946746e-01
-1.638690406653858511e-01
2.659382153306043550e-01
1.798292755469818871e-01
-7.497277653358336291e-01
-3.243331317869805330e-01
6.613079875444701772e-01
-3.017353484133283165e-02
4.877260439124204150e-01
1.282163867594587614e-01
-4.901513641937811916e-01
7.814127394256534243e-03
-4.612162821946358404e-02
-3.890667854805835990e-01
4.152247312277908969e-02
-1.217822558990659054e+00
-1.565263321961537363e-02
-3.891875326498297483e-01
-1.151924395416866309e+00
-4.217158246875611360e-01
5.831112288288113621e-02
1.770375160473750334e-02
-2.560413842322941669e-01
-6.669648651749812140e-01
2.327533012462394690e-01
1.683626144874293684e-01
3.104372286456710817e-01
-4.029908683686054260e-01
4.208008961471580989e-01
5.902051473812753440e-02
-4.905555481364678450e-01
-9.963057725993075542e-02
-1.595035744847886072e-01
-2.149317465731758747e-01
-1.934739724762831736e-01
-9.673879938338181272e-01
-8.690472024885416077e-03
7.095039629183170771e-01
-3.161665926557418183e-01
-3.281214689598672685e-01
-2.199011318058308739e-01
4.016860478604076246e-01
1.946687155379226430e-01
