5.513405645104500763e-02 8.243419868407257656e-02 8.901851168551952465e-02
4.024846770706165811e-01 1.342304561611561142e-01 9.306843847708283490e-02
1.831623094179770872e+00 2.002658698215962652e+00 2.239634468776328102e+00
2.300694263427607300e-01 6.122393966137732457e-01 7.461280930962849167e-01
2.895497874757850809e-01 2.301172015560132067e+00 5.550946211451291967e-01
5.332398172664225555e-01 9.197511531284211506e-01 1.707654103831274695e+00
2.056914329331451352e+00 8.584218989782217424e-01 1.737565146565362539e+00
2.718063777857866736e-02 4.899362259209875253e-02 4.161419287616473506e-01
4.364026843498751418e-02 7.932271523103889832e-02 6.678437934468464676e-02
3.177752927561500879e-02 1.596560657475358525e-01 6.144857969655821428e-01
1.898444025145788805e+00 1.228946370733915439e+00 7.329804104919336316e-01
7.514390165832450785e-01 1.664658259157143494e+00 1.479229004674922132e+00
4.854790616715052437e-02 6.616258430771434496e-01 1.911094666627608296e+00
1.332443464385265619e+00 1.480761422297884433e+00 8.966119775426728555e-01
1.983725814405840893e-01 1.071498876529938110e-01 4.838520848750190728e-01
9.347867596310377447e-01 2.215747664779196491e+00 2.703044313367546428e-02
7.216877537181970448e-01 1.950600819984542600e+00 1.431952557970125606e-01
4.815131663810613971e-01 1.064143781336188144e-01 8.719755623450108351e-01
7.311727988095086950e-01 1.469750790567026510e-01 1.188887018766320303e+00
3.522508704570789795e-01 7.385890218144340602e-02 4.307188407997104146e-02
7.394357438630168033e-01 1.462819618479625605e+00 1.137387242541990640e-01
4.087447848841592457e-02 4.277634034662345514e-02 3.177543470164380379e-02
7.061098221304440425e-02 1.428639309355759779e-01 2.741781227639609742e-01
1.039902976894841458e-01 7.134181157322544431e-01 7.449739401291566310e-01
1.161364934196541299e+00 3.325715775248867967e+00 6.515431653901916642e-02
1.090918304964191954e+00 8.861342989202120046e-01 1.257732030795256917e-01
1.071048907002000034e-01 3.055431226811947010e+00 9.487955026281054138e-01
3.562836784491175274e-02 2.152330341498612520e-01 3.937114937045361196e-01
1.817960009000016086e+00 2.881471404825162314e-02 6.148611446238275852e-02
5.309501601704429419e-01 5.111703339554345832e-02 6.463345059369528245e-02
3.085128421910986185e-02 1.720954866198121380e-01 4.051161754204216092e-01
7.408288051965832011e-02 3.780860060386293658e-02 4.628141338831668478e-02
9.629510944924705163e-01 5.063093114199351819e-02 3.570530873089338142e-01
3.857678042758169723e-02 4.112075338837778427e-01 1.632538995393553183e-01
9.618790898133290357e-01 8.339628142554896817e-01 1.072789275307703294e+00
2.867417312068072655e-02 4.969503090607396700e-01 1.684967687758268662e+00
3.961751049157832827e-02 3.275234991170382637e-01 3.938998412860459930e-01
1.952428633931721835e+00 2.374994869561077415e+00 6.765719983464585363e-01
1.148667258890800680e+00 8.868970068411394791e-01 2.266836113342161618e-01
9.417327355395851973e-02 4.245092979584821208e-02 1.658709285918904819e-01
2.149015592499843308e+00 3.399770535135195060e-02 1.903490967778146414e+00
3.031871829577472144e-01 9.396622394956594126e-01 1.098204164834104546e+00
3.375786878002168256e-02 7.058725013593976083e-01 3.445603490377045081e-02
2.206913321022781482e-01 2.059882337613427594e-01 5.142335118267553629e-01
8.632342693504477804e-01 3.220808705850364828e-01 1.018729449012804184e-01
1.712737400946187372e-01 2.262398047233209197e-02 5.675415571697717265e-02
7.800656574698583423e-01 1.628732439261274312e+00 5.789473415453171290e-01
9.613457393070404811e-01 1.495576006609870223e+00 1.261721909106617190e+00
9.889379991443596196e-02 4.637351944995157099e-02 8.532677345629299803e-02
1.524160088757535447e-01 1.632701596314343195e+00 8.272289522822590113e-02
6.495687912581028511e-01 9.064555857156533225e-01 2.875702343077609857e+00
9.296398776996933622e-01 2.206408513630459201e+00 1.544821958232525994e+00
8.928940076175624629e-03 2.756630702293504098e-02 2.149388528194605061e-02
5.925901767265510239e-02 9.610700560602334352e-01 8.611592401210536041e-01
1.720282013500183116e-01 4.747770070670667142e-01 7.761076111660016874e-01
3.898922856161492201e-02 2.485312559476339153e-02 2.989038407617814266e-02
8.859250363615195356e-01 1.578563864435232000e+00 2.232499085530563310e+00
1.076266472401330887e+00 2.044747963140925578e-02 4.227553698357782164e-01
1.618455988763906506e+00 1.602559274126867939e+00 8.639707698820633941e-02
2.166307649104281530e-01 1.343708231457586333e+00 1.433937478782519648e+00
1.407421079961354918e-02 3.247014049814958558e-02 9.081521249501218751e-01
4.820735243238760681e-01 5.151079903206351451e-02 2.046240476463033475e-01
6.433800129953832769e-01 2.585473988457853353e-02 1.533531361752439037e-01
4.712754106736797288e-01 1.572496271839426862e+00 1.427246076638991612e-01
1.244156277625219298e+00 4.942668115072590962e-01 1.381605510973817896e+00
5.287004500858270006e-01 1.754301923322604706e+00 3.684414194114579155e-01
1.751780800764136947e-01 1.739263908903515288e-01 3.668228066250099340e-01
2.416473129842339418e+00 1.560114671339958070e+00 2.006662729788082800e+00
1.600536027449217080e+00 3.658433808280500354e+00 9.660510958642423707e-02
3.760971882476645684e-02 2.426664298688891580e-02 3.841256170171106904e-02
5.335514518814334917e-01 1.528883621236879264e+00 1.900730642203533050e+00
9.392088213657021623e-01 2.225773240353383642e+00 2.086242742646752912e+00
2.804847545341766779e-02 1.514354454670875129e-02 1.072228460425975083e+00
1.357181121181548100e+00 4.947681773973205965e-02 1.916941370860664184e+00
3.000296216586318537e-02 2.068486850003171951e-01 1.594452536661537800e-02
1.157471147495588992e+00 4.836922854739252875e-01 1.502684750221013332e-01
1.325213003731282146e+00 5.487416632302490743e-02 8.028573534889535956e-01
1.992499468076638081e-01 1.037604384298899118e+00 3.384704021433502241e+00
2.994533228632225916e-02 1.579567216480476932e-01 8.834712595996739581e-02
1.219002643621916182e-01 2.483332350789156651e-02 3.411292775287641521e-02
