1.001988806628526518e+00
7.340828944015094226e-01
-3.674895326540170704e-01
-1.148225006951647309e+00
5.142278482245846716e-01
-8.609090665394077968e-01
-3.906253472683300920e-01
-1.502703384335132064e+00
-9.336868467989439813e-01
-1.019930083851614766e+00
1.580454316057834929e-01
-8.113755023339776218e-02
-1.236719307024531922e+00
-4.338297068697750669e-01
6.417211236191964208e-01
6.824816531469999337e-01
4.238499279274959286e-01
-9.173198479861857102e-01
4.050307478672816597e-01
5.104085405131419950e-01
7.745977768492974258e-01
-2.298719101916573582e+00
-1.294643725683793489e+00
7.667639142647539874e-01
2.538489974685175787e-01
7.090264124339940022e-01
6.338972434883356488e-01
-1.219481459974284032e+00
-3.672158677696200080e-01
-7.208404231272915741e-01
-1.083293214746178457e+00
-1.676162728576815475e+00
3.769642098340119096e-01
8.572719289114841823e-01
-4.864701358032909040e-01
-9.936807042798936340e-01
-1.172303024763762469e+00
-8.891428322012042080e-04
-6.788517819019277422e-01
4.585427665742095593e-01
-7.034177329627216979e-02
-9.658451581402567321e-01
-1.039141779316946845e+00
9.572155057647806498e-01
-4.952069037774098001e-03
5.113296089568906133e-01
7.622137794852461568e-01
-2.387268647270717192e-01
1.138053453328576742e-01
6.274407584800392179e-01
-5.614928728292847282e-01
-1.642571531336593782e-01
-1.845701997207629619e+00
-2.363774962470413174e-02
-3.490486156090945591e-01
-1.883481961067029031e+00
-4.773690581811185774e-01
2.511243851286387163e-01
4.046048969562213715e-01
1.345459577941294504e-01
-8.719185229238186619e-01
3.312269463209938647e-01
4.607222874469403262e-01
7.097683999656325682e-01
-7.669892264738034093e-01
7.383771433123447192e-01
2.353924888230377876e-01
-4.674995480551447646e-01
4.167665647006257301e-01
-3.786826154730985050e-01
-1.752800095591084406e-01
-5.496183482173961909e-01
-1.298042846828734165e+00
-6.362502788600327142e-01
1.008465877422255463e+00
-6.479094409163788093e-02
-9.799101782373647040e-01
-9.607186317246476648e-01
7.989327984547363037e-01
4.204046920829246359e-01
