6.509118876582512536e-01
2.506692818344417040e-01
-2.502505839270414145e-01
-1.177507382332765751e+00
-1.077716526270120351e-01
-7.024172732638535033e-01
-4.728372890102292003e-01
-1.317668336869173951e+00
-8.387675179391003155e-01
-5.224174501652334435e-01
-1.081226214806899760e-01
-1.667671798573208686e-01
-7.281140217036183859e-01
-5.529614756037558587e-01
4.156647235262512230e-01
3.093094921355306615e-01
-4.478583267909527071e-02
-6.469560854645869385e-01
-1.811566890877855940e-01
4.672209850599249870e-01
2.302063990699390605e-01
-2.114194216899170975e+00
-8.746915136243106348e-01
1.834003411435150277e-01
-7.784857538307855818e-02
-7.516208241675123580e-02
6.016263365735882024e-02
-1.020514069351752040e+00
-3.789577521394908444e-01
-5.452864659162811600e-01
-7.939287386917311951e-01
-1.457590356022983924e+00
3.183006576298693102e-01
2.950554973607023013e-01
-5.451214619431843378e-01
-5.245817257634933783e-01
-6.715272565409349248e-01
-2.097996867975688851e-01
-2.972149286750797592e-01
3.108555729773032072e-01
7.167345499426233668e-02
-9.121505263952026654e-01
-6.396877988125085901e-01
4.800943493247062377e-01
-1.531233087502827661e-01
3.762012342030633949e-01
2.053495645539782366e-01
-4.912932406059951629e-01
2.724684307903978836e-02
-1.539959406525145402e-01
-4.072152205400310643e-01
-3.813703917905186119e-02
-1.519036316836934963e+00
-8.127591482141838242e-02
-3.605574837569173741e-01
-1.405565430499104318e+00
-3.462974437545857653e-01
1.346960237364845658e-01
3.925748834280591570e-02
-2.794863175808523503e-01
-8.234503311690593019e-01
2.812904693078687735e-01
1.439755228103295204e-01
1.968124374987978709e-01
-5.133179426167180370e-01
2.959674845938864429e-01
-6.797234781088008770e-02
-4.050680793761654575e-01
-1.069402459776731817e-01
-2.485566961880475711e-01
-2.654121376103433239e-01
-3.885669576035607475e-01
-1.047543364821664991e+00
-1.523934237834346783e-01
5.208920766987236162e-01
-3.616156828856484373e-01
-4.875499926692415942e-01
-3.475488266127989001e-01
3.560873566228048293e-01
2.481973953604950101e-01
