3.996950826828704062e-01 6.172988325178738744e-01 1.274275982511102301e+00
7.958479398084782330e-01 9.740508437814429099e-01 5.547063828061605806e-01
7.680875376513959241e-01 2.187506717222002628e+00 1.442200996112104283e+00
9.472659888112746618e-01 1.417021054319131723e+00 9.843392970244614348e-01
9.854311828700288434e-01 1.220089784969018432e+00 8.507740642210163129e-01
7.039887774912931828e-01 1.696926871539665038e+00 1.507303720426101279e+00
1.570652968697087815e+00 1.522915701239725861e+00 1.059517617505011611e+00
8.196328917418419513e-01 1.408167608460697329e+00 1.172107669135387109e+00
1.071815271727468266e+00 1.353580396561508969e+00 7.416325079291915534e-01
8.785118746540040435e-01 1.697037222844328230e+00 1.457993502397259000e+00
3.268958113961398237e-01 1.892477385929579370e+00 5.135088312367062091e-01
4.748135820105570670e-01 2.063310466752407812e+00 7.174892422286192062e-01
1.007773025445967363e+00 1.522759771347985236e+00 1.975365237025901166e+00
1.446619327267065325e+00 1.643877980116408288e+00 8.521347894016121360e-01
8.014089649953661798e-01 1.018399797381870586e+00 8.968440409591958984e-01
5.038939289621152673e-01 1.365007482208057343e+00 1.136212572630055595e+00
1.065976716153518078e+00 1.589942600072816292e+00 2.267491059345928817e-01
1.287283507905710112e+00 1.278717429982116016e+00 1.357878623639192428e+00
5.803285702544954683e-01 8.072547852723618300e-01 1.195310203811459582e+00
4.896869393550222216e-01 1.387260683557607566e+00 4.189971712337505205e-01
7.452159259614382636e-01 1.239355081646158707e+00 6.327655810968699779e-01
3.381423191583329269e-01 7.293206099117889307e-01 1.988457566296697676e+00
8.425973476971179155e-01 1.470971634643484238e+00 1.595713034450876977e+00
1.117858510274639228e+00 7.476649023312527120e-01 9.533830727455646636e-01
9.902513730859862084e-01 1.780169285149712621e+00 9.238143753336636177e-01
4.273986129234160214e-01 8.915849451734187969e-01 4.983736013999142123e-01
2.510457884456092637e-01 9.117824468565237650e-01 2.029541283602206647e+00
1.190054828707033607e+00 1.240846672819232888e+00 1.363387007770250348e+00
8.414910077992429072e-01 1.859396668691135179e+00 2.356908274038933271e-01
1.272114337427988628e+00 1.284416903610406280e+00 8.097183792203722641e-01
1.023294849020820019e+00 1.476369999279586898e+00 1.134198941388502080e+00
1.027242135739529383e+00 1.066502921808773818e+00 8.422394119764577969e-01
8.027648402291234220e-01 1.219209307099683448e+00 1.044339146992486089e+00
8.716020061675917585e-01 9.804747895229494192e-01 4.800398328506519929e-01
6.717640663453133820e-01 1.869632651997521267e+00 6.159149696980930067e-01
9.312452027069018090e-01 1.998622420326423788e+00 1.388131387973245756e+00
1.069905314807700680e+00 1.563836275909985751e+00 1.487192434973342747e+00
4.376757561223160731e-01 2.146182078265760573e+00 4.844636986272962687e-01
9.447849698180333933e-01 2.251014262774272634e+00 9.473970248203187339e-01
5.534340250958297985e-02 1.636318575867244496e+00 3.294285755157565498e-01
1.085939816115375711e+00 2.060597354549927207e+00 7.025714936579612324e-01
8.835131109741092281e-01 1.614423610715438162e+00 1.192586530374293963e+00
1.273784704425371395e+00 1.869007740424198483e+00 9.301334775386562725e-01
1.468164109765292880e+00 6.334270896796870831e-01 8.631291324668173282e-01
9.765168836098485627e-01 1.477024769705751694e+00 4.588916395382975355e-01
1.631354632752268219e-01 1.564817639950362604e+00 3.922925256629793966e-01
4.543906357584374667e-01 1.081290080475055815e+00 1.074155749940995497e+00
7.728962873039038062e-01 1.516536986768055595e+00 1.153609626869814164e+00
6.613209116044240776e-01 1.271569331689736515e+00 5.746175530523770503e-01
8.077057467022806803e-01 4.988249715050309674e-01 1.194873884675090370e+00
9.284679247105449562e-01 1.820148726313372434e+00 1.486651120918101254e+00
9.579468233132077959e-01 2.426804127411932743e+00 8.339834077147900704e-01
9.165071837793387077e-01 1.286801299741028526e+00 9.713167425086343121e-01
1.669761600962503534e-01 1.622219637797220226e+00 1.239614896368771868e+00
9.503792622801020273e-02 1.734060016030154250e+00 9.343410605120253676e-01
1.090065983160806606e+00 1.464928436929313182e+00 6.411612053756629015e-01
3.523083726696581985e-01 1.920538949834918352e+00 1.714488426365467166e+00
3.999197011854169759e-01 1.419994781264809713e+00 8.821067862378744184e-01
2.507223256584800164e-01 1.698808435385702253e+00 5.032749132637154288e-01
8.012375777648386155e-01 1.513066803308616759e+00 7.414770263710115383e-01
1.138630384837570064e+00 1.225958560867848934e+00 1.047520537162223153e+00
5.030108119699748803e-01 1.303701159971211165e+00 7.738091609882943311e-01
8.922955504437547480e-01 1.171282398323336249e+00 7.382006330082931944e-01
9.176293447231821387e-01 1.417425804687464597e+00 5.587398961514556950e-01
1.116731794699272529e+00 1.815171395040152236e+00 1.284485991052541021e+00
8.372700037699297715e-01 1.109508024542536386e+00 1.141770748820498449e+00
1.313756869318957410e+00 8.484312823158854933e-01 8.067701755166669653e-01
8.331860859593548385e-02 2.194097718566704103e+00 1.395771414884196648e+00
1.327465927926454736e-01 1.711606859623882038e+00 1.038583667599681570e+00
5.584210677064163075e-01 1.313549783687261607e+00 7.421581247573078022e-01
4.059299962813772145e-01 1.873612759865112221e+00 1.184410764744135314e+00
8.784162513632419733e-01 2.441883735524816412e+00 1.152592798961896259e+00
1.349026945111758247e+00 1.163309555014180541e+00 1.281457635423385311e+00
1.445880273484543288e+00 1.816351742445142303e+00 1.223134295093589285e+00
1.489908637800856361e+00 3.727970038931293639e-01 1.004780735776582112e+00
1.304861948810450922e+00 1.461778203670711207e+00 3.148459513207791938e-01
1.410889638866699158e+00 2.004185332017289767e+00 8.064543390132470346e-01
9.417118348325365096e-01 1.973114222568539633e+00 2.183315659866205571e+00
7.667773702098138466e-01 7.052543228382055496e-01 8.738799575110065554e-01
1.785902397444398826e-01 1.018052122041985585e+00 8.649397336542536951e-01
