9.315747856733622712e-01
5.930358028221568434e-01
-2.981064760173943728e-01
-1.130851632524395578e+00
3.202826575624403982e-01
-7.944862524744551457e-01
-4.073215808868729249e-01
-1.412946857093739794e+00
-8.771300497491183457e-01
-8.096872911138159878e-01
1.025997236690589370e-01
-7.369961023759581675e-02
-1.008288647393709159e+00
-4.445294019631542137e-01
5.897576353044836628e-01
5.706293336901437918e-01
2.597017084559293254e-01
-7.535809714199931397e-01
2.171737048542422832e-01
5.420495387708178514e-01
6.107997682170923648e-01
-2.245986707700529550e+00
-1.098518493291137599e+00
5.637156560262610583e-01
1.921151056480475128e-01
4.624974355909884927e-01
4.406795776645996421e-01
-1.104685728993442195e+00
-3.126082870915874445e-01
-6.032165613989780573e-01
-9.247294722404244549e-01
-1.628743148523126738e+00
3.887044151816011484e-01
6.882703234149634142e-01
-4.665493896276862729e-01
-7.990340782762178629e-01
-9.425826414998005331e-01
-8.797781598069674691e-04
-4.848060923266387934e-01
4.634808653523868061e-01
1.420132675605249428e-03
-8.919924219648130981e-01
-8.535213207639449351e-01
8.055066235849763778e-01
-2.800550813870859856e-02
4.981911113584859274e-01
6.150393235643830669e-01
-2.922168361807730985e-01
1.044109607912138415e-01
3.661130293235491662e-01
-4.799107158046581056e-01
-7.944352153619109458e-02
-1.756896838358859014e+00
-1.070301173803801797e-02
-3.470665255457941467e-01
-1.714484024659996608e+00
-3.933110765118129626e-01
2.481184800655769074e-01
3.406580607841556141e-01
-6.347035529088998311e-03
-8.392755492866880163e-01
3.465736193394385878e-01
3.522344761558027781e-01
5.522423560714926349e-01
-6.179983079310427119e-01
5.934639126015199828e-01
1.476020101467921397e-01
-4.008838636293683977e-01
2.783552419128488276e-01
-2.937800336739906926e-01
-1.874072116318418468e-01
-4.811900363674780912e-01
-1.174638060958980823e+00
-4.233371192544974626e-01
8.854917623334946919e-01
-1.047983835526789670e-01
-7.411784401485709273e-01
-6.990979214329866576e-01
6.927099067499944418e-01
4.148728985455403806e-01
