-4.537232430530670907e-02
-1.271410986554963873e-01
-3.708459637622380511e-01
-1.048333133211791557e+00
-8.553630960540635764e-01
-3.384208551037686807e-01
-6.790869065160838325e-01
-5.798835153435103473e-01
-3.680090222062007421e-01
5.611601214332594401e-01
-8.398852797798779246e-01
-7.004121160580484284e-01
1.467558004919191673e-02
-5.846577060029864992e-01
1.665877644077146114e-01
-2.636649480380838795e-01
-4.271061736345967419e-01
-5.019653126234413509e-01
-1.147388239307905566e+00
7.741025324547856634e-02
-2.172101791098026910e-02
-5.109023742438151272e-01
5.375140862515056378e-02
-4.813031081052100424e-01
-2.989591996583590428e-01
-1.162909067758221671e+00
-3.122538298258239475e-01
-1.987658730255998096e-01
-6.486589764378002387e-01
-4.908561796921275810e-01
-2.000558344134375222e-01
-4.905806899391939591e-01
2.478662559120462239e-01
-2.381248969668754711e-01
-1.029425778796893676e+00
1.866026117153401775e-01
3.278026154209917054e-01
-8.251429187467834714e-01
1.952609479880701715e-01
-2.402207406498079456e-01
-3.971697625834708784e-02
-7.496222367477619608e-01
3.715255409867517788e-01
1.382772153573018914e-01
-3.299425735940074156e-01
3.233039828441760521e-01
-5.998494578956204970e-01
-8.553089214734677093e-01
-2.792922865883382677e-01
-8.197244175870257443e-01
-5.392838065268964476e-01
3.420366693798873592e-02
-1.138470268017102160e-01
-1.402462250877398453e-01
-5.241066921175322468e-01
-1.815509220961261105e-01
-4.599564043882786724e-01
-3.178018259066683338e-01
-6.414078278648635001e-01
-8.678853206891427030e-01
-6.491167080738797779e-01
-5.934196438573042381e-02
-2.426047528191084546e-01
-8.085907658566032774e-02
-3.484895892992869171e-01
1.177437763833592416e-01
-2.709115719719897286e-01
-6.514851731067951013e-01
-6.488843876127146082e-01
2.779237736676404280e-03
-4.843815036160876164e-01
5.114488035274734890e-02
-8.595525461716926330e-01
4.044820775436819282e-01
6.779257938729948973e-02
-9.598689891091580773e-01
-5.694928119559109631e-02
3.806932961103765556e-01
-2.517537045806963469e-01
-1.073991507612508528e-01
