5.709089716544354376e-01 5.554096628609594966e-01 5.521977609234073325e-01
4.683074003329810164e-01 4.554460138967167948e-01 4.527818609467921251e-01
1.754756631414318457e-04 1.724313465063935546e-04 1.717897402765855737e-04
-0.000000000000000000e+00 -0.000000000000000000e+00 -0.000000000000000000e+00
3.619259364960959457e-01 3.520904890081977268e-01 3.500525146496124562e-01
-0.000000000000000000e+00 -0.000000000000000000e+00 -0.000000000000000000e+00
5.538857518299218326e-04 5.425820580314587652e-04 5.402154800008377193e-04
-0.000000000000000000e+00 -0.000000000000000000e+00 -0.000000000000000000e+00
1.044730335940501336e-03 1.025574190782841148e-03 1.021534348765417528e-03
8.317852691446784739e-04 8.163094236809836143e-04 8.130483681851333405e-04
1.680011671929128314e-01 1.636149505901452195e-01 1.627049542917164138e-01
7.716442731231336338e-02 7.512214232699569727e-02 7.469860711561751576e-02
1.209183895969773593e-03 1.185621236383937148e-03 1.180662776302297476e-03
3.456559728742132067e-04 3.382424801356202727e-04 3.366893187775608681e-04
3.723137387189506819e-01 3.621749228540848686e-01 3.600736953832344156e-01
4.456665985306074163e-01 4.334275132779872863e-01 4.308919705451845772e-01
3.758375355317925548e-01 3.655787390336061593e-01 3.634530685883426426e-01
8.980311883629037064e-05 8.817229976912013953e-05 8.782817158906042459e-05
3.077697629194005025e-01 2.993814401620001897e-01 2.976432281555895232e-01
4.405244446160185845e-01 4.285803248629126427e-01 4.261050679745748138e-01
5.024504132614393548e-01 4.888135229815142591e-01 4.859873839150618546e-01
-0.000000000000000000e+00 -0.000000000000000000e+00 -0.000000000000000000e+00
-0.000000000000000000e+00 -0.000000000000000000e+00 -0.000000000000000000e+00
4.423396591980960912e-01 4.302434380558759486e-01 4.277374780114542863e-01
2.868141096108962063e-01 2.789264229421111740e-01 2.772925711540388249e-01
4.516681352876528166e-01 4.393223783188300313e-01 4.367645333430159593e-01
3.943407494639045718e-01 3.835071600588698115e-01 3.812629244541773654e-01
-0.000000000000000000e+00 -0.000000000000000000e+00 -0.000000000000000000e+00
2.055522863023461454e-03 2.009433029455679788e-03 1.999785777125372317e-03
2.305035695029726897e-03 2.257823554322150195e-03 2.247907473564187807e-03
-0.000000000000000000e+00 -0.000000000000000000e+00 -0.000000000000000000e+00
-0.000000000000000000e+00 -0.000000000000000000e+00 -0.000000000000000000e+00
3.948144731444414579e-01 3.839897802982276120e-01 3.817474971551940155e-01
4.598811949010878086e-01 4.473048520635808378e-01 4.446995445874437625e-01
4.627461008014513780e-03 4.540812190786256558e-03 4.522623583045895339e-03
1.997245898316480424e-04 1.962727301905450395e-04 1.955444788319244114e-04
-0.000000000000000000e+00 -0.000000000000000000e+00 -0.000000000000000000e+00
1.081751468176262027e-01 1.054093307540412139e-01 1.048350611530354248e-01
-0.000000000000000000e+00 -0.000000000000000000e+00 -0.000000000000000000e+00
4.372582362862303951e-01 4.253277421821733961e-01 4.228561615101819049e-01
1.002320884054572897e-01 9.752010879626649142e-02 9.695795315155672500e-02
-0.000000000000000000e+00 -0.000000000000000000e+00 -0.000000000000000000e+00
7.486231004964954484e-05 7.283430886620671384e-05 7.241425483894260663e-05
5.111052427445572643e-01 4.971483498740906226e-01 4.942566101348422336e-01
1.450990451750440169e-01 1.411815849564599934e-01 1.403696641636336950e-01
3.981220915414281358e-01 3.871818066475394837e-01 3.849158130525558996e-01
4.619779704333100701e-01 4.493235839631121165e-01 4.467019159384015836e-01
5.526672175405977772e-02 5.376447450071791812e-02 5.345328185754417982e-02
2.156644523201516062e-01 2.098154573097386622e-01 2.086032506275673770e-01
4.678920239671829906e-01 4.551613185374486781e-01 4.525228326884496166e-01
-0.000000000000000000e+00 -0.000000000000000000e+00 -0.000000000000000000e+00
2.878371094727703167e-02 2.807513657246056560e-02 2.792755002679544671e-02
7.404991105043918099e-04 7.269519131707946093e-04 7.240954365789920456e-04
2.456993654495387147e-01 2.390082547714884043e-01 2.376219851131723126e-01
2.640546762963683677e-03 2.587268208579511942e-03 2.576076737787047662e-03
-0.000000000000000000e+00 -0.000000000000000000e+00 -0.000000000000000000e+00
1.274974552416260854e-03 1.249494840967341636e-03 1.244138034700264898e-03
3.189090584222992741e-01 3.103022589447441693e-01 3.085184101560702330e-01
3.229473330651721485e-01 3.140574569356714973e-01 3.122160009422335625e-01
2.489595553570925490e-01 2.422153433244111087e-01 2.408176065193236293e-01
-0.000000000000000000e+00 -0.000000000000000000e+00 -0.000000000000000000e+00
4.413791608611263850e-01 4.294210062535806505e-01 4.269428606636215817e-01
3.675284525908983913e-01 3.574511793800212445e-01 3.553636318197640476e-01
4.495709708558935369e-01 4.372178487977270711e-01 4.346589880341056866e-01
-0.000000000000000000e+00 -0.000000000000000000e+00 -0.000000000000000000e+00
4.352009930125053105e-01 4.233954774733604265e-01 4.209489628434832098e-01
3.256682036573391170e-01 3.167978020132879990e-01 3.149599838730252066e-01
-0.000000000000000000e+00 -0.000000000000000000e+00 -0.000000000000000000e+00
3.594483272636654902e-01 3.495820313566395665e-01 3.475381319858180107e-01
4.109979577314824828e-02 3.997332752318046023e-02 3.974040965728976860e-02
1.952199591404339338e-02 1.903316112088378892e-02 1.893137734481243131e-02
3.767104144050544782e-03 3.689511796832619338e-03 3.673229317233026384e-03
1.985337929633208733e-03 1.950754475996088755e-03 1.943460656862368253e-03
-0.000000000000000000e+00 -0.000000000000000000e+00 -0.000000000000000000e+00
5.330387474446089957e-01 5.185156291403489881e-01 5.155066024592634966e-01
8.665642655429058039e-02 8.424062699234213802e-02 8.374072560700941692e-02
-0.000000000000000000e+00 -0.000000000000000000e+00 -0.000000000000000000e+00
-0.000000000000000000e+00 -0.000000000000000000e+00 -0.000000000000000000e+00
4.937882008951649526e-01 4.802256660266760457e-01 4.774162041067047113e-01
4.362305442754762508e-01 4.242873545565500337e-01 4.218134849282743626e-01
