6.979611982798290537e-01 -8.041577365395907728e-01
1.332104643673620581e+00 -1.899996872560512973e+00
-4.907307658474449608e-01 -1.440036859226740074e+00
-4.394959623265421444e-01 -1.900299001150248968e+00
3.347439822888729766e-01 -1.191754685560856064e+00
3.638608236914978589e-01 -1.599970942194811174e+00
4.330533684264769034e-01 -1.531779172542671930e+00
-8.391579542641272038e-01 -9.385518181454395314e-01
1.082840414407592933e+00 -1.302285428432029102e+00
4.315069509755514177e-01 -1.712966711211909354e+00
-1.643373168544469687e-01 -3.771791752765528694e-01
9.767965789362814677e-01 -9.560577288640266236e-01
-1.325899058036998923e-01 -1.204807807133765785e+00
-8.199629896178164956e-02 -3.714109228544268393e-02
1.294051177862560076e+00 -2.329190275023843348e+00
1.106449292223351977e+00 -1.929914879904738978e+00
6.542072670963744452e-01 -8.656144577951734309e-01
-4.410200245883587056e-01 -9.955599730441800910e-01
-1.594757653774700135e+00 -1.251368890155982072e+00
8.964649994085311935e-01 -7.576853033744126442e-01
1.671455561469925299e-01 -2.755956310481472160e-01
3.749366074493999390e-01 -1.567561128735217357e+00
3.294258863767322576e-01 -1.264585308768280125e+00
3.318083742787357959e+00 -1.096471390082395025e+00
-4.563804146950942719e-01 -2.097631209428374444e+00
1.490969823533518257e+00 -1.883792241672490153e+00
8.517261714523893801e-01 -1.090607279848569533e+00
-3.623853262600659209e-01 -1.651157039233281276e+00
6.980606477079013272e-01 -1.772141244463989906e+00
4.747255312235493241e-01 -1.809539036111638355e+00
-5.621700549349839537e-01 -8.896082574606777316e-01
2.042635658164634604e-01 -2.567246983417234674e+00
5.924960235143581500e-01 -2.302970171002149513e+00
5.960494335284325373e-01 1.418113018505133271e-01
2.224504597692309904e+00 -1.219316065644771019e+00
-2.102544614242828624e-01 -1.669597554049763399e+00
-2.062492807107123294e-01 -1.671190203867126023e+00
-3.078327483896231564e-01 -1.926802301048939348e-01
-4.458020256236479018e-01 -1.341036136224136754e+00
2.953767916574596142e-01 -9.133543862657130807e-01
2.320526023816026628e-01 -2.513111087572696523e+00
-6.668678917877060019e-01 -1.763834658486228335e+00
-1.714732691624187566e-01 -1.539673184882333068e+00
1.273672345057338173e+00 -5.753591100329358277e-01
-8.471428412543762221e-01 -1.051143160052923076e+00
-6.510751176982376709e-01 -2.779736228094858319e+00
7.004179001534660554e-01 -1.344279789196253017e+00
1.037096487470782202e+00 -1.552002733029801851e+00
2.771557480454126671e-02 -7.271199200194707057e-03
-2.699839791085615337e-01 -1.181578749177822685e+00
-4.367917148083725332e-01 -1.159324805775411305e+00
1.014389682501657175e+00 -1.588048684103693597e+00
4.436941263158263871e-01 -1.866950863727599774e+00
-7.336409768125277120e-01 -7.839606808944276084e-01
-3.787750125874153051e-01 -6.266723386486899861e-02
3.097415774579210357e+00 -1.569083149947023914e+00
-4.976198622694093937e-02 -1.327310622832388987e+00
-2.576612154936654409e-01 3.766389949886551208e-02
-2.498257252788640415e-01 -6.991819509144453493e-01
-1.324597525197745984e+00 -9.697274479022288673e-01
7.885626577685750371e-02 5.907964020048162013e-02
-6.375557890155275631e-01 -1.052552104351429429e+00
7.331258055288076836e-01 -1.506122081831980486e+00
4.790892465558646007e-01 -1.530248497801264485e+00
3.091674480874933018e+00 -1.905155536780074099e+00
-1.126338865748799822e+00 -2.943675876915782474e+00
-9.265915093197939489e-01 -1.864883625137804257e+00
7.419280873482175798e-01 -8.793958913398348676e-01
8.845551689235395809e-01 -1.249528568059046441e+00
-5.708401576165238467e-01 -1.969745790519452866e+00
-1.032691249271989076e+00 -5.974341856869860301e-01
1.677045915423666100e+00 -1.090399837394391724e+00
1.417874098233219859e+00 -1.938536387930014149e+00
-5.503447682373440175e-01 -1.171821481369390350e+00
2.313951194730819338e+00 -2.071847151519161656e+00
8.973416080928716676e-01 -6.604858721223183515e-01
2.087144055579263746e+00 -2.628682435409623874e+00
-4.254109139762507485e-01 -2.016887470436750984e+00
-4.758402886301162787e-02 2.330123218856894329e-03
4.846400438332644778e-01 -2.141935597281547476e+00
-1.848984382001936655e-01 -2.356193967458970029e+00
8.529002284739561901e-02 -9.260169630034541521e-01
4.543883976501458255e-01 -7.903829585257312607e-01
-5.114589859039521125e-01 -1.507524607551613771e+00
8.120172472362269245e-01 -3.432988156095790333e-01
-4.262835810343602039e-01 -2.624827113822814972e+00
1.810694454768657646e+00 -1.741285771883861910e+00
-4.959682949716233136e-01 -1.509404793471454509e+00
4.629339935677186935e-01 -9.467802635496473940e-01
1.006672395227932393e+00 -1.482565488331863079e+00
-4.005911450967580834e-01 -2.106234746916747502e-01
1.646979089932326001e+00 -1.224036763894128965e+00
-1.698119301027107397e+00 -1.882380296364056127e+00
1.276081499708412448e+00 -4.988377675011021473e-02
6.115392016903211658e-01 -2.712531547488445938e+00
-1.255588537017485518e+00 -1.794294338372006914e+00
3.820794331883848455e-02 -1.589075028373740484e+00
-3.878648329075259360e-01 -4.502166357858337076e-01
-1.014341754248681698e-01 -1.114099459452541074e+00
2.910742552083399826e+00 -2.589332331727338676e+00
-2.684613527726941173e-01 -1.670217677962674507e+00
7.955211058324237472e-01 -1.090846422563241047e+00
9.145502787635734210e-01 -1.141502860249683060e+00
8.975551216683157474e-01 -4.492840916383542549e-01
-1.317361671444645388e-01 -1.546880325171983372e+00
5.936413771567353725e-01 -3.856850376772488431e+00
2.598095181528633502e-01 -1.745844163809881167e+00
1.400081444213552295e+00 -1.103654272241982870e+00
6.391691955572235129e-01 -2.007718710384737815e+00
1.212655889699300049e+00 -1.662680587390862552e+00
8.711702367408709069e-01 -1.983198702167056071e+00
-1.022669295319822869e+00 -1.660309156961824018e+00
-3.519044065452665154e-02 -2.888739159653223171e-02
6.384886765758900073e-02 1.343889653249457361e-01
4.301964221192758897e-01 -1.436815328133599801e+00
-3.206268578848611717e-02 -1.483071220817235414e+00
-6.769365835881241411e-01 -1.395989290762041257e+00
-4.409860646665897943e-01 -1.482179209913069728e+00
4.797007421483598377e-01 -1.917884505393775640e+00
-2.330243263229250100e-02 -1.747718619602349976e+00
9.825682029811616536e-01 -2.054062963124046348e+00
-1.991943089444236370e-01 -1.103837426873337968e+00
2.385886554780475510e+00 -2.458543756696927929e+00
3.527409260177841524e-03 -1.568089404141175258e+00
2.702328360186583359e-02 -2.118929411381794914e+00
-6.720609532573648126e-01 -1.076000223994889371e+00
1.060358271077044723e+00 -1.371735218765742337e+00
3.227160844860801348e-01 -9.110975634998171868e-01
5.999608319320162142e-01 -1.019300972297559671e+00
-9.594007401258257683e-01 -5.712243112778594423e-01
7.655939686423667012e-02 -2.519213230866303860e-02
5.734360038913759450e-01 7.790166785024245366e-02
9.775485278732278793e-01 -5.176282015116080437e-01
1.362203724218891965e-01 -6.668558177299661605e-01
3.933054579587156319e-01 -1.386858173753722667e+00
-1.914810903743777715e+00 -9.999088162335257879e-01
-5.724245064884864176e-01 -1.086369303820917676e+00
1.670492044249902275e+00 -1.293429822438497245e+00
8.372449089634319552e-01 -1.276968059517674892e+00
-3.395149521874584742e-01 -2.728264465896684587e+00
-3.429066515482805944e-01 -1.334452722987105266e+00
-4.223699582708908551e-01 -9.698699962115430173e-01
2.352162664078643051e-01 -1.690628117665222696e+00
7.861414682529834774e-01 -1.357615729039714170e+00
-1.227731268563725386e+00 -6.839320755480898795e-01
1.375853826766788579e+00 -7.746477365825994443e-01
4.851793681542207470e-02 -1.325949597467141139e+00
3.961180830304462663e-01 2.589527964042203090e-01
3.872776120067590866e-01 -5.284625040139889762e-01
2.796709749703813142e+00 -2.282578828747700683e+00
5.977484442969597245e-01 -1.482872657598882205e+00
4.173968131637244561e-01 -1.926793489984388819e+00
-6.131469883426922118e-01 -1.543315893294107788e+00
7.189501795681318974e-01 -1.576728776541385102e+00
5.564175798088465408e-01 -6.913565686095144436e-01
1.222387714304303152e+00 -4.284921126662442070e-01
-7.835879122276945274e-01 -1.088409008653198340e+00
6.979581928049465311e-01 -1.158151338024123511e+00
1.262876743308381844e+00 -1.697750858085642411e+00
2.998208037857388875e-01 -8.602067877839632004e-01
-7.312514089524484451e-01 1.624014584804385208e-01
1.643581337160364919e+00 -1.341834248993989176e+00
-2.552216490593421927e-01 -1.107168465787644385e+00
9.521118997903170733e-01 -1.060836839927932651e+00
-8.053499224737381557e-02 -6.505169393782804788e-01
5.517448286524683221e-01 -1.799666574692956988e+00
8.969758464995172265e-01 -8.476938082757572435e-01
3.184025996040764084e-01 -1.132756285700048382e-01
8.784944898920657996e-01 -6.149625748016755988e-01
-1.548093795659337690e+00 -8.324922924445146144e-01
2.783484069175192199e-01 -2.994857042647311562e+00
