9.841570371324127875e-02 -4.089504529196084648e-01
2.041460233353193932e-01 -1.238338435297813289e+00
-2.403655522581751580e-01 -3.963420835539347431e-01
-3.234678460763143470e-01 -5.695598648870516811e-01
5.451017304440595838e-03 -4.603166189821524812e-01
-5.097133919531274260e-02 -6.017194782628116911e-01
-1.676109531799914107e-02 -6.158699066013770818e-01
-2.384579374038359456e-01 -1.936213214472423394e-01
3.396389313617774464e-02 -6.112505090129576324e-01
5.395116707994945804e-03 -4.992507241553417185e-01
-7.172052681531103369e-02 -1.110311000048119501e-01
8.504664052585225731e-02 -4.091604501507046798e-01
-3.712382776635368420e-01 -7.930183153351021419e-01
-7.875666542398122860e-02 -4.532131829079546342e-03
1.566717019955352064e-01 -1.554615603121700440e+00
1.769324914994248044e-01 -1.783257453725255237e+00
7.652516971524030154e-02 -3.951984944749428186e-01
-1.873321100479100054e-01 -3.150396543107313874e-01
-5.032656059783640057e-01 -1.563044333408061259e-01
9.870544230783281914e-02 -4.170314061974838560e-01
2.106082945775360898e-02 -1.299506992526140436e-01
-4.324566841045348470e-02 -5.662671340479075166e-01
-7.571332535559853472e-02 -4.717880822594202606e-01
1.507537783427707945e+00 -1.605181997337379318e+00
-3.273879759288401692e-01 -5.814207051426887318e-01
4.566159154054426628e-01 -1.704122442610801036e+00
1.227040912469387346e-01 -7.332623944849081532e-01
-2.859217335904667978e-01 -4.857534698029069009e-01
4.227378054286473272e-03 -6.904074625372412788e-01
-1.021642934039741421e-02 -6.589331737659527288e-01
-1.522531428228890704e-01 -2.307619598616659773e-01
-6.576198762879525983e-01 -1.913598248887103059e+00
-6.016361138862958563e-02 -9.455642857525582423e-01
2.792352578148724063e-01 -6.365875687245993453e-02
1.069089611808421658e+00 -1.565400333758718343e+00
-1.357293021444718750e-01 -5.162468857468975880e-01
-2.357803372139437026e-01 -5.764649452186172418e-01
-3.662689932257752190e-01 -5.927177369173015908e-02
-3.379882075655297191e-01 -5.332412345175313595e-01
-1.606129730849968629e-02 -3.980829797111013479e-01
-6.324877901096479516e-01 -1.845949270331131098e+00
-3.654726626403758116e-01 -4.688182475230114332e-01
-1.533831084227345321e-01 -5.129947936513771234e-01
7.868967470728601699e-01 -9.116310002842321625e-01
-2.768405203941559090e-01 -1.994726546707991932e-01
-1.337424717931263496e+00 -1.705889839522479745e+00
1.012581061996424003e-01 -5.398621362589187678e-01
6.062550559066256367e-02 -6.652652845361596290e-01
2.885329844083027451e-02 -1.335125611724001862e-02
-3.038435780454099566e-01 -6.982335874199160353e-01
-1.635837195001198507e-01 -3.482001332081130496e-01
2.657504845826583750e-01 -1.557567778031823336e+00
-5.044381207409896067e-02 -6.142594285726876713e-01
-9.785345359191252035e-01 -4.215513150756896588e-01
-1.036791397630427991e-01 3.841203931673305150e-02
1.231567812554680952e+00 -1.812301851171708611e+00
-3.516925549010795349e-01 -8.408751253933307579e-01
-9.354076655955273489e-02 6.859156612873047731e-02
-5.036030669879103527e-01 -5.056360527923167147e-01
-4.307512809501510831e-01 -9.560684643369499192e-02
8.667263972765125446e-02 2.867720386251028028e-02
-2.675826107108776331e-01 -3.218275007435939528e-01
4.498193097993534451e-02 -6.134370561574502556e-01
-1.515378584846348992e-02 -6.212550700752854649e-01
1.091603478753984113e+00 -1.973661436179572348e+00
-9.761909252338716314e-01 -1.186531605930869704e+00
-4.244333294502887766e-01 -4.678131585073166399e-01
6.000675493501286817e-02 -4.453316416153778046e-01
7.176598292210184526e-02 -5.781424590002727237e-01
-3.119799957595318918e-01 -5.682714729360843764e-01
-3.451955243914960891e-01 -7.155683300358595990e-03
2.724153941990316574e-01 -5.986515183292645537e-01
1.421623475196072683e-01 -9.560109742536504474e-01
-1.858527599709664802e-01 -3.187922721680706006e-01
8.315233546584301916e-01 -2.021849395892096446e+00
5.461458335471597314e-01 -8.617861667232559197e-01
5.385488274531398112e-01 -2.246538193766591807e+00
-7.976611142465320770e-01 -1.195777713357518257e+00
-4.938573039166804790e-02 9.672854542996142668e-03
-2.058452006396034317e-01 -1.277819704653235355e+00
-6.358136262557860796e-01 -1.334826728053792211e+00
-4.756492828152506652e-02 -3.881062788056829360e-01
5.959785825330916886e-02 -4.046501112249294985e-01
-3.637184634645872494e-01 -4.104279700723036939e-01
5.539518885528218473e-01 -5.631406221129579004e-01
-1.158122168102966310e+00 -1.731952216855355386e+00
3.606889968467040797e-01 -8.803230077868443582e-01
-7.209717811504225971e-01 -8.900400202764057189e-01
3.727166197179995061e-02 -9.757280532269012596e-01
1.878828313107674952e-01 -5.850659405826151849e-01
-4.291622288819728070e-01 -5.094563172945028307e-02
7.891178803723406521e-01 -1.458168120281939650e+00
-7.786609131470011436e-01 -4.602290011083734478e-01
1.012924037264581800e+00 -4.606989863854871192e-01
-3.313240269506045887e-01 -1.855890593757429929e+00
-1.496275387534738321e+00 -9.751982760136115314e-01
-1.317812402838469954e-01 -5.686893816768582299e-01
-1.637421549476579807e-01 -5.576168986447968545e-02
-1.287002264480585356e-01 -4.186050439271247758e-01
8.949602407179981789e-01 -2.199997804065012996e+00
-2.058656835558424214e-01 -5.570437758674128270e-01
2.925231930404001424e-01 -1.199160798118058313e+00
1.266038198251526747e-01 -5.161595602071583633e-01
3.741228767901675911e-01 -5.200890703536594772e-01
-1.175152289686490076e-01 -4.371281992273256534e-01
-6.479357273170883724e-01 -2.414266932382687525e+00
-4.049716559067567667e-02 -6.232650318078367668e-01
6.517414799496611399e-01 -1.333966842997008850e+00
-1.642175535931254537e-01 -1.683577933070814270e+00
3.474565108063099594e-01 -1.470027396720779755e+00
6.363653763672747800e-03 -1.609385774288807580e+00
-3.569334370533802647e-01 -4.823097130455190618e-01
-2.872626598842568588e-02 -1.078280070226498091e-02
1.232068990410384590e-01 9.607775642289388685e-02
1.210501025109796298e-02 -5.602830927443392950e-01
-2.249415519805684771e-01 -6.743762811680604763e-01
-2.851716570326535138e-01 -3.620242936044414939e-01
-2.809671735040966678e-01 -4.695406629103990870e-01
-3.563321846540555560e-02 -7.280402168120393425e-01
-1.314848456773806684e-01 -6.106818664530156981e-01
4.971523511087624220e-02 -1.006147171570308751e+00
-5.845812095955696952e-01 -8.553171416781665259e-01
6.993254050493675766e-01 -2.158628392143144392e+00
-1.671175570704293567e-01 -5.232340183998622773e-01
-7.387530881419591688e-01 -1.653736680079893162e+00
-9.236126971841069899e-01 -6.446790344285000529e-01
8.234916044226667231e-02 -6.219841473478333604e-01
3.732750938325313933e-02 -4.263926900070905135e-01
6.281589449185712160e-02 -4.452072010609061103e-01
-6.623636759281571473e-01 -1.186114846573471659e-01
2.042510662027034393e-02 -5.011048109012593288e-02
5.323710724909650471e-01 -1.333741856129624925e-01
3.149828067372446583e-01 -3.596696271099698583e-01
2.476747817856637945e-04 -2.675695893167925887e-01
-4.896330709178468160e-02 -5.328987100124965570e-01
-1.551398945823523112e+00 -2.195754467196848470e-01
-2.159250359723130785e-01 -3.017604219374495078e-01
3.006054060136204020e-01 -6.186152999297672705e-01
2.015735383844263484e-01 -1.149785417084558725e+00
-1.100220077877308356e+00 -1.772021864299676785e+00
-2.612396771943858997e-01 -4.054741866648952087e-01
-1.788727106428909808e-01 -2.986009185978226177e-01
-9.444493995080648074e-02 -5.753534782648700441e-01
6.762294436656279828e-02 -6.391239753451053440e-01
-3.468457954685689737e-01 -5.992976791433365924e-02
8.641387606402937127e-01 -1.110378139348968674e+00
-1.638316067787622121e-01 -6.550082292287960906e-01
4.147858325812404656e-01 6.771151377621503764e-02
4.784379701330458701e-02 -2.535743446044163574e-01
9.415495305908885282e-01 -2.120397404600474989e+00
-1.728033436402584208e-02 -5.615302637808593511e-01
-3.482556987465273979e-01 -1.603863126422743424e+00
-2.731985251211857535e-01 -4.556039807246061168e-01
-1.898103737906656208e-02 -5.981023235095423995e-01
7.324628386993355111e-02 -3.105025589790801899e-01
6.700074275383871569e-01 -7.032702606113673260e-01
-1.098882722545682533e+00 -6.453759053934312595e-01
1.267398939028720750e-01 -4.923759039143517646e-01
3.260897486528297473e-01 -1.463684170467137724e+00
-5.795440830362001694e-02 -3.464830762686386678e-01
-2.216413748431433073e-01 2.329794955332885054e-01
7.249080872607823745e-01 -1.524601295254087274e+00
-1.691637591618016800e-01 -3.242655324074231182e-01
4.140638728891906650e-01 -1.219461230866896173e+00
-8.477830471951869340e-02 -2.443376147693129552e-01
-2.018171253949674060e-01 -1.579960011339287762e+00
9.834395962704915728e-02 -3.425683563073829707e-01
8.380127868883552322e-02 -1.353336185300047234e-01
1.295207115351425242e-01 -3.317481656286413449e-01
-1.121344802668236662e+00 -2.236531056511489313e-01
-7.136845622451328808e-01 -2.075460452111472343e+00
