1.000490568163288872e-02 -3.266858923568325551e-02
1.131427264177834735e-01 -1.862962941649339843e-01
1.293034974897870615e-02 -2.677620942429038975e-02
1.971485909667882591e-02 -3.729901827927680630e-02
2.534881743022680128e-02 -2.526690462316657365e-02
3.044984439111693766e-02 -4.540780253970913560e-02
2.677897832749259049e-02 -3.697020935712744955e-02
3.228297019260658370e-03 -1.419870905758716280e-02
2.596541344850728655e-02 -4.078933652149827754e-02
2.132959804342858881e-02 -2.189867505318509114e-02
6.128731857313243075e-03 -5.487480099738701982e-03
1.611458432353973444e-02 -2.685612315760959809e-02
8.405412502797919572e-02 -1.896357806046814753e-01
-1.323422197170090985e-02 1.393567344297277823e-03
1.855009552276459528e-01 -2.510180976745218784e-01
4.613628190734254120e-01 -6.262980779439618617e-01
1.701925484562591059e-02 -2.140693413894608627e-02
1.218263908791902828e-02 -2.375964494002218153e-02
-6.810318578655137796e-04 -1.364852802214576791e-02
1.548053701167194374e-02 -3.369516473566244036e-02
4.969382039294871663e-04 -9.850605268159005543e-03
2.839604808204613390e-02 -3.389145074441899524e-02
3.100144523859588858e-02 -2.601903064407811578e-02
3.905875103248808711e-01 -6.624379576220064125e-01
2.017113842957589734e-02 -4.765152222385179992e-02
3.720185326330074371e-01 -5.068462419859079970e-01
5.081112257419844597e-02 -7.553177624222300046e-02
1.443576480605385237e-02 -3.053397520801055462e-02
3.300711425442552638e-02 -4.088218932405751627e-02
3.436420807438998054e-02 -4.554687771138247326e-02
9.977381904769067403e-03 -6.742778334791152753e-03
4.168268938077781538e-01 -7.315560784665428029e-01
4.863982581890968077e-02 -7.928028274670839703e-02
-7.177487040231486301e-03 -2.222780907448717799e-02
4.046362970375489421e-01 -6.257360463212058299e-01
1.942338372600880061e-02 -3.601448876264800453e-02
2.731621226433163588e-02 -4.331042972877487823e-02
-9.422963096839330477e-02 -1.297650702153160807e-01
3.455928921184660274e-02 -5.340567153661735650e-02
1.889560032609749127e-02 -2.681964001372113410e-02
4.959903316752036218e-01 -6.200977938065604933e-01
1.993363749519613468e-02 -3.054460173763334438e-02
1.771144071096684633e-02 -4.066127981273635894e-02
2.105499112775820469e-01 -5.489607738133345238e-01
2.831885931381711470e-03 -1.777815394646931058e-02
3.664126068474903297e-01 -5.672607439433136056e-01
2.768269357580333684e-02 -3.854287022563112480e-02
2.685018768460914820e-02 -5.412258825574037258e-02
-1.282873545056303043e-02 -3.030780988161432127e-02
4.779747275619797980e-02 -9.674523222593063576e-02
1.658084119111034524e-02 -1.936866303205554696e-02
4.156131868142607932e-01 -5.882152997681211470e-01
2.686264126997667950e-02 -3.763627543204155212e-02
9.776699046702101714e-02 -2.354107642531782507e-01
-2.139420724987415538e-03 4.549400516130986359e-03
5.159991671049753981e-01 -5.754490919080814670e-01
8.227323457845280019e-02 -1.087970814850480195e-01
-1.152807773881777895e-02 6.558163248689164197e-04
1.826102068629328889e-01 -1.982849478320157510e-01
-8.075829207181476482e-03 -8.526520995107901568e-03
-3.764380808810042361e-02 -1.475840913221146931e-02
1.213231825313586948e-02 -2.898849677844484232e-02
3.369581271555215779e-02 -4.527279833364912520e-02
3.507606641719658580e-02 -4.497657366334040924e-02
4.611234607759407966e-01 -6.937970191166338285e-01
1.067456486729793652e-01 -2.002708801727717536e-01
1.769949313216505685e-02 -3.670961921290352009e-02
2.126047352111801181e-02 -3.209830759850735432e-02
1.991997480264197373e-02 -3.989980182230869893e-02
2.026027661825411871e-02 -4.053086311197940522e-02
-1.134485515925392519e-02 -1.117349831819713576e-02
2.574338415565063237e-02 -4.295862935213675543e-02
6.586185467476660116e-02 -7.609430158349948792e-02
9.836127720426399157e-03 -2.024405356624245020e-02
4.618033653186405241e-01 -7.410579260436926941e-01
2.397990632104193276e-01 -4.435099739918197392e-01
5.225736966102472181e-01 -6.843714208513709263e-01
1.662776611349259526e-01 -2.466165579192914348e-01
-1.222405480892315571e-02 5.742254726341056333e-03
1.172126372287145141e-01 -2.004831148927596618e-01
1.910220289338781241e-01 -2.290238634786411209e-01
9.820989416125377666e-03 -3.160558457881932487e-02
1.585625082700047733e-02 -2.596473944074905935e-02
1.839951587135097918e-02 -2.684571874668618269e-02
2.355854936459191029e-01 -3.281156693108057132e-01
4.075875356368732771e-01 -5.836731593074778734e-01
6.224929560969290343e-02 -6.313505738843332160e-02
1.138373356322678331e-01 -2.022333190926939861e-01
3.168542560510245742e-01 -4.843826802897218675e-01
3.896944101231076402e-02 -3.240731308891205836e-02
-7.315846810836069969e-02 -8.945707685155747380e-02
3.925062914875661613e-01 -5.624384836651978858e-01
2.809061979924352970e-02 -3.924755452157433627e-02
1.562629532258950349e-01 -2.618514986566983227e-01
3.254223109275001247e-01 -4.974182659341225832e-01
2.607519248046252791e-01 -3.679533371088141713e-01
2.885565632339148409e-02 -4.236133656165420869e-02
-3.401690448356579476e-03 -5.664941975516299411e-03
1.423621478867546572e-02 -3.281174879309587539e-02
5.030058961715134780e-01 -7.033683727492315851e-01
1.750585185099000352e-02 -4.258042302257917383e-02
3.709351522152062874e-01 -5.229433006478027002e-01
2.445911246677862083e-02 -2.849417371436303165e-02
2.842702885841442290e-02 -7.767050513489723307e-02
2.088248163736573099e-02 -2.871242269353957779e-02
4.824881335021561357e-01 -7.057283972151286999e-01
2.741953724535448750e-02 -4.214039307109759824e-02
4.851886667162927935e-01 -4.802970111372606987e-01
4.167589468128603536e-01 -6.517176595554072804e-01
2.952155960859062511e-01 -3.608024855249860052e-01
2.808883676832605314e-01 -4.650489373474546717e-01
1.539213623986201117e-02 -3.007044616093815931e-02
1.502330107109105251e-02 -4.573684816542908545e-03
-1.256452703248031773e-03 8.545438528459195493e-02
2.766026687937780254e-02 -3.759074239622794966e-02
3.574756995873812349e-02 -6.123829862661543666e-02
1.202244304368914850e-02 -2.527570620597184917e-02
1.858164787621491287e-02 -3.468023348612645634e-02
3.357221551084894895e-02 -5.425630377719690978e-02
3.137901221610706060e-02 -4.247185540117127261e-02
6.651569622966643780e-02 -9.647753361675612260e-02
2.269927991754428775e-01 -3.991072257951608360e-01
4.871077804658608956e-01 -7.181063453378032646e-01
1.699960728163350809e-02 -3.829167735946988060e-02
4.246854324765916844e-01 -5.620904489728314468e-01
1.789453151737668557e-01 -2.648262747910474779e-01
2.609996439340022192e-02 -4.636887009862627335e-02
1.209025013842581972e-02 -3.708673803406332958e-02
2.361341389973072025e-02 -2.299745785666486991e-02
-1.592805182997187805e-02 -2.145118332716713233e-02
2.478902772158969592e-02 -2.695688895078326291e-02
1.054496348501084008e-01 -5.865681951481969275e-02
1.323606830109297361e-02 -3.122468066971265110e-02
1.544787361541196009e-02 -1.702304822389531444e-02
2.385299837921293908e-02 -3.578435169187288434e-02
-1.654695638905882282e-01 -1.793425692228689527e-01
4.423587154822864256e-03 -2.389232315143038216e-02
3.089198149013262090e-02 -3.834913574951795412e-02
1.334499314099288347e-01 -2.627753860747550352e-01
3.847919704571909905e-01 -6.158494228341775401e-01
1.664012539560252857e-02 -2.286799787764267136e-02
5.590577900456259255e-03 -1.973956293880197235e-02
2.444307182136012252e-02 -3.307535384991268368e-02
3.031171745675806384e-02 -5.205349942498187915e-02
2.965646413463118511e-03 -5.062215758970984268e-03
2.343218360500143593e-01 -6.097182769209702480e-01
3.643529454680963231e-02 -6.072473193083503112e-02
3.736009647127633282e-02 6.930274315499819482e-02
6.861464896066266604e-03 -1.923312574882204279e-02
4.789675821222055263e-01 -6.594792139102152451e-01
3.342875421181441820e-02 -3.841319428113593171e-02
4.313462682337679821e-01 -5.932596688406303054e-01
2.546092576265237065e-02 -3.106355166303614856e-02
2.493694823462128465e-02 -4.140109429134269242e-02
1.317094858404181321e-02 -1.983745151820183461e-02
4.447174536581879889e-02 -2.212378345068726215e-01
8.833028387029734363e-02 -3.250282119800295688e-01
2.413163467207831217e-02 -3.425083664572815129e-02
3.279670300495288182e-01 -3.413744107036913999e-01
1.848121632184759541e-02 -2.569926037193310739e-02
-1.473304890548116607e-02 1.764045985812658437e-02
4.066803601764648057e-01 -5.862325997707444891e-01
1.382191027970849223e-02 -1.587021383357523074e-02
3.704659804719183658e-01 -5.084837289947510275e-01
9.674360064456585806e-03 -1.095042636336106094e-02
4.311123770200059324e-01 -5.980996196884555971e-01
1.639544155594098440e-02 -1.272283110943226055e-02
6.470198149942949471e-03 -8.648290321567777064e-03
1.611219125729787885e-02 -1.560369562085654228e-02
-2.857334422302707996e-02 -7.479108318904190145e-02
4.410443283120767388e-01 -7.088909375273438895e-01
