1.176794999191917324e+00
9.614997025957129351e-01
-1.708516823644097293e-01
-8.877617440475840116e-01
6.863936250098878755e-01
-6.318694439480946334e-01
-1.434542671357808552e-01
-1.262936039845816483e+00
-7.450860827248307894e-01
-8.294999760231621666e-01
3.247344544602581706e-01
9.201734800952128535e-02
-1.013393070637857774e+00
-2.003557307969970613e-01
8.162914789531749982e-01
8.529095332994737211e-01
6.071252205935157020e-01
-7.091122261601204846e-01
6.111519097565880632e-01
6.724981526039338631e-01
9.400195951481915557e-01
-1.997377751075340102e+00
-1.049348596495904840e+00
9.805425587473304283e-01
4.319030379763847405e-01
9.310140350119181507e-01
8.339651207529921173e-01
-9.977910641409889481e-01
-1.783336474871234367e-01
-5.519132826086642352e-01
-8.740770623861831012e-01
-1.463577148748929746e+00
5.570725318353927369e-01
1.030713724112615637e+00
-2.575575891704142695e-01
-7.895449939905732073e-01
-9.906143154124598116e-01
1.630613113621213195e-01
-5.025714468131644574e-01
6.741886455812193812e-01
7.241746042007554673e-02
-7.046622210899491368e-01
-8.736370398397736992e-01
1.152772099170337183e+00
2.088292149317044766e-01
7.243059447300274067e-01
9.383919490725944890e-01
-1.497274336769981173e-02
2.735492085941100271e-01
8.281579098570341912e-01
-3.249471931690977589e-01
1.061752269694501115e-02
-1.618177789553386203e+00
1.633421785368424639e-01
-1.334472238172944858e-01
-1.680950049059711349e+00
-2.459694056061141887e-01
4.242996862321476992e-01
5.936744563162232868e-01
3.445484708332027801e-01
-6.182890022677619557e-01
5.047659351696738295e-01
6.699342935340479865e-01
8.932997759933707371e-01
-5.296073030455511477e-01
8.889886342307761202e-01
4.464315859072345294e-01
-2.482570061236159253e-01
5.893309338445869017e-01
-1.978021976672318938e-01
3.880122216696100385e-02
-3.514558150826859739e-01
-1.088836011265754022e+00
-4.094277455354978223e-01
1.192322168744449185e+00
1.944390597839695256e-01
-7.357892950575750657e-01
-7.090943136387707346e-01
1.002029297480593550e+00
6.461638721739915159e-01
