7.766182248996711390e-01
6.442143810052465280e-01
-1.212649494088155477e-01
-5.799086792567214044e-01
4.563378637613587085e-01
-4.273886006398017745e-01
-9.743149427617571467e-02
-8.226095053349633535e-01
-4.945763315978274899e-01
-5.497916566006613159e-01
2.173740207442778627e-01
5.282613091549474144e-02
-6.703137220652336525e-01
-1.396356035666551088e-01
5.452161033272172608e-01
5.742968368340062302e-01
4.055391043352930547e-01
-4.821280260184175326e-01
4.067599123714080722e-01
4.543087716297518619e-01
6.308222839902684065e-01
-1.196786062619765056e+00
-6.825855517407962703e-01
6.568232005458326528e-01
2.909090675719936403e-01
6.210798480402943689e-01
5.697655198968222257e-01
-6.545249520064460036e-01
-1.265634238708235049e-01
-3.761321746763288121e-01
-5.742863526262625973e-01
-9.290992236404872484e-01
3.792018658164370004e-01
6.780577016053800365e-01
-1.762546452441394740e-01
-5.333870993097239444e-01
-6.602978224814017860e-01
1.038220000439311341e-01
-3.513154913364927023e-01
4.631853074384057467e-01
4.163242224989572443e-02
-4.761812821823736552e-01
-5.920266021653680655e-01
7.576996554750162760e-01
1.360425025215908634e-01
4.976991979489294171e-01
6.263853658842946093e-01
-1.653944986712950482e-02
1.844513365279316086e-01
5.422109564062023157e-01
-2.221134453852750545e-01
-5.312907764842072448e-04
-1.001865140340640004e+00
1.151179266872148638e-01
-8.616028762752915571e-02
-1.045032188142173135e+00
-1.654482587560739126e-01
2.770886007345912949e-01
3.974964084333729164e-01
2.379682182529062051e-01
-4.147789461266063737e-01
3.404239933326318468e-01
4.517628873365259201e-01
5.897510734192804582e-01
-3.586936832591136604e-01
5.916655400203649773e-01
3.092980147212203712e-01
-1.831624227282634132e-01
3.996893012329362227e-01
-1.368998154231173825e-01
2.221173827943416848e-02
-2.460612166375790999e-01
-7.264973511050089039e-01
-2.660816701297800679e-01
7.743943659608492069e-01
1.341657004550447785e-01
-4.764879292765208940e-01
-4.730212598341125840e-01
6.594061193530562637e-01
4.421237423908113695e-01
