1.253276696502770182e+00
1.020541489369464871e+00
-1.803340187101578895e-01
-9.469836733053019762e-01
7.280955754801216040e-01
-6.702237014014197358e-01
-1.521672868827929348e-01
-1.352304683423593001e+00
-7.925097016525709526e-01
-8.831766589466135686e-01
3.438604652818335050e-01
9.875738488095497924e-02
-1.080579574372173113e+00
-2.114565548059216815e-01
8.659505694984163116e-01
9.041782176487626055e-01
6.433721332925401715e-01
-7.523325209315171458e-01
6.478712822734816745e-01
7.117756468841347495e-01
9.976270067579282586e-01
-2.192274439916509277e+00
-1.122074401185548354e+00
1.040431434526642995e+00
4.572359997229891171e-01
9.883423552050847327e-01
8.824834732605636445e-01
-1.065042686020041263e+00
-1.880450144555206038e-01
-5.849523573204151727e-01
-9.315348242094156905e-01
-1.576563311941489687e+00
5.890574784304427602e-01
1.096777039409829957e+00
-2.728377347640814632e-01
-8.380719236629351476e-01
-1.054750876099171064e+00
1.733347977393739081e-01
-5.309345689925069056e-01
7.122817762685649257e-01
7.767483479165068760e-02
-7.476998487580046593e-01
-9.274375166232585732e-01
1.227627269366687868e+00
2.214956731340928242e-01
7.651604225114466695e-01
9.962508512441774489e-01
-1.493302573181315776e-02
2.898349271207804057e-01
8.808647655585923886e-01
-3.441352230028156267e-01
1.224474436344477092e-02
-1.753635950172355740e+00
1.718683169841911107e-01
-1.424713804934620298e-01
-1.821359586883121606e+00
-2.610137250720989122e-01
4.505825692322950604e-01
6.289502945986341631e-01
3.634895532644653038e-01
-6.571125213056864256e-01
5.344313958639947959e-01
7.095063354910055020e-01
9.490003234933859222e-01
-5.618423313737199720e-01
9.438649035552687527e-01
4.712392202431369137e-01
-2.605104171685863612e-01
6.236766817043318811e-01
-2.093685099600654520e-01
4.152320123773357852e-02
-3.712025957080761773e-01
-1.159751742178861456e+00
-4.362172627056428165e-01
1.272106407017039365e+00
2.049788096200160226e-01
-7.847839257777795563e-01
-7.538875529514688090e-01
1.065680111199212465e+00
6.829720521431301705e-01
