2.509867561619971710e-02 4.592070664332827956e-01 3.341660049637978358e-01 6.287130946226125380e-03 2.605582374104729038e-01 6.924690363148224004e-02 3.795624816183735817e-01 4.382740167332820902e-01 2.162704344995163563e-01 4.702999669908753400e-01
3.571026754852965057e-01 9.392082341715451976e-02 1.696362440338883282e-01 3.288355212122890947e-01 2.439624481975602166e-01 2.951313011029179090e-01 1.194308832679527449e-01 3.532254922297745625e-01 8.431712656741954803e-02 6.587759707943507959e-01
5.605809087562780846e-01 1.020687264939705401e-02 9.355575015045233811e-03 1.919272466860342530e-01 3.391882904152815903e-01 5.181697495987691582e-01 1.039904274893761055e-02 4.229823663360389174e-01 1.897489602959369637e-01 2.239325650180197247e-01
4.276725520711567308e-01 1.173295518908527985e-01 2.157176812687791878e-01 4.725443233673228827e-01 2.260218270971732502e-01 5.263991641897208806e-01 3.348285668570933904e-01 9.714458946577927967e-02 1.187979378356845798e-02 2.891840116068046806e-01
5.646501681438034770e-02 4.626303597860493277e-01 9.844954296322462606e-02 3.798821625296376903e-01 3.195641825170926209e-01 1.947003565905538192e-01 1.912236876297003507e-01 3.075442955707957116e-01 3.384826848618434081e-01 4.929828254189935755e-01
1.126791290897708880e-01 1.260633926487178536e-02 1.616331218741532891e-02 4.485352071178961286e-01 5.191141402560543738e-03 3.888772444319818500e-01 3.205760313017457647e-02 2.519934321660969867e-01 6.326552569871229936e-01 4.119052029774951107e-01
9.622768142553641060e-03 1.472356788534927019e-01 4.463816779376388322e-01 3.846031145868765155e-01 8.741876392923496331e-02 4.075784467341259099e-01 2.939234003034548737e-01 2.464973747777766122e-01 4.206980298979314803e-01 3.648998700329700307e-01
4.498102066489362283e-01 1.925769242306203111e-01 5.031351633352010907e-04 2.206448797274894180e-01 7.634333693182043801e-02 3.933791933470598412e-01 5.274609223471130592e-01 1.096875827766529005e-01 4.766373566100700621e-01 1.841071295909210981e-01
2.981611046188514247e-01 1.697040693186376015e-01 3.559203677817193712e-01 4.139405781360668279e-01 1.704350549723593067e-01 6.893957424543536213e-04 1.253888433571547032e-03 2.713675533262025485e-01 5.716409272268005992e-01 3.934596802400158189e-01
2.371156866713035605e-01 7.653340468217470494e-02 3.737220109198529649e-01 2.828157642571559882e-01 3.889873455501680066e-01 5.133763151134951297e-01 -0.000000000000000000e+00 3.862854721286699822e-01 1.829440697010458472e-01 3.474399179853775999e-01
2.772737031990721648e-02 4.487551657448169903e-03 2.965943244469669282e-01 1.759668011374773966e-01 1.980277852087739543e-01 3.947717196022932917e-01 3.894075415078362412e-01 4.880795184292715388e-02 7.070383434331274364e-01 1.769043907741457144e-01
6.068264284965191324e-02 5.258590609448080544e-01 5.723503541326658423e-02 4.106321451282885504e-01 8.461898884015170777e-03 1.747808757159091120e-01 2.081334486576765230e-01 1.423886477513048032e-01 5.001941912034565396e-01 4.510953450952497334e-01
2.905749208993220756e-01 -0.000000000000000000e+00 2.197290554943704954e-01 1.191068215280453035e-01 6.519188557926778316e-01 5.355414843636194244e-02 1.300565528103733992e-01 5.626828779454808860e-01 3.025968624255331862e-01 1.187821606594107772e-02
4.903458536337278462e-01 5.138818902935196054e-01 4.357514112882214519e-02 5.680639791236196529e-02 2.475443483483508733e-01 1.226156882912046581e-01 5.238319518384200180e-01 1.108641607879472246e-01 3.331846868674782636e-01 1.278474246632123612e-01
2.779008988885567910e-01 1.999999522927367046e-01 2.203973689690505444e-01 4.136697193255261529e-01 2.244538463605210143e-01 4.677811073112407847e-01 1.025514790643663673e-02 1.357107985657587668e-01 1.238370999575998388e-01 6.000138021823209211e-01
2.659324531363407296e-01 3.211514143388101150e-01 3.309737878313298021e-01 1.989846663618781986e-01 5.987369151833781267e-01 3.330087888681300123e-01 3.860220216065734372e-02 1.046262730276402986e-01 3.669121216985578998e-02 4.402719325848258314e-01
7.510073646856254559e-01 9.415195893422621809e-02 4.716378544667293449e-01 2.205292443358693524e-02 2.022870309684209056e-01 2.896844918253054235e-01 6.443409267683002095e-02 1.981569207905946040e-01 7.898029543714055536e-03 1.894130551088616388e-01
2.252342971663142679e-01 5.362777063570518810e-02 3.603777718758927051e-01 1.572580423159017082e-01 5.676059013286018917e-01 1.887918514126801228e-01 4.072331439643743223e-01 3.125450506127966932e-01 4.128022336156370042e-01 6.602620295930271624e-03
2.954329756942483121e-01 3.195544382556683716e-01 4.898150964231478069e-03 2.777271338381696042e-01 3.921581378441804100e-01 5.527281079017806187e-01 4.555904040135263372e-02 5.074743182183723000e-01 1.201592675971634855e-01 1.037011888238718697e-02
5.281228626235635604e-01 3.103003513719166939e-01 1.345129167556332814e-02 1.570980897029369550e-01 8.294248761658061520e-02 1.646880044318868586e-01 4.749124251794026308e-01 3.814603804902726158e-02 2.940714081607944119e-01 5.024566318744621007e-01
3.133732765046758351e-01 4.618452653031943078e-01 3.828971531549953400e-01 5.108950081572394275e-02 1.475177703414222163e-01 7.771909550406386202e-02 4.113594172092822632e-01 5.577834944599304734e-01 1.638943885875802364e-01 6.537320322795561744e-02
5.702496252492008644e-01 1.825732500620521059e-01 6.277568903463326411e-02 7.079804465732967289e-01 1.089657655742857639e-01 1.208472096962160194e-02 4.716432689604982062e-03 6.324487008228008023e-02 2.970623195639949254e-01 1.789343869107974661e-01
1.865657687726454961e-01 1.073635068750735805e-01 3.404422138801217312e-03 3.588101764587895426e-01 3.449607814809491080e-01 3.068818064673072832e-01 3.908500219999232472e-01 1.619055533407064151e-02 5.190505096661737205e-01 4.350819109416125263e-01
4.094894009054407813e-01 5.412186978875995272e-03 2.645400422915788474e-01 2.451084939945472330e-01 5.459040773414487041e-02 1.080421740124484255e-02 9.170856799379359381e-02 1.865126119758272749e-01 5.332857021993292479e-01 6.095421488333030435e-01
3.270357611176216706e-01 -0.000000000000000000e+00 2.850433944427379629e-01 5.358605960082125641e-01 1.113928768953723232e-02 2.612436566443003261e-01 5.367799588874450772e-02 6.533496035604718921e-01 8.522843867413273586e-03 1.626631286756198003e-01
-0.000000000000000000e+00 2.680190902911473716e-02 3.603658939907075087e-01 3.547911286988838508e-01 3.256340793386462984e-01 1.875856182343821343e-01 5.162908566976647240e-01 2.510477638801300246e-02 2.086666985314568901e-01 5.399880811082994336e-01
4.806904121138173558e-01 3.575781178263900961e-02 3.514732390393612849e-01 2.497249043945463931e-01 8.915176952310789604e-03 2.857116271857807477e-01 2.397768446287762770e-02 5.249885109838591246e-01 2.503179135245901521e-01 4.015029300327556117e-01
1.011294070037024040e-01 3.871575625225407991e-01 2.673608384649677969e-02 5.802640114532492399e-01 5.137398390585420360e-01 1.571963963019402943e-01 2.364034629159815493e-01 2.518901044395691624e-01 1.593733662313762123e-01 2.628427334929432924e-01
1.499978311545543778e-02 6.168213626693054737e-03 3.502339012212419278e-01 1.977152103660885230e-01 2.654229027720025336e-01 7.102252943277155284e-01 3.838542610719752456e-03 9.140071838443436514e-02 8.812191099584715942e-03 5.046445315378348395e-01
1.499098492127635962e-01 1.673773322948425568e-01 4.345038852852832478e-03 6.381885833201879077e-01 2.681618442519503442e-03 3.733268700075964008e-01 1.010207961147460837e-01 3.359369381203285154e-02 1.754489881679351104e-01 6.005931156716011188e-01
1.112793262356274598e-01 1.215926919776988552e-01 -0.000000000000000000e+00 -0.000000000000000000e+00 8.473765853797625702e-01 1.181488259725181449e-02 2.221923747124076309e-01 3.020919621593262661e-01 3.376619115430122275e-01 9.425608822286592149e-04
3.989718053999344871e-01 2.562475907315405754e-01 2.549256702663738605e-01 4.723642791880408587e-01 1.850205524067894403e-01 3.229224210507571913e-01 2.516856175134381535e-01 2.063400172110949893e-01 3.930993063164269774e-01 2.967880538433991244e-01
3.295969061077885232e-01 1.267493650733992616e-01 2.179702001487497931e-01 6.505883675637554875e-01 1.273436946245382582e-02 1.532410937235629544e-01 3.339137394600403264e-01 1.963496832696535466e-01 2.769063321998312399e-01 3.926201070649097957e-01
4.934430728733825156e-01 2.201173231815981013e-02 4.842090856077221200e-02 1.421155038146094040e-03 1.592592462440626799e-01 1.520344275678892909e-01 4.688109852045135306e-01 3.660546304327358391e-01 4.962777841867496154e-01 3.242429140922404862e-01
4.627390128238773603e-01 3.762962836222963903e-01 3.831860527735762023e-01 2.153288074267164787e-01 1.523179143052362794e-01 5.177081090565614080e-02 3.176026789237337833e-01 2.387360510702306315e-01 1.412518507719180416e-01 4.973693332203617534e-01
4.424989026284241976e-03 2.674685318966729675e-01 2.780875403205100294e-01 4.080468915652338269e-01 8.790807155809005069e-02 5.920744195310000402e-01 4.276520234836181551e-03 2.749649048944672325e-01 3.888442894956500862e-01 3.154397593665744237e-01
1.879279334564939175e-01 1.211848237020813832e-02 -0.000000000000000000e+00 8.198973560700999474e-01 6.243519673073025938e-02 6.715005885637753691e-02 1.058858098222167921e-02 5.151429699058939216e-01 1.214879530342736005e-02 1.351491206329083206e-01
6.242723287925950881e-01 1.386983636011454232e-02 1.185472810020065521e-01 2.786600807842807420e-02 2.226807527261132624e-01 7.535584807546670538e-02 6.803246825867446113e-01 2.680241379848400385e-01 2.782702827513422981e-03 7.287069174832469520e-02
2.386023202406709152e-03 2.096759806884465061e-01 1.682232728199242189e-01 5.420713169412698651e-01 2.728239203424029369e-02 3.017455612182284863e-01 5.562472649643526168e-01 8.600939639364105216e-02 4.547390616653825823e-01 1.360108266436130531e-01
1.007813994313968980e-01 -0.000000000000000000e+00 1.430428208704142279e-01 1.152350809592248837e-01 1.811721600115455454e-03 4.699099885842936697e-01 5.692060944933385880e-01 3.047992362245484643e-01 2.741471857968575399e-01 4.931827505541867551e-01
1.967268131008417971e-03 8.463674326515471802e-02 1.468439885574055470e-01 4.459777871718994535e-01 5.444806732474506417e-01 4.180477983382748230e-01 3.546302155272148537e-01 2.642370125444969825e-02 3.018394008727364949e-02 4.168673298446954334e-01
1.986665061172946944e-01 9.617220940683926522e-02 2.768167492281201625e-01 3.737609383385313566e-01 2.801591548023761868e-01 1.804579535631024301e-01 5.410172440564798846e-01 5.231935600789373586e-01 2.150460939298464158e-01 1.059602123027339055e-01
3.616337478830996544e-01 3.068806469193566255e-01 2.169258948273304899e-01 4.687786492164149332e-01 2.152593632655229461e-01 1.747242881009790361e-01 3.081847175393961913e-01 5.201450162096499241e-01 2.562749212725260461e-01 1.282074564482553990e-02
4.961990365326349739e-01 1.436884255156405110e-01 3.783305784311107867e-01 5.736839225767196432e-02 2.075663049364778745e-01 1.252118210787182273e-01 5.386301931133622434e-01 2.426080244725732638e-01 1.702362891054612914e-01 3.872876060857352032e-01
1.615993268936205818e-01 9.783672945510498223e-03 7.004200951996655475e-03 2.985267595131780860e-01 6.202838664510637035e-01 1.339318540434832339e-01 4.326492652552443308e-01 4.312985787296859108e-01 3.093599952670114672e-01 1.141287798762795069e-01
1.138399925689531911e-01 4.110260663309247553e-01 1.224525362811837610e-02 7.108476617869332603e-01 2.770370804966432177e-01 1.318249760735294707e-01 1.761588088269695762e-01 3.952223997506262299e-01 4.413079787247858356e-03 1.768167685260094990e-01
-0.000000000000000000e+00 1.983485551410245906e-01 7.401551970693759364e-01 1.807516566744279130e-01 2.631498541122075097e-02 4.185324476897578361e-01 1.050246128687769287e-02 3.748573407895273157e-01 2.252211645010110674e-01 1.137637232674312271e-01
1.540595176364464684e-02 1.946904114758124804e-01 4.983068420221926087e-01 3.702351746632746021e-01 7.056712700683653861e-02 3.460520334536843490e-01 1.743273690461618064e-01 2.188391104687664734e-02 3.651371360572709945e-01 5.362356873658822298e-01
5.330282186065562477e-01 4.710839274638103369e-01 1.031632573812106025e-02 5.757487776533540963e-02 2.352075102050993349e-01 1.542961330447946700e-01 4.868285189022825143e-01 7.201669494593176957e-02 3.341526215814570877e-01 2.399235359884886454e-01
4.995470862634515674e-01 1.004483788660280597e-01 8.199136773209342310e-02 2.090953812171628401e-01 5.318379486257762689e-01 2.245338445205334044e-01 1.355734660073791911e-02 3.429765453985070267e-01 4.757615178487597518e-01 1.117433837871633362e-01
5.169508041390377118e-01 4.955133034603136782e-03 1.860806470833647752e-01 3.307448871930294687e-01 1.363043418516836636e-01 6.709569450584167427e-01 3.827136969690021068e-02 1.826293895121457733e-01 2.879392700655300508e-01 4.722091174096616772e-02
3.257295037294918177e-02 4.488307665539161516e-03 2.798675634056844164e-01 2.167750610536826883e-01 2.537934053853201921e-01 3.130724426733022536e-01 7.817990214143535899e-02 2.765136261927769734e-01 6.017293603009193914e-01 5.162615860792431066e-01
6.234033263524428881e-01 1.355440466254489162e-01 1.684902666992687259e-01 3.463926159141869632e-01 2.185634434850846075e-01 3.550399725222352920e-01 1.076437813440166147e-01 1.230003684120022922e-01 2.541597858560893375e-01 4.236537003618122688e-01
4.466837226540930628e-01 3.607217677137447565e-02 1.338512554939803589e-01 2.460202034109284508e-01 3.435992051348148862e-02 5.215706262057594467e-01 6.365513635940386328e-01 1.658884162020183781e-02 1.134447320806905302e-01 1.707960574493331829e-01
4.648990967893679160e-01 2.629831737492763222e-01 4.149822047758559007e-01 2.001212381915005653e-02 -0.000000000000000000e+00 1.760638300809588552e-01 5.638394134200029884e-01 3.719921424820558653e-01 2.340653285721252808e-01 4.458279067945583943e-03
3.362057518454686367e-01 2.435220020912958194e-01 2.667882411286664479e-01 2.406840987471713933e-01 2.348178123777643067e-01 5.275764743025040254e-02 1.434075085323800909e-02 1.573614561146905455e-01 3.367004194027367614e-01 7.087310449849096861e-01
2.551318573192573602e-01 5.979871478333094181e-01 3.114373565300548874e-01 3.646041731663103302e-01 1.296993900269420019e-01 3.333634137364848149e-01 2.359908563297317130e-01 2.311788253844668517e-01 3.077579910656201290e-01 1.248449608144476808e-01
3.180821743349936948e-01 4.595553186215969310e-01 7.522911514419698686e-02 1.452078407763617574e-01 1.379370106904701798e-01 2.865206554591613955e-02 5.296921388912920747e-01 3.907630099895499920e-01 4.334897089390482572e-01 1.409167243266640779e-01
4.378421979827077926e-01 3.991145237874551555e-01 3.159459832594768702e-01 1.696970346106285721e-01 2.602722115357712918e-01 3.155310814375785755e-01 4.727259527972572650e-01 7.889446095344361531e-02 3.485472529723126489e-01 4.361216861728085120e-02
4.683523414773559934e-01 4.200556145677756259e-01 1.842114188176098566e-03 2.772656981518776265e-01 1.798527349387323351e-02 3.084102945083161407e-01 5.199482299810488373e-01 3.903032904572223960e-01 1.489249749793540188e-03 9.588683985877524685e-02
3.980417464443235520e-01 4.919427668605628190e-01 7.930295705130062378e-02 4.399572308609215471e-02 5.167144435725504192e-02 2.420606813868184937e-01 4.684894276593085105e-01 1.267835581242894305e-01 4.632298050771624376e-01 2.827170337771230946e-01
2.873015201292198340e-01 4.280740570410968560e-01 3.158175068248657569e-01 1.054211253102536883e-01 2.503875552447160646e-01 4.418018714524062918e-01 4.206430205993657578e-01 2.842013732741885401e-01 3.282717382762240232e-01 -0.000000000000000000e+00
3.222164657116149966e-01 8.309389767629890566e-03 1.842052575323867569e-01 5.879488023503858241e-01 6.524622099671480158e-02 2.317067596167439708e-04 4.044440408762098871e-01 6.690190468212105744e-03 4.849464396592770843e-01 3.368118450245146667e-01
3.936192911020528797e-03 1.173835959573457099e-01 5.185292869350513652e-03 6.080002485379101262e-01 1.161155686012837890e-01 2.821231379323043686e-01 1.671029659383869992e-01 1.303199588365876738e-01 5.846183058181146919e-01 3.698011109753469583e-01
1.113500243208230545e-02 6.863551612410877245e-02 4.572223569877034155e-01 1.989574922501781418e-01 6.840025243511869968e-02 5.062501551960112145e-02 8.115621983514531568e-02 7.736328928900892965e-02 1.221596768272645295e-02 8.523888097880131243e-01
3.180740996123114783e-01 2.512700849758608412e-01 9.922310714608542637e-02 5.073467227731086604e-01 4.373358165060699521e-01 3.545578035919390025e-01 2.256377194892829896e-01 4.250429647684988432e-01 -0.000000000000000000e+00 1.410621657611037250e-01
9.822426566920069990e-02 7.624576545120724524e-02 2.444014256227233783e-01 4.540741365779517036e-01 3.747847515093908344e-01 3.487196549388176248e-01 6.004350997038129245e-01 3.095155633496197156e-01 1.509242894867914540e-02 2.053412023656764167e-03
3.307853503056863986e-01 1.103907797358290865e-01 3.747835019322021677e-01 2.467725656330451572e-02 3.702960982269748458e-01 2.131940240391116681e-01 8.259457864345919054e-03 4.536913045824362833e-01 4.557098115604918953e-01 3.757352051137453075e-01
5.683647274021975671e-01 2.496803863956821024e-01 1.233227349630812604e-02 1.466056040765756907e-01 1.348857223816210815e-01 4.266737709108099907e-01 7.198289581224615388e-03 1.579722992757777722e-01 2.427591336995000848e-01 5.556907670517104991e-01
1.408850173690193164e-01 1.420325681201247414e-01 2.558030723149224903e-02 3.263591213229039001e-01 7.075590546115597679e-01 4.777632182662505667e-01 1.198746574627438700e-02 2.743675318078485081e-01 5.758158311792942186e-02 2.125538619615576774e-01
4.056146349695016751e-01 1.961400925375139659e-02 1.416807378742953871e-01 1.470512576406640334e-02 2.444768270156176815e-01 4.878156533558543617e-01 1.062434315716831307e-01 6.794840120510418080e-01 2.092477276237610373e-01 1.727873906776231094e-02
1.984646932958354371e-01 2.889112912535213296e-01 7.438933332647269525e-01 9.998876202877204911e-02 1.468015511415311503e-01 7.613962192658443873e-02 6.297852525671428746e-03 4.504747782215574037e-01 2.514751152660030797e-01 1.421693627000270854e-01
2.770142831286992458e-01 6.699897198943427501e-03 5.984394223595083107e-01 3.483671578067506491e-01 1.692531940916919275e-01 3.513856157822958359e-03 7.799978479238177734e-03 5.809843536565283406e-01 1.353298235552091028e-03 2.783240885702464862e-01
4.320936542961338264e-03 2.322091681963101006e-01 1.449527685384566222e-01 3.547110399818447779e-01 3.391259754250892655e-01 4.344468984196118710e-01 2.553176755061014602e-01 1.753603378398865820e-01 5.952530284646024850e-01 2.126356944568024709e-01
5.716780177786200123e-03 7.487823474478921826e-02 9.131222843582603721e-02 2.606441004184547050e-01 4.524620930051468370e-01 2.371909355820361887e-02 1.739279596594050237e-01 3.063444692429584046e-02 1.252825722161273192e-01 8.160377625113253153e-01
1.992963076816731127e-01 3.284622796024588287e-01 3.646203468298416239e-01 3.839858289600839997e-02 3.762801669065680699e-01 1.033560714275797293e-01 2.380152944515949442e-01 4.540372880632794761e-01 4.595281496920222697e-01 3.028771416264098848e-01
4.348415262506166029e-02 1.471854137963293507e-01 5.235070384735037718e-01 4.175017276290402535e-01 1.772664453885739178e-01 1.797748188233226629e-01 1.563336882145594797e-01 2.338779486113359563e-01 3.261734465195284538e-01 5.280224031762775772e-01
3.826625069480658614e-01 2.250022701487658372e-02 5.056442016735041012e-01 3.625469943814721430e-01 1.814833629838087381e-01 4.007766101534890879e-01 3.724457526332904944e-01 3.087744271442804944e-01 1.957720057232141542e-01 2.120781847472795901e-03
4.473859549682140946e-01 4.643751029280437370e-01 1.035407966796349361e-01 6.801469299696030757e-02 1.496416186519133329e-01 2.507889782465362871e-01 6.055600221573661512e-01 1.020782604188636838e-01 2.335475652710563010e-01 2.278152178084420498e-01
5.277617815109196808e-01 2.204508053087506428e-02 2.761032061920280500e-01 4.158754220968662874e-01 2.090587390367518728e-01 2.281909024738902336e-01 2.617121878154485271e-02 3.506879354806453630e-01 4.038338776945851194e-01 2.987821335513958232e-01
2.137074537974261237e-02 4.688154852973710485e-01 1.847406332747184299e-01 5.021440448344774987e-01 5.101922116654300510e-01 1.911759125973501172e-01 1.193806196972195671e-01 3.845799958373593008e-01 2.463304177665178937e-02 1.840461190452344076e-01
2.552758857108068311e-02 2.085904734837022434e-01 4.130867136978292296e-03 2.329922106982589836e-01 2.102991053548056155e-01 1.127207787879672407e-01 1.247114451132695818e-02 8.359290921753339543e-01 2.132166569888614971e-01 3.165594970817046105e-01
2.888678882874957110e-01 1.883456535159969414e-01 1.876613553507858745e-01 1.153148457444586050e-01 1.373008386311316657e-02 3.183001198127309306e-01 3.546319302226262904e-01 8.723250721552642389e-03 6.315678257404310214e-01 4.542528579481183715e-01
4.417315307759816512e-01 1.194793772918566026e-02 4.269523781633005055e-01 3.629793112579765557e-01 5.212808927281713522e-01 2.280938632310790248e-01 2.365490692499017111e-01 3.306727663262103989e-01 1.336710174813753906e-02 3.806557963027471653e-02
4.305042745208625399e-01 3.950765107137497734e-01 3.795470946335647855e-01 6.216088767420111655e-02 1.917649008798239518e-01 1.200984120982027115e-01 5.780598339962609300e-01 3.079411656177253806e-02 2.563346597952557704e-01 2.421865693951183729e-01
1.672965709105030466e-02 1.058025200400465327e-01 1.352865948023419251e-01 8.431746747876452952e-01 7.975466405992975849e-02 3.117575649618222200e-01 3.261578584965019734e-01 7.208832042650260147e-03 1.732364200195979365e-01 1.388689724180316998e-01
2.430133824031906753e-01 2.847426706705616720e-02 3.439864695725810551e-01 3.000047136205613030e-01 4.593726735610770828e-01 1.235530552831905354e-01 1.981536765237308095e-01 2.115924275839677626e-01 2.506369807463719179e-01 5.988826687353067113e-01
2.831657067160775476e-01 1.728923555767424847e-01 3.020864825616456639e-01 2.361287114551618993e-01 4.051957111661250166e-01 3.783063157714014468e-01 2.072482996274380429e-01 4.954787935671378651e-01 3.666204647155494878e-01 1.129226017312648656e-01
4.201893472654368300e-01 4.717367599992992599e-01 1.960654270377030772e-01 3.087787679450894607e-01 9.680981034666395757e-02 1.286156069774329891e-01 4.749155382409425141e-01 5.446055331904438995e-02 3.472385287397643516e-01 3.035126563876011097e-01
6.477879498448354534e-01 2.470667012199078694e-01 1.800414660668526456e-01 5.045259435021410832e-01 5.642127209759172091e-02 7.865135714674592604e-03 1.174374571214098356e-01 2.303875210688329303e-02 6.991810154667989219e-02 4.581608433195840102e-01
6.094952649405473988e-01 1.872921196405780975e-01 1.077819857125873332e-01 8.068483751739342902e-02 1.315216204602309424e-01 8.335549612688647469e-02 6.871303224852776115e-01 2.265750907150986260e-01 1.259049638933605331e-01 1.082944936685393544e-01
2.137413373930209248e-01 2.319590699500576891e-01 1.559427399830050909e-01 2.178394936577686958e-01 4.646387696559289848e-01 3.556589009178631744e-02 4.318088007459408573e-01 5.290338286785976202e-02 1.910962163815331794e-01 6.211344108690337595e-01
2.172424202028404583e-01 1.809900953987855499e-01 1.279149113166451121e-02 4.549839020114395671e-01 2.228523085638982881e-01 6.824207895175163907e-01 4.649994908524347076e-02 3.517641650482435378e-01 2.675369753695597264e-01 6.062279451209785959e-03
4.645959405632192341e-01 3.701205684542543395e-01 2.813367729937357731e-01 7.577382542548803321e-03 1.384151984796563040e-01 5.506180756148261468e-02 5.024321797792026256e-01 9.300089053282784013e-02 4.084188682029510353e-01 3.433216824068828221e-01
2.954599815858337530e-01 6.716994657053825847e-03 2.047121167350119952e-01 5.917704411966855371e-01 2.237049649767299253e-01 1.172296697021294049e-01 2.111306612792342441e-01 3.198208173328016546e-01 4.335761116658857772e-01 3.491740435644949958e-01
1.648201003099256448e-02 1.147678589238891184e-01 9.691368607728090279e-02 5.011338539637348877e-01 1.199212355861763724e-01 4.927713587533744666e-01 6.095989421468914760e-01 2.376085748285052535e-01 8.355583957022901659e-03 2.017078187172366421e-01
-0.000000000000000000e+00 1.786028117216841016e-01 5.996052280181584093e-01 3.487332630143199497e-01 1.325112858871998200e-01 3.823351068182921919e-01 1.890283413224642939e-01 1.740778180086013649e-01 5.071346390326678666e-01 -0.000000000000000000e+00
6.404795838222170357e-01 -0.000000000000000000e+00 2.590205552160341207e-01 4.253411196697114843e-02 1.359721133045717623e-01 3.642355527724250863e-01 5.464043804706991171e-03 4.272745462033636921e-01 4.317391827598531240e-01 2.714838786368057449e-02
9.415682940751545979e-03 2.901430322924001826e-01 4.404232251618313970e-03 4.249429731930218224e-01 6.058056681897255880e-01 1.061548940661339591e-01 3.550764925505066616e-01 9.406902301083812368e-02 4.220811196191555648e-01 2.092422057400075419e-01
2.384037580457121497e-01 3.099846232645787625e-01 2.001484455247717897e-01 4.364417295786428563e-01 2.736263130299406154e-01 2.000538869577984241e-02 1.139060802486880838e-02 3.093702022339469004e-01 2.588782904612074894e-03 6.673937768574217388e-01
2.048999395512070831e-01 3.191840619206759433e-01 1.665070014610781080e-02 3.485497885109720140e-01 2.672995422798705167e-01 3.222927163998233757e-01 3.725461224658458970e-01 4.071952584987967860e-01 3.911344847248643397e-01 3.185387434908060755e-01
1.297688879206738144e-01 4.587103672809045296e-01 4.892415053891335797e-01 1.914638748541833413e-01 5.606116290584815115e-02 3.190123039193299981e-01 1.623191637657826480e-01 2.927404890992544445e-02 5.490806571574213812e-01 2.512437377116908954e-01
1.684158795635862238e-02 1.713145496365587328e-01 5.612039474769250219e-02 4.167271501721869775e-01 -0.000000000000000000e+00 -0.000000000000000000e+00 2.326382148763531110e-01 4.864935484317732262e-01 6.081410312676970298e-01 3.645883212648610705e-01
3.242277207054769517e-01 1.882640542549468554e-01 5.061346484830967461e-04 1.250081152043981160e-02 5.850661281283197068e-01 7.728542307161923031e-02 1.272725471205634895e-01 3.694704765687104597e-01 4.159850138459554314e-01 4.304077457334630763e-01
3.304305633242519691e-01 2.901435208104568009e-01 1.068584473575361071e-01 4.915233730654718358e-01 2.732830708704068190e-01 8.001588737949175134e-02 3.327275028290342940e-01 3.749693601893893113e-01 4.291205882288032791e-01 1.925568892369232954e-01
1.680276363072850110e-01 3.383486542407907610e-02 2.605812774358560180e-01 6.473095437487036419e-01 3.841220390968003162e-01 3.334183765419970746e-01 8.972608860006479892e-02 2.551481723286054271e-01 3.129352396046328200e-02 3.884088922060365823e-01
6.747762748214971573e-01 1.318364749958250981e-01 5.436516494733389243e-02 5.857318115340904852e-01 1.493414630201427007e-01 2.337700454824770124e-01 1.902589568303981668e-02 -0.000000000000000000e+00 6.160906416060841009e-03 3.223469379095375009e-01
1.204926478470684098e-01 4.276937336706782555e-01 4.263745778247593488e-01 2.671290668239374999e-01 2.697655281384582771e-01 1.773595567432693573e-02 5.600493151901058120e-01 3.547672045200959967e-02 9.421595515908777474e-02 3.905481908743008157e-01
5.045745241583916574e-01 3.106100149756055306e-02 1.882010761029295765e-02 5.356284868942204902e-01 3.880364786113483788e-01 6.177010854402067985e-02 1.198298635416976954e-01 1.417771218961119406e-01 3.498388172538507424e-01 3.820375501746791636e-01
2.295766527022365389e-01 3.064476291008023101e-01 3.760652909523559684e-01 2.041979227129342711e-01 5.263039064010650581e-01 8.671317935448046021e-02 2.628598588086523968e-02 3.919589400505600896e-01 3.539828183528657135e-01 3.257620905784886500e-01
2.359730721804086107e-01 3.683714301523770621e-03 3.868930196594147497e-01 4.414788102221282040e-01 4.704719629655008256e-02 2.960398654574379895e-01 1.528905774359115288e-01 5.337507388209735693e-01 6.430558870653219289e-04 4.489928250177711577e-01
-0.000000000000000000e+00 1.661990796389619524e-02 4.209097103237332931e-03 4.896568649974691323e-01 3.417646016602752246e-01 7.848493677679538871e-01 1.612346476501982373e-01 3.087784862761076832e-02 1.309688321400826611e-02 5.390936770121451671e-03
5.454012874088867147e-01 4.483822523162450668e-01 1.831462207323463764e-01 1.092569438165476997e-01 1.387900494636747639e-01 9.507351582916691302e-02 5.441186351895330731e-01 1.680822626489135163e-01 2.891532565259892218e-01 1.406526941808623477e-01
4.073735289888882893e-01 6.091724228826776999e-01 1.362972962621415707e-01 3.206019460147366273e-02 1.473107918339681688e-01 4.794491338425511257e-02 4.829307083263123523e-01 9.954469147182379296e-02 3.974359900867868167e-01 1.351487812039746939e-01
-0.000000000000000000e+00 4.279906435397272391e-02 1.171124829412889395e-01 1.743098386759923679e-01 3.373485446013627653e-01 2.063265998664407797e-01 4.891373920208090254e-01 4.580755442675543687e-01 4.513965167542966506e-01 3.805875357214810739e-01
1.179530702639273836e-02 1.215264887667144578e-01 3.713709527301173904e-04 4.307544128810464334e-01 5.148267732813710529e-01 3.638333998074040621e-02 4.395478654695389453e-01 3.045038521032849554e-01 3.846260525442167788e-01 3.151352169014615678e-01
5.187829184721913511e-02 2.533196531151724051e-01 5.823593726484529824e-03 3.593113755732407766e-01 6.062447206036398750e-01 2.660242196743694554e-01 4.222418260986701699e-01 2.559443038683269500e-01 3.166261815300053239e-01 1.471390002249612916e-01
5.016619462738077795e-01 2.868647413606572605e-01 1.196840311052017013e-02 4.360817961958776690e-01 4.827278946829174355e-01 -0.000000000000000000e+00 2.071351552581236332e-03 4.865834800976587826e-01 7.507482433433249058e-02 1.741014139471331462e-02
2.499015141440200094e-01 3.622327375103400870e-03 2.419795326820018723e-03 5.028709199495537963e-01 5.329635066655057374e-01 3.217477151307436035e-03 7.437840189928747459e-03 1.661941926150185544e-01 3.269500923968156059e-01 5.157697633559306105e-01
2.169210110906162961e-02 3.061537689084789515e-01 1.278616633392227553e-03 7.295263476843724115e-01 5.149577362917979739e-01 3.514936826553634319e-03 2.030701468978192425e-01 2.484175323806493696e-01 -0.000000000000000000e+00 7.379983606724670187e-02
1.652058892127991896e-01 8.680948511445729654e-02 1.535515402220729089e-02 6.084920019850482698e-01 1.455839034837154711e-01 1.462347830514279245e-01 1.693883758478622326e-01 8.660359678498009972e-02 4.263538754801337594e-01 5.780340072311473953e-01
6.313947161403893338e-02 1.949210368012979644e-02 9.413435089375048193e-02 1.558592724878252352e-02 9.503375348424051294e-01 2.728639543763100028e-01 1.574285187307715786e-02 1.774545655021584137e-02 5.728535158888536233e-02 7.133547521309968609e-02
1.092040821371966647e-01 2.777406585056849120e-01 3.791156866661660185e-01 2.488900466057147320e-01 2.656146258369875279e-01 1.572550870577309468e-01 1.461229273125293562e-02 2.982453052422059381e-01 4.369764764488653919e-02 7.203513576096133297e-01
7.918037806326840844e-01 1.033959010863533118e-01 1.181617051808196012e-01 3.280529830782998313e-01 9.656059597716787346e-02 2.824793655797231962e-01 1.040958240178630270e-02 2.714293847988573094e-01 2.178392485257422684e-01 1.744143432358836732e-01
2.720167118406456863e-01 5.316607400411910156e-01 3.083881423381502063e-01 4.196424116924319936e-01 3.127445229893915379e-01 4.565919348335343297e-01 2.529485474655281466e-02 1.240740008320944526e-01 4.902646112738173918e-03 2.231528871413260284e-01
1.500197189486001115e-01 4.962802495991053275e-01 1.011181995395623624e-02 2.641265101646023128e-01 5.274801471577063028e-01 1.375306459232457368e-01 3.577360589764590898e-02 4.416851484737220335e-01 4.096573367705853563e-01 5.444861765629402167e-04
2.469854812771544450e-01 5.108881515500315190e-03 4.120958504850947279e-01 8.424777458483839743e-02 5.539908743253539880e-01 2.556530673756783889e-01 4.123304307405730174e-01 7.122593563855429688e-02 4.031341161385572358e-02 4.615975790510780108e-01
2.944737687376634550e-01 2.050923494208815590e-01 1.606910854048050272e-02 1.504495677475863047e-01 2.698586213181125570e-01 3.112953678941237645e-01 4.717479105524118865e-01 4.798601595750032756e-01 1.524124670646758405e-02 4.749277818980557897e-01
5.166409346773946920e-01 4.083805654635089266e-01 1.780604438499521214e-01 1.688961873077811926e-01 3.738687402920945480e-01 2.144088089674424935e-01 7.017873120509469931e-02 7.362629621064321894e-02 4.076700365116855407e-01 3.791916373142972252e-01
3.298886615945786915e-01 2.948421270175518791e-02 1.514109719365034669e-02 1.990029891582652949e-02 2.211862545996602647e-01 6.167644866533953385e-01 2.526999194587727267e-03 4.522443153650843595e-01 4.969355051371615595e-01 9.423843929091349492e-02
2.774318971940454293e-01 4.531709192309251177e-01 2.678331555849016721e-01 1.486637018135659183e-01 3.986435497411992129e-02 5.193786485499121003e-02 6.068621763263317703e-01 2.071534710986189520e-01 4.248330582249302267e-01 1.669373155036017464e-01
1.691696309641370355e-01 6.247832308060986550e-01 1.366868744264488067e-01 1.145241404209663555e-01 3.191028077666641181e-03 1.104034786257743761e-01 3.929434379414379896e-01 6.106042578121113201e-02 5.518477037190075984e-01 2.726913093824089862e-01
2.697299242275192910e-01 2.925653981523377301e-01 2.062832363886929476e-01 4.233621140994278664e-03 2.177066469292291140e-01 3.857654061746013108e-02 5.207861254115053740e-01 4.599366109986282591e-01 3.666445129379784507e-01 3.647028264059443692e-01
4.373631487275466134e-01 4.759914168881024810e-01 1.903483622578186832e-02 1.616742237396790460e-01 7.749449671841207934e-03 6.598187081917308294e-01 1.232539804671588582e-04 1.951981367776734963e-02 2.967541236493879131e-01 1.782692842346013107e-01
3.792733578124919958e-01 1.671137708295101880e-03 1.940053604152907349e-03 3.841020263093501419e-01 5.819644977673366082e-01 7.411655054714746255e-03 2.156427615511580242e-01 9.518686460870647015e-02 5.253211057581285148e-01 1.958279440703871443e-01
8.712312063768691550e-03 2.894593263678254536e-01 5.228555767234031870e-02 1.377827037509177510e-01 2.064642143045319622e-01 5.154997375112633229e-01 3.617372065644157697e-01 6.662320893078184092e-01 9.674594691517106326e-02 4.442193331674827023e-02
3.603731713362589018e-01 1.731513914127430220e-01 1.511239819540498019e-01 1.011903166816423005e-01 3.963934513967191098e-01 6.597366804925797190e-01 1.699502456822534965e-02 4.090403877232611229e-01 1.871093354780770657e-01 1.099036211942553964e-01
2.742280470317335350e-01 4.675877757665663007e-03 6.503326758751268866e-01 2.197973454128438475e-01 2.829429794521454711e-01 6.666899226343168949e-02 2.503079523071077284e-01 9.349376727642624840e-02 2.344855100043987672e-01 4.925987799076478879e-01
3.352467770784141321e-02 2.887909259298203635e-01 1.802706565843997244e-01 2.066427081335438509e-01 3.943542304415869060e-01 2.046791894488801666e-01 3.810725071761340566e-01 3.399950651254250444e-01 7.844501186694625289e-03 6.180565611175122820e-01
3.993932415658564272e-01 1.138641745709542130e-01 2.686687911881795870e-02 8.481783372100499818e-01 2.665920332073240875e-03 1.293764819949049238e-01 5.578347979473401858e-02 2.208421668494762180e-01 9.723086992422842745e-02 1.711998389812437182e-01
4.193413029356422017e-01 2.928353632506584536e-01 1.461587788862568904e-01 3.665304568962079457e-01 1.003921488377606946e-01 8.193840089879633748e-02 4.189156154040178937e-01 4.727104955675796583e-01 4.070197299404086366e-01 3.592083106049127894e-02
5.253196572541513065e-01 8.592141628539325809e-03 1.273955057050921991e-01 1.718757366789666965e-02 5.680265558594844721e-01 1.690007408919209364e-01 8.767898989332575596e-03 5.867028886258348619e-01 1.063713030060919051e-01 2.475837193283249305e-02
2.906726595410735400e-02 1.732960273790505878e-01 4.133268197954664824e-01 5.220769767694546371e-01 1.049274158054081668e-01 3.785692708047873056e-01 5.544211811284431579e-02 4.896094730274963558e-01 2.381507307439224008e-01 2.681206087405256788e-01
5.434964504220274328e-01 3.197304484363448496e-01 5.111327035025065718e-02 5.183068010344693555e-01 5.544882464463259060e-05 2.119801983589813255e-01 9.083489726739469097e-03 2.245783239414382015e-01 1.024772828958986221e-01 4.745254554460645591e-01
3.778954550001922263e-01 5.981485734945299892e-01 4.435564780412432073e-03 1.646028293929480413e-01 4.818531814421926351e-01 4.015428729843439348e-01 5.287036429136565858e-03 2.792042884984073381e-01 2.920447552007007785e-02 6.669877553639989159e-03
3.267672311859621814e-01 2.559287690863947320e-02 -0.000000000000000000e+00 5.030781136599690728e-02 9.569020490398605361e-02 3.834577875887545950e-01 2.747388835719613565e-01 1.680107309331244358e-01 2.796251893242611142e-01 7.429276605790456900e-01
2.488419295525762798e-01 5.692830292341714837e-02 2.788475864604945120e-01 1.179067169436114060e-01 4.689612811398330972e-01 2.878096869543907421e-01 3.773517840781140994e-03 6.840201400629208894e-01 2.373689165813472890e-01 1.271927628713726000e-01
1.224858687045092586e-03 7.914061029346558529e-01 1.924622689283963795e-01 2.217401316534088965e-02 1.022740035782188084e-02 9.266891157154989733e-02 7.069243088631783564e-03 2.022068113024840050e-03 5.719307570663215712e-01 1.704369127754317911e-02
1.180732883526150884e-01 -0.000000000000000000e+00 3.436545927330442174e-01 1.412041896901866100e-01 8.533539244047313316e-03 1.519746187031973950e-01 4.926235464169413381e-01 4.614749157096465493e-01 5.055548687699258359e-01 3.370900600913721012e-01
2.321281186096142979e-01 3.271892112110006967e-01 3.340154939856004312e-01 4.424242063631667610e-01 2.043994516304943609e-01 2.031326424633582081e-02 1.439892374870659908e-01 1.593024469454242809e-01 1.874154230293654522e-01 6.390084135471071347e-01
5.279839269018674619e-01 2.448695358058833316e-02 1.499765705588028963e-01 4.033380491427753789e-01 3.636233004900207844e-01 4.116614146125808782e-01 1.567371436823582764e-01 1.213652710557912642e-02 3.536153654953059777e-01 2.898519092232993422e-01
2.226370165244123400e-01 1.944196862484667276e-01 4.723092465016115460e-01 3.429956423481022587e-01 2.002903788494252435e-01 4.121503817902963385e-01 3.439418533505892439e-01 2.334220279917147700e-01 3.476700780863760665e-01 2.612876031642639707e-01
2.579447485704023935e-01 -0.000000000000000000e+00 3.488486783087655918e-01 3.017822511552766818e-01 1.217580563486725109e-01 5.512479338672037210e-01 3.058742778844283361e-01 1.124203783400592738e-01 5.357084634330864237e-01 9.389513941032540112e-02
2.711596629612125775e-01 1.392944669536120283e-01 1.000825440092866919e-01 4.306485542466686467e-01 4.759029641209620021e-01 3.220769256889880472e-01 5.518536713568917423e-02 6.516937394221138796e-03 3.597540601384650594e-01 4.988654522447462658e-01
1.014085180567169259e-01 1.659933528473356845e-01 3.763829648037003150e-01 7.927580543539110292e-02 3.091621392794687839e-01 3.052908261800438283e-01 3.088539466107225739e-01 3.024167598150497294e-01 6.365349561231808950e-01 1.827747398297782655e-01
6.310443304020649236e-02 1.392036412061538053e-01 1.947490554547325059e-01 3.706425710431582657e-03 2.915374838686289327e-01 3.058427632338720989e-02 5.408009190309932129e-02 7.760117836891835541e-01 2.402436117556726036e-01 4.358139561794257544e-01
6.063160841556817227e-01 2.338877135012165931e-01 1.553724672528941919e-01 2.627821741707587200e-01 2.782602157345436811e-01 1.305456231290052227e-01 5.369532195817426912e-01 3.043801872514689255e-01 9.014632013573907476e-02 3.031409081436628808e-02
3.435464148864668665e-01 -0.000000000000000000e+00 5.446541372464375197e-01 9.605558800598025526e-03 4.981108204042392629e-01 3.201755875069451918e-01 1.643675561441510294e-02 3.598856185040447131e-01 3.139120336850260151e-01 7.924694547100878672e-02
4.521625589598765593e-01 1.777896733279070718e-01 1.310411838321513811e-01 4.963329995971383357e-01 2.079854253952126975e-01 2.198065648013680998e-02 2.958498524091727755e-01 8.910165118925367223e-03 4.689904562888450035e-01 3.861631174056729399e-01
5.934979974268277392e-01 1.104055465614706480e-02 4.380123499444046331e-01 2.455049637409723873e-01 3.219713631800784626e-01 2.697688131250013388e-01 4.879712212712833050e-03 1.309101671471784006e-03 4.665825652182895023e-01 3.667615752638070381e-02
6.005308715268369291e-01 4.819285575439206104e-01 8.947507198300420905e-02 2.173591100154136438e-02 2.828828227016386698e-01 2.514326233306997116e-01 4.367671374758863023e-01 2.543616129448808549e-02 2.529223541051431323e-01 2.448691988030999699e-03
2.670914424830535538e-01 3.971891262218457674e-01 2.790253178330849293e-01 2.726183437672660137e-01 2.740228097509437299e-01 1.496262198545760848e-02 2.819726157295864843e-01 3.871387477685091505e-01 3.212527955372209143e-01 4.591583223759228005e-01
3.694638119689131472e-01 4.281654309843770378e-01 3.810698877010578189e-01 2.354475117465215095e-01 9.830101185394384683e-03 4.887249871817716529e-01 7.887280699908771550e-03 4.902899548366568272e-01 4.674734537024952119e-03 1.019897624947207170e-02
3.245472879348331174e-01 3.965738341903799480e-01 4.215953829850638823e-01 2.153772613130935654e-01 1.443774671052613090e-01 2.372382811106253930e-01 2.559886731774947966e-01 1.340578912920018240e-01 5.342653807966815105e-01 2.592299155613098094e-01
4.467755922068854767e-03 6.293562075101450937e-01 1.351769577584619741e-01 3.450303782555697585e-01 3.664802902938228690e-02 6.488627042239316061e-04 1.803175612237360725e-01 4.403483002828878501e-01 4.885239150878549208e-01 1.232348499558164751e-02
4.902530854908252467e-01 9.209634390908905122e-02 4.428990975770047411e-01 4.532704366996190837e-01 1.969078816763342454e-01 2.419252263562318012e-02 2.936688310529365561e-02 3.937145515661377715e-01 3.331725794728498391e-01 2.081368648662272891e-01
3.984599780119120749e-01 3.710731081365237771e-01 9.240072296975204713e-02 2.170311503400641773e-01 3.610918317791935173e-01 2.638634831607156728e-01 9.420718420223938780e-03 1.475952510869036616e-01 3.202381795437336809e-01 5.687329180534387296e-01
-0.000000000000000000e+00 6.462353010555649258e-01 9.298252292877473568e-02 9.675778374132165682e-02 3.375817013592160021e-01 3.162629284771820148e-01 3.743676967099766051e-01 8.263334035563131216e-03 2.059745654331645304e-01 4.095650079397011867e-01
5.765131961016135564e-01 6.839500806958545009e-01 3.290237093259224532e-01 1.515854111994459630e-01 7.534883845054624052e-02 1.425227811367057451e-01 1.868192109123955474e-02 4.926633480262074261e-02 1.535360242066574066e-01 1.275554640194766221e-01
5.919798315867840222e-01 3.859160939270613322e-01 3.130344829035904691e-02 1.020182385433205940e-01 2.802409646287357115e-01 5.342906186180280681e-01 2.467177052181052932e-01 2.354462098605710207e-01 6.763617735789716201e-02 6.603302870192254148e-02
8.877612468318647754e-02 1.092307519917130182e-02 4.501187005280710696e-01 4.804623210007118450e-01 3.359899141448062232e-01 9.594796055621088171e-02 1.423279814160481604e-01 5.992140536305120557e-01 1.808966056806463885e-01 1.562531529184983115e-01
