1.972080319452902186e+00
5.446192864370340558e+00
2.273313508444560593e+00
4.074993029474987871e+00
2.571497992255611376e+00
3.658856821700817274e+00
3.909854680378235692e+00
8.037582458711015621e-01
3.580384475178236769e+00
3.487282219172598285e+00
5.946530062115653603e-01
2.697641169414269235e+00
1.537886101441898967e+00
5.069535063462863450e-02
6.027617570150982651e+00
5.984616795789798438e+00
1.870797432366895219e+00
1.271784277647875827e+00
3.282067721338167710e-01
2.014261264345994284e+00
4.325521215834144395e-01
3.795810777600601593e+00
2.781667546063705476e+00
3.910450069707155141e+00
4.246353457791064656e+00
5.664999749086629954e+00
2.634358361138922966e+00
2.926969267298515476e+00
4.671363019301326247e+00
4.475432244597441489e+00
9.721138411230643150e-01
5.426131388143289769e+00
5.131214865596690267e+00
3.174544211756334944e-01
4.262847182091509701e+00
2.743874252753485621e+00
3.293199002678360188e+00
7.830026033574025157e-02
1.558691675073944349e+00
1.809158216775009542e+00
5.071492409141223234e+00
2.057484628320541908e+00
2.971936935598622931e+00
1.640008223418914168e+00
7.300380150280298963e-01
2.857144727321335065e+00
3.856868209390419633e+00
4.424879881219489164e+00
3.623318845888404832e-02
1.577509839841036321e+00
1.423968345108190148e+00
4.976545659281192080e+00
4.460801647017910376e+00
6.262338178445685521e-01
-1.505876419080425660e-02
6.845757241182982789e+00
2.114159444763629381e+00
-2.495583767607462700e-01
7.621456784901090575e-01
1.628919373514406410e-01
-5.082058111042302151e-02
1.090601764209972790e+00
3.902182355345665155e+00
4.178953354334844050e+00
7.007097533223107355e+00
3.241066369065922714e+00
2.153484535793788623e+00
2.145586306387398334e+00
3.302784287519824336e+00
3.417710802946576809e+00
-4.302913081024317687e-02
3.727158416445268685e+00
5.295257009519572122e+00
1.273936027280661021e+00
7.091881369336809016e+00
1.546660676826976610e+00
7.574514178044748469e+00
2.479612241835813524e+00
-1.569624925779737092e-03
4.923806311106921463e+00
3.575136796749810220e+00
1.454566796600318179e+00
1.651696819238747116e+00
2.205100400607701516e+00
1.055110117745683862e+00
3.234700849927167887e+00
5.079810039642913111e+00
1.603021135261428531e+00
1.903654131049344889e+00
3.852954638946593846e+00
2.643582769346241104e-02
3.120931117962046031e+00
7.958328665020868442e-01
7.793834237077303939e-01
6.141911137625656103e+00
1.365881491525642089e+00
2.747329728877096144e+00
2.737498578496521673e-01
2.005011422129931997e+00
7.553479597493718778e+00
3.142721905347211298e+00
2.474153359753862524e+00
3.406837420044763309e+00
1.176310491590566887e+00
2.313113160173744465e+00
7.625272479271388626e+00
4.252556275864001201e+00
2.941145760817402532e+00
4.693073760010483930e+00
3.817311991221094658e+00
6.150364594583510147e+00
2.391460589204056575e+00
4.128312632912823493e-02
-1.510577109461074263e-01
3.527434327706630679e+00
2.302583331243702514e+00
1.377146482907277925e+00
2.264650910318709798e+00
4.854280158615519980e+00
3.674806901758768785e+00
4.694929703468850413e+00
1.327508349054642878e+00
7.496807647133286956e+00
3.146126550849471570e+00
3.613279489173559789e+00
8.297898440500200978e-01
4.229983578230124941e+00
1.761435285808307105e+00
2.460392070506225437e+00
6.688564477918254592e-02
9.190307831914713843e-02
3.072228842355533285e-01
1.818392192196792712e+00
1.116136104827120556e+00
3.396090089571760284e+00
7.054162989039666765e-02
1.161280821779201222e+00
4.643161249367256715e+00
2.813166181231085528e+00
3.388891639638108355e+00
2.201249826558709710e+00
1.059111538545417064e+00
3.417551117406447680e+00
3.652572285091019388e+00
1.508280481685395635e-01
2.071884376016051021e+00
2.219758583747245329e+00
-6.304747491371659462e-02
9.942920123038472280e-01
7.301465824218101197e+00
4.011090739713426778e+00
4.111307756109754408e+00
2.073678782655566710e+00
4.509485719976628282e+00
1.598731622567700184e+00
1.348836437303588376e+00
7.949335466096206781e-01
2.870903825218620753e+00
5.325879069064971105e+00
1.712714907613181348e+00
-9.910656103627538682e-01
3.770107345912594887e+00
1.403643428696252471e+00
2.486271602438247630e+00
1.032577834547182327e+00
4.068226934090123592e+00
2.149747558601299957e+00
6.622477280167018421e-01
1.510637014511961196e+00
2.032513426280062596e-01
7.303938907608766407e+00
