3.678108582896819079e-01 5.595887806671748788e-01 3.492314275098834520e-01 6.180035872996573199e-01 2.183679124775337321e-01
3.006692597551635648e-01 2.686784421001754963e-01 3.627351436264489859e-01 8.312048720230310606e-01 1.221947924110542427e-01
5.418245793034217640e-03 4.129682664651915247e-01 6.074226239534703531e-01 6.070308090239801002e-01 3.032807384428397035e-01
9.557016339102536451e-02 1.604726057641271408e-01 3.335396695825160740e-01 8.331482609034225328e-01 3.996625462025086839e-01
4.208288359860180572e-01 7.791840998587876155e-02 5.256626815839721134e-01 5.109333985176958137e-01 5.286375125329556557e-01
3.560435213206004090e-01 3.542877624148004223e-01 5.392790384214570798e-01 5.329216984988703887e-01 4.157953514856184696e-01
4.182606005426753315e-01 3.667442673737199010e-01 4.891551260997211159e-01 5.280664012040934274e-01 4.152467349804421226e-01
1.879962858595506103e-01 5.554560082866122350e-01 5.977809468102108781e-01 3.454978615083107996e-01 4.235742988959423361e-01
4.064878632146958215e-01 1.147922841983258467e-02 6.545908898678914900e-01 6.372770499691332580e-01 4.957101838467454537e-03
2.125564340834112387e-01 6.722291346143487167e-02 6.028037938808787910e-01 7.025825293275206329e-01 3.054606649014954822e-01
3.202902758771943859e-01 5.067977616315594291e-01 6.488765124887638791e-01 3.220664212558259076e-01 3.402978986471056899e-01
6.298949142365920517e-01 1.495677353035892443e-01 5.453417759924783503e-01 4.155175514252487656e-01 3.328804611117440748e-01
-0.000000000000000000e+00 2.314705040831908367e-01 8.070736409328717054e-01 5.413787015976482264e-01 4.430175286911646609e-02
2.469509204465212548e-01 7.179109960153101655e-01 4.895223582030008846e-01 3.459059566574719802e-01 2.536453718465473406e-01
3.751181994380851092e-01 2.042055184821744696e-01 3.691153951662698440e-01 7.898706671780191257e-01 2.396760247808578659e-01
3.730946646552319446e-01 3.606317128348684453e-01 4.122424115733295258e-01 7.145154321242933593e-01 2.242075606665147047e-01
1.717694783160982619e-01 4.354494187984013220e-01 4.370998842455870448e-01 7.629347034607457667e-01 8.805327611683937128e-02
1.554228246108043388e-01 5.086190396081120557e-01 6.617369723324268982e-01 4.815799042192462354e-01 2.175669860953528822e-01
-0.000000000000000000e+00 4.419706130461243943e-01 5.633544684284613746e-01 4.167914466606802981e-01 5.599809015455937677e-01
5.037664714548550915e-01 5.251277615848909397e-01 9.685049184549633650e-02 6.763660608411288244e-01 6.007587054971900986e-02
3.082147388730721027e-01 6.823168258738243619e-01 4.729835178525450545e-01 4.069803177059872490e-01 2.238326086847897967e-01
7.982050057074650817e-02 1.625787243156166101e-02 5.640365715843665972e-01 7.541233419959549877e-01 3.263818319772718302e-01
2.988200486508224563e-01 3.780631999293327383e-01 4.361690532785545416e-01 6.382510579285081143e-01 4.125129566434771466e-01
4.242028726335099753e-01 3.545684966007298100e-01 5.093471040848427389e-01 6.593991974358059949e-01 9.556675634111666540e-03
8.522657915646833851e-03 2.039426248919432028e-01 4.332553810694239060e-01 8.419443543507252325e-01 2.485040221114457049e-01
4.099423104429124054e-01 3.419722939063180034e-01 2.868519470041963060e-01 7.574860294179811548e-01 2.427614632631396596e-01
2.261525650608650628e-01 4.427517331366745967e-01 4.751505564777164792e-01 7.258536604572308759e-01 1.394031565702296555e-02
3.355613407440842522e-02 2.504206594763903615e-01 6.136918689241543934e-01 6.570772890341464167e-01 3.574845527086527031e-01
1.923817385786196765e-01 6.618499351515280335e-03 4.950347114362431689e-01 7.722776762822841645e-01 3.485301813574726015e-01
5.077921955898916373e-01 4.081835557996006843e-03 3.300164604288530201e-02 7.385174979692841202e-01 4.423044440971887203e-01
1.882644095586690977e-02 5.242327101892841901e-01 7.095604196006799480e-01 4.202180522501448579e-01 2.115807887964660794e-01
2.509006913800393423e-01 2.713832494242513493e-01 5.211894535496744973e-01 6.736033976823982972e-01 3.715104186106676920e-01
2.389951066443440353e-01 1.499005306550486513e-02 5.001498506626377294e-01 7.606670929563005279e-01 3.374793888294573274e-01
1.840856428699682579e-01 7.187449487961564687e-01 4.979596433349001150e-01 4.488693711930507591e-01 8.405705425212106272e-03
3.891166793385279488e-01 3.821677798800864889e-01 2.560465561952446900e-01 7.963739088159293988e-01 5.258094997122170211e-02
3.929183463539341892e-01 3.199866090761505077e-01 4.615298828287705546e-01 4.568454047308260768e-01 5.670151554789568671e-01
9.541874930184869597e-02 -0.000000000000000000e+00 4.765620821312951394e-01 7.753498230964762650e-01 4.032573570074312608e-01
-0.000000000000000000e+00 7.596203175347562286e-01 2.307611697834174580e-01 6.046555788256259278e-01 6.417076206211036471e-02
3.552243286939675837e-01 2.230010234303876904e-01 3.457826910693301836e-01 5.301762386654192971e-01 6.507178392854773286e-01
3.697277745628098078e-01 5.584944091771693042e-01 2.507049414940537568e-01 5.999219719971512488e-01 3.586447092321159991e-01
2.577391896850141362e-01 1.322904469981683873e-01 2.609218821859489168e-01 7.732738827908244295e-01 5.000370199532042648e-01
-0.000000000000000000e+00 2.419343827154515902e-01 6.019847173610901603e-01 6.568380072556057048e-01 3.842472989472623390e-01
6.663095385392349065e-03 2.290652339908855473e-01 6.362339008091091319e-01 6.681196060305656381e-01 3.103342347137559298e-01
2.731989198385893491e-01 5.812721362725362662e-01 2.601854431915148758e-01 7.209412095016101141e-01 5.688706863652097726e-03
1.243871978545094993e-02 4.428971953286166552e-01 6.786485743497592260e-01 5.494476210666915383e-01 2.030536304953371451e-01
5.621327478211527590e-02 -0.000000000000000000e+00 4.582628982206530810e-01 7.364935703160552238e-01 4.943808296604830232e-01
2.723955455230168687e-01 1.360581408357465216e-01 6.683456332173867143e-01 5.931567446341942107e-01 3.297999999177593233e-01
4.843649825475214721e-01 1.233285949338539141e-02 3.850318046695772045e-01 7.382760520183994091e-01 2.682115669904447386e-01
2.644940940764484716e-01 7.574360186339227363e-01 3.776116353454513908e-01 4.196507335226730695e-01 1.940006870613789902e-01
3.085902925340525474e-02 4.796130761041945273e-02 9.424171442789041064e-01 3.118284707707006387e-01 1.065850096019031745e-01
2.481430367505325085e-01 5.020645647041013238e-01 5.485381930519009908e-01 4.798076813269019913e-01 3.940135097731582992e-01
4.066552281830443372e-01 3.362756319287557583e-01 6.298324263442086623e-01 5.237396725579351875e-01 2.248512727928970445e-01
1.965840153022795078e-01 1.573731863431995781e-01 5.305379885454162281e-01 7.602793620999004354e-01 2.776565133811452202e-01
1.548372652929205784e-01 6.318885597780740104e-01 2.029486043441901255e-01 6.145064563826637682e-01 3.974115604218977915e-01
1.750465346145908263e-01 7.446081239529819262e-01 2.523952791733040102e-01 5.547843928939582003e-01 2.083947046231165168e-01
4.899891260342610355e-01 1.163184082757973137e-01 4.428737585472374283e-01 7.417839771867020815e-01 2.223593651781065480e-04
4.189313409733958493e-01 3.302504753148955974e-01 4.838320125921881099e-01 4.877691813046862723e-01 4.933750748313769918e-01
2.082272103206725677e-01 5.882550979946059577e-01 6.509444385848752734e-01 3.202703816701780171e-01 2.903370266874118477e-01
2.526099886193430288e-01 5.650811962551032241e-01 4.958137537959159680e-01 4.685244923920432458e-01 3.892620670759198154e-01
-0.000000000000000000e+00 5.360120165688738725e-01 2.595549425180908032e-01 6.001640105614701737e-01 5.339714508613465638e-01
4.076004502794479123e-01 7.421780511546054449e-01 3.801114243604758469e-01 2.657074371545304903e-01 2.606692851637201214e-01
2.296804856210742929e-01 4.525637806540367958e-01 6.297047558969455228e-01 3.688116227005970860e-01 4.581296828701599266e-01
2.747324836661257375e-01 3.059300522815056600e-01 5.049484216309173545e-01 7.288410917306463732e-01 2.115339689671666135e-01
3.872927731506637383e-01 -0.000000000000000000e+00 6.763850435487078760e-01 4.872392428980291679e-01 3.938343571973328405e-01
4.233617943468003242e-01 1.528418496827448070e-02 6.373363590397293499e-03 9.047331752191600795e-01 4.414121284824757546e-02
1.197638861030130356e-02 1.328554834076522972e-01 4.708916676327228323e-01 7.496595678960830123e-01 4.455081999922172464e-01
4.447133547288608518e-02 2.437056870743224135e-01 4.537090176782401785e-01 6.712774415856892496e-01 5.311916434814356602e-01
3.331320216527467459e-01 3.652813823782731228e-01 7.077571544981517970e-01 4.994191448708896752e-01 7.247686410490054854e-02
2.683983689072463319e-01 4.065309644500146313e-01 3.637190155499831490e-01 7.885371567260719416e-01 9.280366749748743260e-02
1.070685481208051432e-01 1.845869071576816123e-01 5.700167861279336057e-01 5.947978559503517282e-01 5.251289116002950674e-01
-0.000000000000000000e+00 7.023125796892545347e-01 4.439097562593349866e-01 4.775854746375886029e-01 2.856803863116814113e-01
4.517966520787854434e-01 3.573844329578588219e-01 4.575054162869675589e-01 6.773632406238672132e-01 4.897608540123700449e-03
7.059931863792716367e-02 1.893391540473851956e-02 3.863094685000933448e-01 9.193027169416128075e-01 1.745715401349796914e-02
3.696600039394937198e-01 3.353242578387065076e-01 6.386412840806080515e-01 3.374217858815367066e-01 4.787410283992388771e-01
4.246927473176374535e-01 1.558156607682646966e-01 3.206371974570307870e-01 8.272690413387319142e-01 9.041720568864623775e-02
3.751164631866720223e-01 4.573920041509437762e-01 6.569522920128670895e-01 4.490056961674110392e-01 1.299529315304757404e-01
4.405147762138302836e-01 2.105654579458016706e-01 3.830221935442004733e-01 7.545645658628945540e-01 2.133898663340982327e-01
7.647465180935256179e-02 3.247701701353476467e-01 4.631655229526158157e-01 7.506078675247843668e-01 3.327784424791085383e-01
2.844681760954569372e-01 7.515708569078283219e-01 2.819348440972107017e-01 4.318148089389793887e-01 2.970990042067310766e-01
1.755255378734774940e-01 2.470075718755385674e-01 6.180089703809482637e-01 7.153023490855783262e-01 1.207704720190781733e-01
2.216114830760422538e-01 5.556368876634292832e-03 5.447970414634619729e-01 6.613033736075861757e-01 4.655443147559940598e-01
2.089483016761231327e-01 3.989522794721653831e-01 7.225692754568578957e-01 4.411731874664450159e-01 2.836151384483477922e-01
4.558877382048577842e-01 5.372337578010334402e-01 4.935067048114049615e-01 3.591733301799493461e-01 3.619280464775747608e-01
5.905351609167632659e-03 2.310594675050037794e-01 5.718410110081111331e-01 7.287174624333701001e-01 2.975657362207004830e-01
3.682153708230164746e-01 6.607246413293985654e-01 2.476608221904221252e-01 5.801236852342687156e-01 1.731502700314997423e-01
1.987875635998762047e-01 4.212072966253623679e-02 3.302309329654016801e-01 6.983793001693723301e-01 6.016005590908796163e-01
3.710641948197938023e-01 1.421797859698196720e-01 4.581516345392520617e-01 7.938532194579639434e-01 4.461409541335391304e-02
1.460649943511192206e-01 3.808453842632406605e-01 6.627484657753057729e-01 5.349806821458161776e-01 3.289102484780124236e-01
3.775133411404022477e-01 5.059678323549854362e-01 3.864597402932218317e-01 6.055663976344501931e-01 2.922643274016484827e-01
2.786570943182302140e-01 2.693650205512763685e-01 5.239887218018581816e-01 7.400192894371506735e-01 1.661324175918748869e-01
3.288290353436656294e-02 7.545783860747488081e-01 2.669935485365574901e-01 5.883985321229907584e-01 1.096894997679511846e-01
3.971957720368042843e-01 3.920384861999666182e-01 3.271044622335034235e-01 7.480631553999844696e-01 1.481402387404411602e-01
8.185394456482917788e-03 1.953806302073135270e-01 6.378454034507968773e-01 4.159184180024162458e-01 6.180004203238395055e-01
3.971937034126563071e-01 6.649824815711221637e-01 3.559632126540913655e-01 5.221614759957573515e-01 2.594311846639400093e-02
1.565723405765212517e-01 9.404304972803905621e-03 6.037559469401618806e-01 7.576794181066095479e-01 1.918262680823101807e-01
1.320595989749694978e-02 1.761286921284426765e-01 1.218806832909161975e-01 6.869893720387473257e-01 6.942585888403952632e-01
3.721347507587376979e-01 1.280354852877203277e-02 6.197081640734317665e-01 4.172688831241553875e-01 5.506362383460247090e-01
5.891934309360383204e-02 4.471811359760681781e-01 8.745360540742025401e-01 1.395975340972673284e-01 1.107102580380760898e-01
3.242096093263657219e-01 2.996246145535098049e-01 6.913662704444683005e-01 4.166251203317824503e-01 3.918538104629584184e-01
3.636846588898783317e-01 -0.000000000000000000e+00 2.589608067265675717e-01 8.939983442867245333e-01 3.794377261519272376e-02
1.348613536988545712e-02 1.180309767459358783e-01 6.468825054767571858e-01 6.211328103008972867e-01 4.261735195398797527e-01
5.412435970154104714e-01 3.718678565695960336e-01 4.925955686172113213e-01 3.954530201274070733e-01 4.119905103166250915e-01
2.610521963449695115e-01 1.494815839757469671e-02 5.957195545952134186e-01 7.594211813480712392e-01 5.097542228269595112e-03
3.199513366761715383e-01 5.010414381039955956e-01 6.877615319536967142e-01 4.159704601278387259e-01 2.326523001282189765e-02
2.568226157469390980e-01 2.643798807369761028e-01 7.820531414237774648e-01 4.086239513956588798e-01 2.925145689318770503e-01
1.748425176984593210e-01 1.861701895503623623e-03 4.086125879510616454e-01 8.441655623769102057e-01 2.997446985948659104e-01
1.659325342819568394e-01 1.155518801830583975e-01 5.697884638487314968e-01 7.043990564995527004e-01 3.718564679017568042e-01
4.307641424411631226e-01 3.738943899985757713e-01 8.304773524022515674e-02 7.772535471815691377e-01 2.522404324838902201e-01
7.753215482693200100e-02 3.638311094473386381e-02 6.352289104958281918e-01 7.629721363131208856e-01 8.380205657351985638e-02
2.957957765762154745e-01 1.014498046690531785e-01 7.275017484079349117e-01 6.091843304019176619e-01 4.299364311673803396e-02
1.520233974677396849e-01 1.357134863283161463e-01 3.188208501174170650e-01 9.061161517345728278e-01 1.891494682707718367e-01
1.828702242069576711e-01 3.263336678297436566e-01 2.360861951999632946e-01 6.075711569566547565e-01 6.596858464524157917e-01
2.485433604074128444e-01 7.320409364077344883e-01 4.260268270627321496e-01 4.313383797690735766e-01 1.865224120091990845e-01
3.836277697482454729e-01 7.545707890669671736e-01 4.093650143037306233e-01 2.501014713480158025e-01 2.309159969740204044e-01
1.225979972772210658e-02 9.540712823176987489e-02 5.541611801116910208e-01 8.268314917883773374e-01 1.499278969083066553e-03
2.763119243858008223e-01 3.134673724091086577e-01 6.129106995834366911e-01 5.433475051668806843e-01 3.930698282013177502e-01
3.635639524702552645e-03 1.109097834230752117e-01 7.947574813353323053e-01 4.443740707616488650e-01 3.982185746076304933e-01
3.901338719414778038e-03 1.488556099740862004e-02 8.477917017936205113e-01 5.218293713796796629e-01 9.330882683516143750e-02
2.007667869084718837e-01 1.382676939886337032e-02 5.253698859420217193e-01 7.731642379073707660e-01 2.927542687798431742e-01
1.253514326614073825e-02 6.027888153370162400e-03 5.770768298016456521e-01 6.739759131202018860e-01 4.610263938079687818e-01
2.780367328157314355e-01 2.210362762400568948e-01 5.258701801924268171e-01 7.325519814792231799e-01 2.463060856055559467e-01
1.852444032905209148e-01 4.450293204139002534e-01 6.740648877306756326e-01 4.794624647072708301e-01 2.887657997182867531e-01
3.975618804545755780e-01 -0.000000000000000000e+00 2.129671941880558195e-01 8.869846335317448371e-01 9.923600801949490624e-02
2.066603853516852107e-01 3.516374949823350970e-01 6.974073353084773164e-01 5.342012922511122364e-01 2.487861436334674881e-01
3.375530743560412605e-01 1.607391189680915933e-01 3.613178155765794375e-01 6.673115963650494420e-01 5.332593432185177562e-01
4.203464638643865381e-02 3.090113415305560315e-02 9.093901093103796685e-01 1.875786093751578010e-01 3.675623794739604211e-01
2.879785431452316358e-01 1.112413907751547137e-01 2.176021255622906728e-02 9.480918290686244365e-01 7.308959207149362536e-02
9.770819738143701749e-02 4.987378702327712743e-01 2.685945017608071250e-01 7.929899501478064883e-01 2.018355210278728051e-01
3.443300866817882167e-01 4.023361230869728078e-01 6.529081037622403993e-01 5.346954296640531457e-01 8.587340102165293143e-02
1.387079478211085404e-01 6.120993235080833816e-01 6.730539217656377193e-01 2.744774784175255666e-01 2.788459352575443084e-01
4.185452087182232050e-01 6.623399897076253096e-01 3.957270446666873442e-01 3.602369312017565939e-01 3.158403169496133422e-01
6.017698758273378745e-01 5.643493326689162926e-01 4.113736114668513077e-01 1.842671299798755713e-01 3.408815393367597424e-01
2.813777291948765802e-01 5.167630056927250415e-01 6.166555859348553659e-01 5.229737157674931858e-01 4.117087834492320908e-03
5.100405618947276842e-01 4.729347981399089074e-01 5.805263866867776956e-01 2.210405423984738438e-01 3.610006854661865772e-01
8.091830377041067668e-02 3.157312480508748243e-01 7.033870904871990515e-01 6.074035818814548238e-01 1.734171178767778265e-01
-0.000000000000000000e+00 5.712459925278348116e-01 4.759525909762742368e-01 3.554822544179774835e-01 5.663740053690429210e-01
8.652907053343875110e-02 5.450966056814197103e-01 6.101953876386424502e-01 4.271591480108422600e-01 3.749387438000937878e-01
4.180984365014894233e-01 4.400390276245324528e-01 3.579435466813373212e-01 7.094398222504839646e-01 1.144148402318763240e-02
3.230841617060260518e-01 3.336029657185383135e-01 1.036384543133884450e-01 8.290692294185533218e-01 2.936476959510632700e-01
3.686568782195484562e-02 4.929829631263353378e-03 4.983539434550182112e-01 7.760124575366900146e-01 3.847916717288984989e-01
8.427842891638497036e-02 3.361416711328160112e-01 6.820075406248334859e-01 5.787181541437644849e-01 2.825896953937347411e-01
1.910159574760348852e-02 4.665086397012591091e-01 5.852795186119135185e-01 6.609760252583211093e-01 5.063000346725301387e-02
2.003978361200138003e-01 1.438042337978906460e-01 4.257945978912489049e-01 8.252685125189886950e-01 2.771135007024075336e-01
2.563058453509590162e-01 5.842397476727719668e-02 3.674151068265488207e-01 8.231506862909925282e-01 3.439811619051640901e-01
1.725935479332531969e-02 2.581266379601610331e-02 7.670443916922752292e-01 1.872575082403966223e-02 6.405685509681032785e-01
3.825881109730285279e-01 5.654739951563725331e-01 3.284282696471730323e-01 6.365150884271985054e-01 1.443915234529357106e-01
8.077275861512972152e-03 1.656658817801812400e-01 8.351519582893758287e-01 5.220748419514100735e-01 4.948372657231016325e-02
6.191838667244842220e-01 4.628439460413371065e-01 4.891996571701041630e-01 -0.000000000000000000e+00 4.038199056827842526e-01
3.413134965047709413e-01 6.462644705723313843e-01 4.752221010492385656e-01 4.781024270744309024e-01 1.069081618934579203e-01
4.266829088524101143e-01 7.620590429776164312e-03 3.276951024335336138e-01 8.412619521890207785e-01 5.270549814716750381e-02
3.068563016180789194e-01 1.900048593176016654e-01 5.945930406572365046e-01 6.569521164836803484e-01 2.908786624050786473e-01
2.984725210512630400e-01 3.285946499723058634e-01 4.942998001287627341e-01 6.552167706061476915e-01 3.595808689238029765e-01
1.597848280629669271e-01 4.369815922199090097e-01 5.292585534374010248e-01 5.910828929319862368e-01 3.924567416650465712e-01
4.035833159958134853e-01 3.501214040681453477e-01 5.148068546131566725e-01 6.120452584843042443e-01 2.736969372743568996e-01
3.236105498728812924e-01 3.891147380826433522e-01 7.412407052235978622e-01 3.787548526757812395e-01 2.257718120404267337e-01
3.339987512317856289e-01 5.661691650740295900e-01 5.734176817570588724e-01 4.884347655096192287e-01 2.282439013222020002e-02
2.440438671057147256e-04 5.488349897035694758e-01 4.303864132013862642e-01 6.664512779492320904e-01 2.634204319546123441e-01
1.852292968578549415e-01 2.408656217407204869e-01 7.300423745173143519e-01 6.121372323736908871e-01 -0.000000000000000000e+00
2.700877501732780739e-01 1.302690712752745117e-01 6.282661541877960776e-01 7.050085180055702949e-01 1.353780089862474945e-01
1.570032070234522181e-01 2.398754500955514180e-01 8.033753551784587055e-01 5.188580302289681478e-01 5.642822507051173386e-02
2.140835753213218562e-01 7.894200160756809082e-01 4.264184025594480731e-01 2.176712442783292067e-01 3.190154171347900358e-01
3.687782109989662938e-01 1.578811893581968662e-01 5.132235863448144642e-01 7.566320116802436324e-01 5.644209828946503138e-02
8.348742542187750915e-02 2.135075544158252653e-02 4.011176397511987957e-01 7.270500402756697733e-01 5.505241802628424441e-01
4.642608251508812400e-01 3.873264199494767523e-01 5.600529517490631104e-01 4.999117392113947012e-01 2.662124619080485921e-01
3.831481804464268448e-01 3.940353783797754805e-01 7.226659326256799076e-01 1.483171991468674455e-01 3.920325887795355069e-01
9.511297168764581977e-02 -0.000000000000000000e+00 6.536307218099729477e-01 7.493587725089814189e-01 4.671008656330614961e-02
5.026522160340615164e-01 2.764451728109649231e-01 5.864363560377087170e-01 5.537550869998379977e-01 1.427113172967666432e-01
5.539356114814718568e-01 5.435441419940325591e-01 3.126156814450327115e-01 3.050058222188022361e-01 4.549263546596405416e-01
3.504805445106844997e-01 5.368070934493480717e-01 5.982663779257050285e-01 4.709832118531102618e-01 9.619608899608496355e-02
7.570047769789403636e-02 6.279447391081582897e-01 4.211172325332429023e-01 4.957328604307233433e-01 4.205520774593952127e-01
1.067847562888760149e-01 2.777613096716974317e-02 5.752562030441306096e-01 7.817886327697030069e-01 2.138044361189642417e-01
