2.084589983182243866e+00
5.607328024015722612e+00
2.458983777002959670e+00
4.190136855949679884e+00
3.020330859638427956e+00
3.865118013980994860e+00
4.134455233413505404e+00
8.923918014993699188e-01
3.778113294490703655e+00
3.699983082542574131e+00
6.187922365051826690e-01
3.037476502391862621e+00
1.700798598435768305e+00
5.137220657365664661e-02
6.221958538256227911e+00
6.831610445864114922e+00
2.118410810697592517e+00
1.372047108575432661e+00
3.854822913888614200e-01
2.227920026195358005e+00
4.394683990496002779e-01
4.026358471618985746e+00
3.173982582427641752e+00
5.384964045560654000e+00
4.287995719970536967e+00
6.685896127416585344e+00
3.022700864536379317e+00
3.233200432183603645e+00
4.675905207876743575e+00
4.495716172455054505e+00
1.041476134957203037e+00
6.675802486298238136e+00
5.161457524556458232e+00
2.814366661426657146e-01
6.055989935801314950e+00
3.055758993206219909e+00
3.663732960137782602e+00
8.037962416989714864e-02
1.841175364583990559e+00
2.073286448407727356e+00
6.761621274702041440e+00
2.223765159409527126e+00
3.172433000583773754e+00
1.844499730657377601e+00
8.241085366880815943e-01
3.581731314674402533e+00
3.996700455860156431e+00
4.480268806790594027e+00
3.104355278693841924e-02
1.706519431200592241e+00
1.596062625422884906e+00
6.369294624565490004e+00
4.412738127526759868e+00
6.885337964851884207e-01
-4.472145816990734379e-02
7.164996314282555900e+00
2.402467825613025632e+00
-2.950497861487537676e-01
8.516642314179451168e-01
1.669945852868264802e-01
-5.826806997588961090e-02
1.229255973389462797e+00
4.237439034748101463e+00
4.290850981139692877e+00
7.280659321267989981e+00
4.185895896126120341e+00
2.392354844998833219e+00
2.285389699148365761e+00
3.501494373301868634e+00
3.643600653423569202e+00
-1.083820198097658616e-01
3.945061480700606360e+00
5.268593404931013247e+00
1.382246232416684428e+00
7.303859585996840487e+00
1.704262567564194031e+00
7.596383261434274559e+00
2.943984821412597874e+00
-4.060260907247057426e-03
5.478983400421716610e+00
4.816993450027146295e+00
1.536156311399432539e+00
1.754681284116581308e+00
2.347532860959463452e+00
1.174520450318538467e+00
4.273035188513032878e+00
5.084081712515434504e+00
1.794893603082752476e+00
2.215468055021502458e+00
3.936770254386595447e+00
2.643331032463468178e-02
3.778757152764872895e+00
8.746964790462554706e-01
8.545057956001140820e-01
6.812401197119991814e+00
1.547235191175280855e+00
3.226239855902414355e+00
2.685874275380091269e-01
2.296194130691734614e+00
7.577130096531404568e+00
3.364146079627321928e+00
2.992233329058450853e+00
3.735070379025906995e+00
1.285987076974955956e+00
2.691835822983334126e+00
7.634910067829618008e+00
4.369157242633566085e+00
4.264389605914720605e+00
6.221149424252037541e+00
4.999434373053766478e+00
6.501466034819479489e+00
2.462560302377093890e+00
3.677908074575254177e-02
-1.658242589079370333e-01
3.830631323787479392e+00
2.527963944083250869e+00
1.558285361163470384e+00
2.529912764809215897e+00
4.828494740187886158e+00
4.010631425609038736e+00
4.990762659991814232e+00
1.494677519503521346e+00
7.521925987933235191e+00
3.484795343368471965e+00
5.499389870590525753e+00
9.231965471252145949e-01
4.328313906734157612e+00
1.916069124054661676e+00
2.761554363548563984e+00
6.307765804962614520e-02
1.047039599888619776e-01
3.361935513218481941e-01
1.871095258346967549e+00
1.206141462619693128e+00
3.643057463733068158e+00
5.934261858513694560e-02
1.273409983378624544e+00
4.592396971924571858e+00
3.302225948015285351e+00
4.497142184850950741e+00
2.463934576735675286e+00
1.121059306628478636e+00
3.558382962100989033e+00
3.806687909052380192e+00
1.809479103413491885e-01
2.444675141892965531e+00
2.575286417356487334e+00
-5.547845432457770842e-02
1.108810776375508622e+00
7.370233554514086904e+00
4.209088456416151480e+00
5.901644983558574253e+00
2.304201881806530405e+00
4.502976392660034577e+00
1.853326038218087168e+00
1.427620056513891456e+00
8.659831782337237271e-01
3.255176784689579161e+00
6.352686815614049465e+00
1.863827568634124354e+00
-1.060494157417830374e+00
4.909207602206903331e+00
1.542389475246544350e+00
2.931395393507721714e+00
1.085342875996841761e+00
5.735757716586753041e+00
2.453718000975396052e+00
6.680752882360592171e-01
1.627847109514597879e+00
2.162939365786207269e-01
7.419858299396159040e+00
