3.876649625184618753e+00
3.639626821445038463e+00
2.134243323907635492e+00
1.575907432381308926e+00
3.256138100578044536e+00
1.748887376353625900e+00
2.171351556029380792e+00
1.290646126572192909e+00
1.673425209904384703e+00
1.526716363891274186e+00
2.726086201725824942e+00
2.526339740287344870e+00
1.496241718238639162e+00
2.158869502929968043e+00
3.363561704660189999e+00
3.480457326358448622e+00
3.245402053293434008e+00
1.663057628638842989e+00
3.092284034920017799e+00
3.344213790779987150e+00
3.672596020192498312e+00
9.573192636740137651e-01
1.384719746470406632e+00
3.591073931085784654e+00
3.006397228914867270e+00
3.585264108655931370e+00
3.408371372645503605e+00
1.440964036265534487e+00
2.127104132746436171e+00
1.842851853639233983e+00
1.492236541930138438e+00
1.154363017487656684e+00
3.226178545323037827e+00
3.673696430834625382e+00
2.068677136271591888e+00
1.596288656546306584e+00
1.520039011996955125e+00
2.611715285195196135e+00
1.860539988408855150e+00
3.343088672145244633e+00
2.447134479160340881e+00
1.718890697960261615e+00
1.482679257676654316e+00
3.744020305889064204e+00
2.606812159741334955e+00
3.360921100469449474e+00
3.588536499616101327e+00
2.402459391696151858e+00
2.845686370266596210e+00
3.530680873356577543e+00
2.010697449173389106e+00
2.373810528779292994e+00
1.054321386265280935e+00
2.697813447626282723e+00
2.189572007686261479e+00
1.068612730950653011e+00
2.049638905556022905e+00
3.033156045746825846e+00
3.163927879356910111e+00
2.875485391832354409e+00
1.703269050036017029e+00
3.283245209582470014e+00
3.210922418148593582e+00
3.535084566874234557e+00
1.799203323716548342e+00
3.494042915147265393e+00
3.007004540660915826e+00
2.099167184398519126e+00
3.226096662598053832e+00
2.228439426718713978e+00
2.324039702869253432e+00
2.007316786104842432e+00
1.407088428807204306e+00
1.855238912214691949e+00
3.855222353416368097e+00
2.534852410575795023e+00
1.561911547299431602e+00
1.691259820456751939e+00
3.726539439290662337e+00
3.354768974004533000e+00
