3.015812942917814432e+00
2.702750668727884609e+00
-2.384491966136753904e-01
-1.491278518184467217e+00
1.897112491144604451e+00
-9.957871401658936472e-01
-1.422421692879703436e-01
-2.404064167322476742e+00
-1.581000949510421361e+00
-1.803858819269806846e+00
8.759946907906229763e-01
5.413630961268190989e-01
-1.685352853826205255e+00
-1.806815674957534534e-01
2.231892878409277081e+00
2.326214579065955412e+00
1.948986375544058625e+00
-1.404744273964985801e+00
1.610552018564167076e+00
2.252589726495139999e+00
2.616725980255564910e+00
-4.282727912546765658e+00
-2.215979715897488767e+00
2.568187883187564413e+00
1.570447668693607302e+00
2.485594405372143711e+00
2.248111340926214119e+00
-2.038187516370010943e+00
-4.246307042122651199e-01
-1.083945186649629910e+00
-1.804209846897112834e+00
-2.851579957868727533e+00
2.008053155577604887e+00
2.620373464295187915e+00
-3.590638834108110800e-01
-1.431679645687483848e+00
-1.807933075888279451e+00
6.999409389594883901e-01
-9.517277104071715232e-01
2.242108086759833085e+00
3.737647574659902494e-01
-1.249495448352664351e+00
-1.948950660064533436e+00
2.780221234418371434e+00
8.186305962546674975e-01
2.300923684980767714e+00
2.425789769683074137e+00
3.311191147917937339e-01
1.304787950851018286e+00
2.385981205269420702e+00
-5.384524759498612312e-01
2.875536027350068524e-01
-3.614393278311031299e+00
1.150908565325869937e+00
-7.374412915085512901e-03
-3.444747904916641179e+00
-4.532635701793730765e-01
1.713183736101940191e+00
1.775263374544374440e+00
1.287285577494316824e+00
-1.269812109131063682e+00
2.082915885641532849e+00
2.023422667738113745e+00
2.417701364596207991e+00
-9.322087724078930160e-01
2.341850168432488832e+00
1.670682495934710854e+00
-2.964434413966490767e-01
1.883431113532789247e+00
1.143278996974524814e-01
1.690116699694759195e-01
-5.087310185904752036e-01
-2.026791509189898033e+00
-9.343821701764568610e-01
3.015841466140672722e+00
6.623206931781354667e-01
-1.597363129874506571e+00
-1.215180163754906451e+00
2.814547450456605482e+00
2.309379022994878738e+00
