2.704107884224284941e+00
5.655664351516856314e+00
3.065384315723068021e+00
4.166034475506526391e+00
3.686352830022149529e+00
4.135755786432891767e+00
4.236975315092903038e+00
1.342825507420790654e+00
4.032476764784229673e+00
3.911762333979863726e+00
8.162245721536476317e-01
3.498804626541099694e+00
3.070276982621932937e+00
7.245443332938593384e-02
6.217743587101607794e+00
7.197113938529801302e+00
3.040143637196055959e+00
2.023062488592860309e+00
6.792385835461400845e-01
2.867790113712347821e+00
4.989488748321960765e-01
4.147026486262457290e+00
3.805102097853053866e+00
7.008260640345868708e+00
4.220804558858370470e+00
6.963568665043814221e+00
4.275138577433997611e+00
3.706232784816697379e+00
4.512633157189606337e+00
4.347826843007793762e+00
1.493267980963364661e+00
7.235114408757524984e+00
5.025085354635760559e+00
2.296418895877943844e-01
6.980377793144307397e+00
3.631399907578174435e+00
4.074752311938544480e+00
1.115397878199292092e-01
3.194410837481650667e+00
3.105713993918945093e+00
7.272989520226407656e+00
3.146322229073591270e+00
3.685247239955334209e+00
3.957488521780320401e+00
1.295204907022538876e+00
6.699877469869394808e+00
4.072397742602270831e+00
4.371171638249636615e+00
2.687986805280200356e-02
2.634146309772228634e+00
2.422308994307881935e+00
7.028732285971941884e+00
4.186600037077016445e+00
9.873631389658572566e-01
-1.242702838110551905e-01
7.269135194074186401e+00
4.082282659492076249e+00
-4.482716770293552200e-01
1.337407342568547097e+00
1.707571082277812013e-01
-9.745945571239368610e-02
2.014096716876438986e+00
4.340392765797062680e+00
4.308943226178304720e+00
7.319656611374647071e+00
5.516140205605573499e+00
3.274827608758152486e+00
3.004857403605333044e+00
3.890657764431479926e+00
3.977418583024821430e+00
-1.980238473740775496e-01
4.093376440070909617e+00
5.092433942291575200e+00
2.018077785848463979e+00
7.350924767240472057e+00
3.160910450649431880e+00
7.458832800083935233e+00
5.568697386855721021e+00
-2.854632710928826228e-02
5.801520249440637933e+00
5.948516200783498853e+00
2.139602939049802810e+00
2.297768062897679986e+00
3.011388650877758533e+00
1.846094574219353746e+00
6.897324095554412615e+00
4.929334707246567859e+00
3.294370645404199216e+00
5.342511410565713881e+00
4.143423861741847070e+00
3.036362761615459677e-02
6.673317738929169352e+00
1.335902280684026833e+00
1.240508784081271410e+00
6.949012778544306990e+00
2.998183255629600197e+00
3.920720727296473029e+00
3.383033919557735802e-01
3.103858906917911664e+00
7.437806645101744607e+00
3.881883984771326901e+00
6.319568464970577004e+00
3.968921871374615939e+00
1.897277990005695747e+00
3.495976566661001428e+00
7.475990578699298617e+00
4.349761896771539682e+00
6.882630768056046122e+00
7.158348933012855575e+00
6.454174385262517966e+00
6.693534233281351220e+00
2.993040274963372660e+00
2.765826989173421693e-02
-2.315679262361613755e-01
4.122170073578263150e+00
3.721062418841651009e+00
2.332209426534540331e+00
3.456777432893176627e+00
4.645793082387834616e+00
4.241555526310723856e+00
5.146173645678062236e+00
2.909455038138605953e+00
7.404951593686424083e+00
3.864734819113019526e+00
6.929363872172114469e+00
1.490428948897975392e+00
4.280498308893376347e+00
2.746141476122537117e+00
3.567598400230494349e+00
1.106291909958069114e-01
1.423485616558426980e-01
4.646981522909697238e-01
2.239118046003935714e+00
1.682988251022717208e+00
4.001589192190192712e+00
5.456244933507772149e-02
1.826859335676198626e+00
4.371839348081042687e+00
5.437217895788511335e+00
6.917236488769842317e+00
3.276228491602747539e+00
1.517021435277856378e+00
3.858999901553102685e+00
4.126523056490714936e+00
2.755050380586747116e-01
5.882038768569770149e+00
4.041487825384307619e+00
-3.545266471565974853e-02
1.725697055588522044e+00
7.311976180641723388e+00
4.254539878042129963e+00
7.043061906517521287e+00
3.366979230189736327e+00
4.342123827248962620e+00
2.770988334553924570e+00
2.044062323445547058e+00
1.311251731671272847e+00
3.863456891200072629e+00
6.674192453779982159e+00
2.647691686185880133e+00
-1.325715521871139169e+00
6.885148493964851291e+00
2.269188122097623328e+00
6.321644796806528355e+00
1.295319804905811223e+00
7.075008561709700494e+00
3.160674238166666150e+00
7.344196740044213190e-01
2.316924532381485768e+00
2.994445077389648602e-01
7.388278708465374933e+00
