3.604992295960412374e+00
3.330548659872999195e+00
7.939848432841430936e-01
-2.522993434579314798e-01
2.629977397325815591e+00
1.538543982940752952e-01
8.609471341830404745e-01
-8.878490549384135955e-01
-2.698456097102286955e-01
-4.591844262620727868e-01
1.736411592421267969e+00
1.443304462832397661e+00
-3.971721642623369797e-01
8.283590244648829648e-01
2.875205248467514796e+00
3.005899941648233042e+00
2.654892419449995877e+00
-1.431504481894226577e-01
2.358827183602777655e+00
2.881875200496347933e+00
3.270874133505695891e+00
-1.826652988059514593e+00
-7.340819613190060489e-01
3.205448326610416121e+00
2.322720168712049560e+00
3.150212390039522248e+00
2.925735399020523264e+00
-6.373833574604590435e-01
6.608072354346280486e-01
1.063636621072089339e-01
-4.536761361100121737e-01
-1.203608622752998070e+00
2.663211774315677349e+00
3.261168677836148166e+00
6.721558700989290758e-01
-1.902247057381885598e-01
-4.610168786925041284e-01
1.581005637901628624e+00
2.446202391290337730e-01
2.873346747753242614e+00
1.311118228962528720e+00
-4.395272647496294149e-02
-5.581938128104497743e-01
3.406261435078884237e+00
1.638541859837441939e+00
2.924238516067927840e+00
3.104759199668758463e+00
1.271372964477807121e+00
2.052520440302341598e+00
3.061374249851683160e+00
5.538788784142169019e-01
1.227755660836101992e+00
-1.542123098045225182e+00
1.894229531532751754e+00
9.378229824564777717e-01
-1.483691881971799909e+00
6.207295270230351880e-01
2.404230669361830053e+00
2.507259853423644547e+00
2.075999027907224903e+00
-5.189764982895234136e-02
2.741984166622343455e+00
2.691892468760758828e+00
3.081886250863011600e+00
2.091256760346862364e-01
3.012084398265805429e+00
2.371787348581432475e+00
7.340112211353037042e-01
2.612359338399377950e+00
1.042217546502412384e+00
1.122669187647337141e+00
5.626658013907348543e-01
-6.450314753209506202e-01
2.235754143059341392e-01
3.609766885146896698e+00
1.519389502352650911e+00
-3.254103079090909789e-01
-1.396452431944501804e-02
3.425484539618157687e+00
2.915866222644332151e+00
